1341846647.802247 0.000000000 0.000000000 0.000000000 -0.000000000 -0.000000000 -0.000000000 1.000000000
1341846647.834093 0.001892046 -0.003349202 -0.000739906 0.000252930 0.000074177 0.001315494 0.999999106
1341846647.866652 0.009310447 -0.003513584 -0.007467135 0.001823088 0.001654111 0.003715874 0.999990106
1341846647.901972 0.009503919 -0.005241845 -0.009406725 0.001552236 0.003902030 0.003242825 0.999985933
1341846647.934224 0.011094516 -0.005916320 -0.010128031 0.000006602 0.003903770 0.003577488 0.999985993
1341846647.970225 0.015357212 -0.012079648 -0.007622683 -0.001757569 0.001675591 0.004756054 0.999985754
1341846648.002341 0.016332854 -0.012321771 -0.010173224 -0.002699809 0.001114638 0.004981715 0.999983370
1341846648.034343 0.018109608 -0.008262062 -0.012718138 -0.004189118 -0.000595678 0.004692388 0.999980032
1341846648.070164 0.015613022 -0.009449196 -0.011016879 -0.005571486 -0.003269672 0.005399240 0.999964595
1341846648.102152 0.016894270 -0.010472716 -0.010407717 -0.004887114 -0.006549559 0.005870127 0.999949396
1341846648.138185 0.011204762 -0.013941563 -0.016015261 -0.006473363 -0.006554883 0.005265174 0.999943733
1341846648.170568 0.011129396 -0.018030463 -0.019304277 -0.010541879 -0.008485199 0.003672530 0.999901712
1341846648.202106 0.010214143 -0.022282016 -0.018076953 -0.012351513 -0.012881153 0.003657853 0.999834120
1341846648.238157 0.008850526 -0.027908757 -0.020712651 -0.012698332 -0.017526321 0.004279514 0.999756634
1341846648.270152 0.007803860 -0.028684748 -0.021758894 -0.015687566 -0.022678910 0.000313081 0.999619663
1341846648.302183 0.004725821 -0.033533894 -0.023220610 -0.022166822 -0.026936742 -0.005403017 0.999376714
1341846648.338170 0.002605199 -0.033938538 -0.023797592 -0.025244288 -0.031499285 -0.009288710 0.999141812
1341846648.370216 0.002267318 -0.035280026 -0.038841274 -0.027349304 -0.038287006 -0.008894280 0.998852849
1341846648.406052 0.003919994 -0.035146877 -0.029737143 -0.028833430 -0.049127609 -0.008799834 0.998337507
1341846648.438342 0.002674309 -0.031875357 -0.044023972 -0.027640799 -0.054472752 -0.006663565 0.998110414
1341846648.470076 -0.004014946 -0.030508984 -0.043588616 -0.029016795 -0.058591872 -0.006060371 0.997841895
1341846648.506263 -0.003503542 -0.033244185 -0.049064878 -0.032851964 -0.064617902 -0.006349095 0.997348964
1341846648.538249 -0.002868266 -0.031554222 -0.054011393 -0.035120759 -0.070489205 -0.007909155 0.996862710
1341846648.570179 0.026615793 -0.035366826 -0.033388011 -0.040213566 -0.079165541 -0.006633332 0.996027946
1341846648.606081 0.032572150 -0.039001510 -0.032266963 -0.043777525 -0.084506668 -0.006678228 0.995438397
1341846648.638395 0.034151290 -0.041829713 -0.026627632 -0.043891829 -0.094592772 -0.007560451 0.994519293
1341846648.674053 0.036929145 -0.038301788 -0.024956789 -0.041256420 -0.098973215 -0.010196959 0.994182169
1341846648.706058 0.037642203 -0.046665061 -0.027494241 -0.044191822 -0.104618974 -0.007674723 0.993500412
1341846648.738116 0.047288734 -0.042512551 -0.020194776 -0.043111470 -0.117279626 -0.010097302 0.992111385
1341846648.774049 0.049932767 -0.027616400 -0.014184138 -0.036201999 -0.119674236 -0.014679640 0.992044389
1341846648.805941 0.052802499 -0.039152943 -0.013634545 -0.038203850 -0.122682355 -0.007828545 0.991679549
1341846648.838602 0.057447083 -0.038026001 -0.014511922 -0.039299686 -0.131248727 -0.004475170 0.990560114
1341846648.874088 0.066597641 -0.021977395 -0.015178422 -0.036912911 -0.136557817 -0.010062111 0.989893019
1341846648.906165 0.073884472 -0.030819206 -0.012117920 -0.041883495 -0.142880455 -0.003823654 0.988846004
1341846648.942154 0.088175744 -0.026675658 -0.015233265 -0.040811237 -0.160888419 -0.000624082 0.986128271
1341846648.974090 0.099466071 -0.027070675 -0.008906116 -0.043955110 -0.174104378 -0.000763316 0.983745396
1341846649.006157 0.121199474 -0.023048613 0.005476571 -0.046560708 -0.182343826 -0.002862180 0.982127666
1341846649.042101 0.138900220 -0.028015390 0.008666761 -0.047346842 -0.193681628 0.002937129 0.979916871
1341846649.074128 0.155133128 -0.016064337 0.003980182 -0.046743516 -0.203437671 -0.005103221 0.977958202
1341846649.106188 0.176444739 -0.002366006 0.010300834 -0.046417147 -0.207794771 -0.016751861 0.976926923
1341846649.142042 0.174723953 -0.016191876 0.020468140 -0.052544199 -0.209435672 -0.015881477 0.976280510
1341846649.174442 0.191722244 -0.003699308 0.024435975 -0.051897477 -0.218057513 -0.019490564 0.974360168
1341846649.216152 0.187772334 -0.009911197 0.033645105 -0.054418638 -0.217934787 -0.024193391 0.974144638
1341846649.248048 0.205741391 -0.008634912 0.032973826 -0.056232207 -0.220255151 -0.020958852 0.973594546
1341846649.280075 0.210672200 -0.007662756 0.022698393 -0.060797498 -0.222231284 -0.019253142 0.972906113
1341846649.316071 0.215209693 -0.007725398 0.040492043 -0.065973595 -0.224449560 -0.020991860 0.972023249
1341846649.348041 0.227661103 -0.010094946 0.054429363 -0.067667477 -0.229593754 -0.015677676 0.970804870
1341846649.383973 0.235612884 -0.008482272 0.055721048 -0.065894544 -0.235068649 -0.012462730 0.969662488
1341846649.416053 0.239152163 -0.002288996 0.050489631 -0.066290766 -0.234181195 -0.018370938 0.969756305
1341846649.448084 0.242174566 -0.008584185 0.057877585 -0.072213016 -0.231560677 -0.018576479 0.969958723
1341846649.484154 0.248933643 -0.010513329 0.066126041 -0.074639723 -0.235441133 -0.016647490 0.968875349
1341846649.516198 0.248965532 -0.008136470 0.070163734 -0.073091783 -0.236766592 -0.020217618 0.968602359
1341846649.552101 0.251455426 -0.007054022 0.070894994 -0.070826851 -0.234263241 -0.024176769 0.969288349
1341846649.616167 0.255139112 -0.027852446 0.079308376 -0.074631967 -0.238181621 -0.017415993 0.968192279
1341846649.678101 0.260051757 -0.037124641 0.083125688 -0.074712656 -0.240418032 -0.020351015 0.967575848
1341846649.710937 0.273882151 -0.036989391 0.079996891 -0.073444009 -0.248399377 -0.018189261 0.965698183
1341846649.746112 0.276994705 -0.036650442 0.089469358 -0.071338326 -0.255228341 -0.022155376 0.963990927
1341846649.778019 0.279321730 -0.039852735 0.087093219 -0.069838323 -0.259446949 -0.023240257 0.962948501
1341846649.810257 0.289569169 -0.036981381 0.074461855 -0.068331912 -0.267807215 -0.021521740 0.960805297
1341846649.846059 0.294428706 -0.033378094 0.054587863 -0.069224387 -0.275267392 -0.024780340 0.958551943
1341846649.878137 0.298082381 -0.036082093 0.071933180 -0.074632742 -0.281347662 -0.026444968 0.956333697
1341846649.914184 0.301617146 -0.038781092 0.102098331 -0.074187897 -0.289452285 -0.022576742 0.954046011
1341846649.952612 0.303382546 -0.036717188 0.094751701 -0.072381839 -0.290116161 -0.020305466 0.954034209
1341846650.014156 0.318655729 -0.043122455 0.107554853 -0.073187038 -0.295604169 -0.011972203 0.952427745
1341846650.046184 0.324550182 -0.035196628 0.110442832 -0.070435055 -0.298881352 -0.011832532 0.951613843
1341846650.078250 0.331096977 -0.032614704 0.119926833 -0.067684367 -0.298795730 -0.014108886 0.951809347
1341846650.114215 0.338148117 -0.042719387 0.122629695 -0.068638958 -0.298935711 -0.008748757 0.951761365
1341846650.146137 0.344843447 -0.044519737 0.136499092 -0.066886276 -0.302792758 -0.006918506 0.950681269
1341846650.182236 0.348372042 -0.043382362 0.141612083 -0.061914615 -0.302344352 -0.009572100 0.951137662
1341846650.214164 0.356370956 -0.050828326 0.133301586 -0.061708983 -0.300796658 -0.008651492 0.951650441
1341846650.246084 0.364199430 -0.052399356 0.133939341 -0.063605405 -0.302595794 -0.008280835 0.950958252
1341846650.282167 0.364280552 -0.052556224 0.162372500 -0.059585106 -0.302470058 -0.014225157 0.951188266
1341846650.314158 0.370707542 -0.057697404 0.147860333 -0.057065323 -0.297940373 -0.016371418 0.952736616
1341846650.350453 0.379556268 -0.066747278 0.140434578 -0.060957856 -0.298359901 -0.014815019 0.952389657
1341846650.382075 0.381546855 -0.068351239 0.150125787 -0.062481500 -0.299015194 -0.019382175 0.952003419
1341846650.414224 0.381440520 -0.066559069 0.160230801 -0.059075151 -0.295067102 -0.021122286 0.953414619
1341846650.450353 0.381727487 -0.072525017 0.150563970 -0.059486192 -0.289108127 -0.017455626 0.955286980
1341846650.484849 0.382243276 -0.068912536 0.146324694 -0.059797816 -0.286036611 -0.021320194 0.956113338
1341846650.514091 0.378886938 -0.070123211 0.157086462 -0.060311101 -0.280681252 -0.023443356 0.957617402
1341846650.550746 0.373487145 -0.071947366 0.164587155 -0.055740699 -0.273957044 -0.020622479 0.959903777
1341846650.582069 0.369234532 -0.073732562 0.153500184 -0.051766586 -0.266668022 -0.020351443 0.962182045
1341846650.618092 0.363802195 -0.073553711 0.144260556 -0.051505011 -0.260161519 -0.023251323 0.963910103
1341846650.650422 0.357622892 -0.072622597 0.138439298 -0.049869996 -0.252348244 -0.027833447 0.965949655
1341846650.682114 0.348926038 -0.074426979 0.126577735 -0.048876870 -0.244422227 -0.029137902 0.967997909
1341846650.718110 0.339054585 -0.077668592 0.123754621 -0.048849050 -0.238333240 -0.031591687 0.969439566
1341846650.750112 0.330727220 -0.072168566 0.122300595 -0.045976069 -0.230970129 -0.036098413 0.971203387
1341846650.782116 0.320319176 -0.077455193 0.124392338 -0.045967456 -0.221308485 -0.032422867 0.973580182
1341846650.818115 0.308613062 -0.083190359 0.116199918 -0.044409633 -0.216172963 -0.028760839 0.974920452
1341846650.850139 0.298538268 -0.075149670 0.105918422 -0.041518524 -0.211145937 -0.032988742 0.976015031
1341846650.886238 0.289302498 -0.068190940 0.104504943 -0.040760510 -0.199311227 -0.037800785 0.978358269
1341846650.918288 0.276359439 -0.076167867 0.105322704 -0.043185998 -0.188101411 -0.032838464 0.980650067
1341846650.950233 0.263069242 -0.076287396 0.091477752 -0.043493982 -0.179875150 -0.028688118 0.982308686
1341846650.986247 0.252395511 -0.066116050 0.092432715 -0.041130684 -0.169039220 -0.030603549 0.984275103
1341846651.050482 0.228276640 -0.072129123 0.076483905 -0.041365523 -0.150166348 -0.021837054 0.987553656
1341846651.086169 0.214815482 -0.061442189 0.072138257 -0.042421915 -0.141217291 -0.023084331 0.988799870
1341846651.118423 0.203935519 -0.070297502 0.083620936 -0.044048693 -0.131660149 -0.018872174 0.990135968
1341846651.154189 0.188627869 -0.071536668 0.072925702 -0.040032335 -0.122834176 -0.015746441 0.991494417
1341846651.186391 0.183855996 -0.074128702 0.066459559 -0.042061035 -0.118751287 -0.012837359 0.991949797
1341846651.218036 0.171243325 -0.072194129 0.067825675 -0.043505631 -0.112609513 -0.015021221 0.992572844
1341846651.254031 0.158914313 -0.074411444 0.067042552 -0.044526614 -0.106515653 -0.014039545 0.993214309
1341846651.286406 0.146516114 -0.075069681 0.065542012 -0.046466865 -0.100870050 -0.016017757 0.993684828
1341846651.318309 0.136339918 -0.077293009 0.070408389 -0.048054792 -0.096819088 -0.017792949 0.993982017
1341846651.354135 0.128331080 -0.078730725 0.072369769 -0.047895372 -0.091999590 -0.021930153 0.994364738
1341846651.386180 0.114749059 -0.084813766 0.076447047 -0.047966082 -0.084441550 -0.019735226 0.995077610
1341846651.422237 0.096264571 -0.091016382 0.074460447 -0.049429983 -0.079652898 -0.018061632 0.995432556
1341846651.492135 0.072297759 -0.091064379 0.083681934 -0.052252103 -0.071453616 -0.026228981 0.995729029
1341846651.560316 0.047008201 -0.104808353 0.102508754 -0.050694861 -0.053867765 -0.022656031 0.997003019
1341846651.622176 0.007720239 -0.115669981 0.106239267 -0.044193916 -0.039374698 -0.023769759 0.997963727
1341846651.654223 -0.014194690 -0.116949141 0.100390181 -0.040493272 -0.033761617 -0.024882110 0.998299241
1341846651.690127 -0.029357862 -0.122683816 0.111872084 -0.037149221 -0.031045048 -0.020829774 0.998610198
1341846651.722318 -0.056629088 -0.125701159 0.109307975 -0.034420028 -0.023322273 -0.019753853 0.998939991
1341846651.754212 -0.095204890 -0.127847046 0.094631933 -0.032904383 -0.014077680 -0.021164361 0.999135256
1341846651.790200 -0.110743679 -0.129579246 0.099095099 -0.035112791 -0.009191060 -0.021674896 0.999106050
1341846651.822233 -0.134430438 -0.132850781 0.108120821 -0.035056420 -0.000416325 -0.020324981 0.999178588
1341846651.858213 -0.158697277 -0.143884435 0.122063018 -0.030387269 0.007330689 -0.018635314 0.999337614
1341846651.890237 -0.197304040 -0.140104830 0.109630883 -0.020518772 0.017838502 -0.017550563 0.999476254
1341846651.922186 -0.226473033 -0.141204774 0.111875512 -0.019456955 0.026182404 -0.017060356 0.999322176
1341846651.958047 -0.254005373 -0.146014079 0.120075479 -0.018180462 0.032226942 -0.013333441 0.999226332
1341846651.990020 -0.290585786 -0.151880652 0.129651919 -0.012233043 0.043542344 -0.009654720 0.998930037
1341846652.022081 -0.326573998 -0.151172608 0.125232562 -0.006397186 0.052780423 -0.006770645 0.998562694
1341846652.058058 -0.368893355 -0.146879822 0.125866994 -0.005922339 0.058860935 -0.009138126 0.998206854
1341846652.090106 -0.400547802 -0.156655267 0.133767620 -0.010125455 0.064670011 -0.009045959 0.997814357
1341846652.126257 -0.440249473 -0.160121337 0.138154835 -0.013016306 0.074163087 -0.009577886 0.997115254
1341846652.158232 -0.478172600 -0.162062824 0.150999576 -0.015901133 0.081650168 -0.010780324 0.996475935
1341846652.190049 -0.520681143 -0.161523581 0.165986612 -0.016318917 0.089830838 -0.013315631 0.995734334
1341846652.225981 -0.564500213 -0.154587954 0.184500620 -0.013806479 0.104852214 -0.016859554 0.994249046
1341846652.258089 -0.610544443 -0.157875448 0.190438956 -0.011975165 0.117196724 -0.013531253 0.992944360
1341846652.290189 -0.635539114 -0.154870048 0.210226744 -0.007451531 0.120419502 -0.006469095 0.992674053
1341846652.326148 -0.677288473 -0.152832136 0.222400472 0.000504530 0.128722772 -0.007535839 0.991651893
1341846652.358184 -0.716733456 -0.140899569 0.227581099 0.005103621 0.137766585 -0.007728427 0.990421474
1341846652.394279 -0.727564454 -0.148959205 0.216872916 0.004116207 0.139366269 -0.005347648 0.990217924
1341846652.426287 -0.760823905 -0.141387209 0.220316350 0.007408268 0.145381704 -0.003904734 0.989340246
1341846652.458277 -0.733280897 -0.157132253 0.234834716 0.007485355 0.143487960 -0.000860402 0.989623427
1341846652.494100 -0.780300558 -0.140079618 0.232635826 0.013456638 0.153327540 -0.005102613 0.988070607
1341846652.526469 -0.797292769 -0.145269409 0.231665269 0.011370191 0.160138130 -0.004384167 0.987019420
1341846652.562089 -0.790324569 -0.157935470 0.226919279 0.010950685 0.164258629 -0.005138302 0.986343145
1341846652.594254 -0.821363926 -0.152000755 0.241412714 0.014357879 0.180872053 -0.007278676 0.983374894
1341846652.626356 -0.841024578 -0.144079268 0.251333386 0.016970314 0.194198698 -0.008650243 0.980777323
1341846652.662152 -0.829298675 -0.138307020 0.226307809 0.018509312 0.208145037 -0.013533585 0.977829158
1341846652.694113 -0.871810615 -0.127541348 0.259193033 0.017758466 0.243756250 -0.020197704 0.969463587
1341846652.726378 -0.894670486 -0.119670719 0.304214925 0.020489763 0.278588325 -0.024583118 0.959877253
1341846652.762129 -0.905988812 -0.108529337 0.335887253 0.020595042 0.308644563 -0.030436538 0.950467288
1341846652.794152 -0.952461362 -0.111855984 0.359132349 0.016572701 0.347208977 -0.032043099 0.937093675
1341846652.830250 -0.954497933 -0.109369770 0.387374401 0.018436566 0.376556963 -0.031501923 0.925674140
1341846652.862014 -0.990193844 -0.111658469 0.410871148 0.017864751 0.399503589 -0.028023230 0.916129053
1341846652.894426 -1.004710674 -0.110789828 0.440677971 0.016938811 0.420599580 -0.026342137 0.906705678
1341846652.930346 -1.013341904 -0.113590561 0.470564127 0.018986676 0.442626089 -0.024090588 0.896181524
1341846652.962213 -1.037174225 -0.101580203 0.495564401 0.019383186 0.462019533 -0.025155311 0.886300981
1341846653.030292 -1.043111444 -0.102569066 0.522272587 0.015013380 0.492844582 -0.022009905 0.869709373
1341846653.062672 -1.059538960 -0.108804487 0.555498362 0.018709036 0.510811687 -0.017891303 0.859302819
1341846653.099024 -1.067190647 -0.096228577 0.556443870 0.019218806 0.524752200 -0.019405337 0.850816786
1341846653.130475 -1.074604988 -0.098644838 0.575374007 0.015768759 0.543114960 -0.018299323 0.839310825
1341846653.162620 -1.099642634 -0.109098963 0.596228957 0.015211831 0.560636461 -0.014913168 0.827787995
1341846653.198437 -1.123724580 -0.111786231 0.627596617 0.016217908 0.575980961 -0.011807720 0.817216933
1341846653.230042 -1.129686475 -0.112855688 0.645434499 0.018106636 0.588370621 -0.008488087 0.808344066
1341846653.298380 -1.127582073 -0.083609283 0.677440643 0.022649283 0.614583433 -0.005441973 0.788507879
1341846653.330162 -1.131915808 -0.079791598 0.691436470 0.023360051 0.626468778 -0.002823847 0.779091358
1341846653.366319 -1.161993265 -0.068084925 0.722627401 0.024091769 0.639997602 0.000180214 0.767999113
1341846653.398226 -1.140749931 -0.076176167 0.721079946 0.024219496 0.647288382 0.003940536 0.761850119
1341846653.430060 -1.164055228 -0.082808070 0.759255052 0.026146255 0.658759713 0.006979714 0.751866639
1341846653.466341 -1.169669628 -0.069315992 0.775617123 0.029128876 0.665294647 0.003835225 0.746002614
1341846653.498194 -1.188421011 -0.065735720 0.793475211 0.029692734 0.671472371 0.003399148 0.740426660
1341846653.530205 -1.196885824 -0.066498622 0.822936118 0.029363135 0.676608086 0.002196884 0.735754430
1341846653.566601 -1.202047825 -0.070083231 0.831945360 0.029210178 0.678584158 -0.000002757 0.733941615
1341846653.598213 -1.214006782 -0.067010827 0.851843476 0.029691681 0.681362629 0.000531104 0.731343448
1341846653.634793 -1.220256805 -0.072887391 0.860451877 0.028151076 0.681200266 0.001721919 0.731553674
1341846653.666143 -1.223290682 -0.074344829 0.857436299 0.028285576 0.679820836 0.002144164 0.732829452
1341846653.698738 -1.237099051 -0.074867934 0.871624887 0.027066058 0.678577363 0.003865244 0.734019935
1341846653.734313 -1.229919553 -0.072989091 0.862910271 0.025154451 0.672994614 0.005020668 0.739202559
1341846653.766275 -1.228845835 -0.070235014 0.868808150 0.024609128 0.670845568 0.006518194 0.741160095
1341846653.802358 -1.246330142 -0.072743192 0.882463813 0.023865683 0.667881250 0.010116248 0.743816376
1341846653.834226 -1.250447512 -0.077434704 0.886179209 0.022784181 0.660005748 0.011441272 0.750827849
1341846653.866214 -1.245182514 -0.070985958 0.880435228 0.022718443 0.653522491 0.010888938 0.756487787
1341846653.902170 -1.265010834 -0.075670786 0.892838776 0.020622170 0.648348391 0.012906143 0.760955095
1341846653.934160 -1.263837814 -0.081423417 0.889892399 0.017760459 0.640237331 0.013297741 0.767856717
1341846653.966155 -1.267203569 -0.073888883 0.893556893 0.016427768 0.634469628 0.011908172 0.772681534
1341846654.002169 -1.272272825 -0.068596005 0.893360436 0.012999990 0.626646578 0.011766634 0.779106319
1341846654.034140 -1.266797662 -0.073458262 0.896668911 0.008422385 0.619256437 0.012661937 0.785041571
1341846654.070172 -1.262370944 -0.089565083 0.901291311 0.008644758 0.610001445 0.014677821 0.792217195
1341846654.102438 -1.238781929 -0.082244560 0.902531922 0.013926798 0.599328816 0.013793849 0.800262928
1341846654.134349 -1.238022566 -0.076805510 0.897190213 0.019024918 0.588765383 0.012935220 0.807976544
1341846654.170244 -1.233039737 -0.075067312 0.914621234 0.021324772 0.578212619 0.010841266 0.815535426
1341846654.202087 -1.230630040 -0.077737808 0.897459567 0.021477817 0.561940432 0.006263191 0.826875091
1341846654.234434 -1.225100279 -0.070585191 0.899136126 0.023362644 0.554318845 0.002698906 0.831972063
1341846654.270041 -1.244621515 -0.068427972 0.915436864 0.023117917 0.545546412 0.000327950 0.837761641
1341846654.302117 -1.216977358 -0.056934521 0.906815052 0.023822837 0.527725220 -0.003162937 0.849075139
1341846654.338026 -1.200836897 -0.051526628 0.907177866 0.022433257 0.519189894 -0.005398675 0.854347408
1341846654.369979 -1.209259152 -0.060142539 0.926870704 0.022515774 0.511779487 -0.002499783 0.858818114
1341846654.402172 -1.248503566 -0.055192389 0.970698237 0.023288803 0.501481354 -0.005188897 0.864839375
1341846654.438133 -1.183619738 -0.033463478 0.909861028 0.023436842 0.475352675 -0.008839051 0.879438758
1341846654.470186 -1.180342197 -0.040620077 0.912989736 0.019066334 0.467382908 -0.008553982 0.883808017
1341846654.502267 -1.218730211 -0.049024649 0.960616410 0.018457403 0.457948297 -0.006971966 0.888759911
1341846654.539064 -1.145132780 -0.026959822 0.879766166 0.021324059 0.423617572 -0.010171694 0.905533016
1341846654.570053 -1.127343535 -0.036662284 0.878352106 0.016799739 0.418301344 -0.011561429 0.908079326
1341846654.606030 -1.153870344 -0.045610234 0.868003905 0.014325647 0.407200634 -0.012222533 0.913144648
1341846654.637980 -1.071834326 -0.042856932 0.752688289 0.017861770 0.367583901 -0.013948088 0.929714203
1341846654.670155 -1.068177104 -0.041372783 0.742965460 0.020490151 0.360968471 -0.015639609 0.932221711
1341846654.706022 -1.048666716 -0.037902378 0.735331297 0.023163807 0.345855027 -0.015457631 0.937874615
1341846654.738497 -1.048135638 -0.045852665 0.725694895 0.026674015 0.325881362 -0.013793735 0.944933653
1341846654.774056 -1.031874061 -0.024521673 0.705804646 0.030382441 0.315244436 -0.014502566 0.948413134
1341846654.806040 -1.028982759 -0.019249804 0.707296491 0.028577782 0.305866182 -0.013736707 0.951546431
1341846654.838060 -1.034077525 -0.035891652 0.698832273 0.026521217 0.289514244 -0.013354765 0.956713021
1341846654.874136 -0.994323015 -0.021470156 0.661845982 0.026842471 0.270711035 -0.013070242 0.962197602
1341846654.906209 -0.991142273 -0.028411239 0.665744185 0.021721827 0.260681897 -0.012496327 0.965099454
1341846654.938214 -0.986818492 -0.044893615 0.667735934 0.021833410 0.243972346 -0.011367681 0.969469726
1341846654.974334 -0.976986527 -0.033476897 0.655521154 0.027631329 0.225175276 -0.010134488 0.973873675
1341846655.006124 -0.966250956 -0.021354370 0.641513407 0.028152348 0.211048886 -0.010363407 0.977015078
1341846655.042239 -0.973698616 -0.024968142 0.663597524 0.025815405 0.197404772 -0.009560359 0.979935527
1341846655.074179 -0.956412733 -0.034529340 0.628244519 0.027457133 0.169709206 -0.008344421 0.985076308
1341846655.106132 -0.956689596 -0.028221492 0.629615307 0.027279472 0.157226548 -0.012114828 0.987111390
1341846655.142070 -0.975022733 -0.012803552 0.629568636 0.028804522 0.142089680 -0.011284796 0.989370227
1341846655.174000 -0.942127705 -0.020347448 0.617924035 0.024150155 0.113160864 -0.015460884 0.993162811
1341846655.206124 -0.929080904 -0.017630512 0.602145672 0.022092955 0.100165591 -0.017140558 0.994577825
1341846655.242079 -0.916823626 -0.028754730 0.607934713 0.021106709 0.085587323 -0.018464085 0.995935977
1341846655.274211 -0.901325464 -0.033739708 0.594078481 0.023177586 0.075342983 -0.020517895 0.996677101
1341846655.310175 -0.898223579 -0.035978295 0.610027015 0.029519049 0.075362921 -0.017257603 0.996569753
1341846655.342236 -0.876765549 -0.028713735 0.600879371 0.038824234 0.066371337 -0.012444196 0.996961772
1341846655.374134 -0.858977079 -0.043241642 0.590917826 0.038172986 0.061441328 -0.013539976 0.997288585
1341846655.410207 -0.844253182 -0.028136123 0.594762444 0.043884918 0.059173934 -0.009355699 0.997238696
1341846655.442262 -0.830708325 -0.020588985 0.597148836 0.051131614 0.048810326 -0.005602394 0.997482717
1341846655.474205 -0.814666986 -0.014305391 0.564353883 0.052522268 0.034740537 -0.001725686 0.998013794
1341846655.510277 -0.795038998 -0.014026297 0.562420309 0.047918424 0.021227466 -0.001131882 0.998625040
1341846655.542135 -0.778055787 -0.014047819 0.565696597 0.043821998 0.010905669 0.000684453 0.998979628
1341846655.578132 -0.756536782 -0.005569846 0.565395474 0.043436103 0.001032030 0.003461150 0.999049723
1341846655.642348 -0.721346676 -0.000709897 0.576656163 0.038418621 -0.023368701 0.007999349 0.998956442
1341846655.678110 -0.678491712 -0.000554595 0.565489173 0.037814714 -0.042470831 0.006274440 0.998362124
1341846655.710074 -0.646923065 0.006209891 0.556248784 0.040136155 -0.058900505 0.012805936 0.997374535
1341846655.748050 -0.602811933 0.004149712 0.530878663 0.035390582 -0.077513166 0.007473556 0.996335030
1341846655.810222 -0.548461139 0.010873721 0.538496196 0.033467460 -0.105111904 0.021915028 0.993655503
1341846655.846257 -0.492062449 0.019672375 0.515781283 0.032662403 -0.124304980 0.018189384 0.991539538
1341846655.910355 -0.421151668 0.005585657 0.535758615 0.023793049 -0.156154290 0.017472696 0.987291455
1341846655.946240 -0.338818341 0.025935313 0.492510408 0.024933143 -0.179279432 0.015716599 0.983356655
1341846655.978412 -0.295657992 0.023113037 0.488466591 0.020890137 -0.192362100 0.015493932 0.980979323
1341846656.014188 -0.279780984 -0.000649624 0.499245554 0.014250882 -0.197385952 0.015885031 0.980093539
1341846656.046211 -0.255800873 -0.003017644 0.507444322 0.012182678 -0.204187989 0.019150717 0.978668571
1341846656.078165 -0.230579630 0.009705601 0.513088822 0.013965161 -0.212892026 0.025050092 0.976654708
1341846656.114220 -0.175759465 0.013060553 0.513400674 0.011957793 -0.226673529 0.023753162 0.973607719
1341846656.146158 -0.155974254 0.022151493 0.528332710 0.010952233 -0.236262143 0.027330810 0.971243203
1341846656.178154 -0.135643750 0.026921986 0.533449173 0.011690062 -0.246143475 0.028694909 0.968738019
1341846656.214132 -0.117438503 0.023813829 0.541765332 0.010619785 -0.254398942 0.028119773 0.966632128
1341846656.246093 -0.077116057 0.025520619 0.543665528 0.012274303 -0.263801545 0.024400022 0.964190185
1341846656.282181 -0.055246186 0.034871165 0.539148510 0.012838212 -0.269517928 0.027667025 0.962512255
1341846656.314258 -0.040176373 0.031142045 0.552058578 0.010363778 -0.277308822 0.027028680 0.960344672
1341846656.346094 -0.013203181 0.029676557 0.548946381 0.007610798 -0.285363197 0.023851942 0.958092451
1341846656.382222 -0.021103952 0.042973317 0.552739739 0.007471485 -0.288093448 0.027655082 0.957173705
1341846656.414253 0.000884589 0.052348357 0.550138533 0.010565528 -0.301997364 0.029826319 0.952783465
1341846656.446177 0.010188624 0.057765946 0.534797430 0.008091606 -0.309729189 0.027112639 0.950403810
1341846656.482260 0.017623462 0.063805923 0.540276766 0.004830002 -0.317489415 0.030024335 0.947774112
1341846656.519461 0.015024200 0.052285463 0.536269128 0.002944631 -0.323740304 0.028097119 0.945724189
1341846656.582247 0.023781039 0.058558241 0.519492626 -0.001517968 -0.328968167 0.026684826 0.943962753
1341846656.614195 0.023112297 0.049791865 0.515817642 -0.004488438 -0.331263453 0.024657506 0.943205416
1341846656.649995 0.020403467 0.041602053 0.513960838 -0.005860192 -0.331600904 0.024524439 0.943082750
1341846656.682076 0.000770643 0.041441988 0.516708612 -0.006327267 -0.333524436 0.027174959 0.942328513
1341846656.714216 -0.010334909 0.041927639 0.493700624 -0.007876172 -0.334061980 0.024105610 0.942209899
1341846656.749974 -0.002860181 0.058230277 0.488298476 -0.007863040 -0.336601257 0.023583604 0.941319048
1341846656.782653 -0.026168156 0.048612539 0.519110560 -0.009557906 -0.336972624 0.022605997 0.941194534
1341846656.824388 -0.030005116 0.045347769 0.512457848 -0.010655567 -0.338867843 0.022546401 0.940503478
1341846656.856226 -0.016626094 0.041149713 0.514425814 -0.014924988 -0.341716617 0.021375958 0.939441383
1341846656.892050 -0.038904078 0.022366675 0.511822879 -0.019463433 -0.335590065 0.019377610 0.941607654
1341846656.924099 -0.042858757 0.026001189 0.513038814 -0.019070214 -0.334228307 0.018922586 0.942109168
1341846656.956112 -0.012382530 0.040695958 0.501807213 -0.017889136 -0.333194137 0.018756971 0.942501903
1341846656.992122 -0.029448383 0.040551156 0.490962923 -0.019861817 -0.322749913 0.020299202 0.946058154
1341846657.024108 -0.051277548 0.053030409 0.493147761 -0.017598225 -0.316787839 0.020563176 0.948110223
1341846657.056121 -0.015418947 0.044034004 0.505601466 -0.019621812 -0.316979408 0.020767791 0.948001981
1341846657.092006 -0.019904353 0.041393407 0.507187903 -0.016436491 -0.305143267 0.021692807 0.951917529
1341846657.124027 -0.021477394 0.029852707 0.507275879 -0.011697666 -0.294041663 0.025629720 0.955377340
1341846657.155973 -0.003892448 0.033351172 0.504516125 -0.006534645 -0.285345703 0.024774589 0.958082199
1341846657.192094 -0.011306318 0.032472756 0.505775690 -0.004329460 -0.267058492 0.027036011 0.963291287
1341846657.224195 0.008739419 0.041343890 0.500307262 -0.000676951 -0.258510888 0.026983071 0.965631187
1341846657.292164 0.002084626 0.031602044 0.533129334 0.000294238 -0.239067703 0.020225720 0.970792174
1341846657.354367 0.077907763 0.047656894 0.558299899 0.001712803 -0.233875990 0.019111279 0.972077072
1341846657.386193 0.111491531 0.043504376 0.573608220 0.000361384 -0.228579253 0.018452641 0.973350346
1341846657.418105 0.133959949 0.045769557 0.586483061 0.003343890 -0.220845744 0.020507678 0.975087404
1341846657.454277 0.172399446 0.054074172 0.592547357 0.006785247 -0.215805456 0.017936302 0.976248085
1341846657.486117 0.199534670 0.057103697 0.614004910 0.008186993 -0.207508892 0.016577639 0.978058398
1341846657.522092 0.221006349 0.057118285 0.610620439 0.011537692 -0.195403144 0.016138582 0.980522335
1341846657.554062 0.251057714 0.058532089 0.615394771 0.014363120 -0.192743123 0.013603393 0.981049836
1341846657.586078 0.286650121 0.050676987 0.630776405 0.011879887 -0.183998048 0.011919960 0.982782543
1341846657.622205 0.318021476 0.053505212 0.645109653 0.013562729 -0.178961247 0.011224680 0.983698606
1341846657.654161 0.353865743 0.048638631 0.663939059 0.014479355 -0.178952292 0.009982832 0.983700573
1341846657.686517 0.365399867 0.046242058 0.658470631 0.014163840 -0.164846629 0.007127265 0.986191750
1341846657.722061 0.404816240 0.039859291 0.682268977 0.015174414 -0.160923511 0.006447857 0.986829162
1341846657.754104 0.434423923 0.036391426 0.683594882 0.014430716 -0.158077285 0.005327598 0.987306952
1341846657.790066 0.483634710 0.025749158 0.663087308 0.008400190 -0.149987444 0.002098355 0.988650024
1341846657.822089 0.474347681 0.029470677 0.714654624 0.010765261 -0.133405268 0.005136613 0.990989804
1341846657.853972 0.532720923 0.032087784 0.746277094 0.014012287 -0.135381863 0.012401991 0.990616798
1341846657.889993 0.589819074 0.030792749 0.763819635 0.011217598 -0.131498352 0.012507744 0.991173983
1341846657.922046 0.511848509 0.018670047 0.751102507 0.010986260 -0.103313908 0.011225467 0.994524777
1341846657.954192 0.528174520 0.038313262 0.764050245 0.014141420 -0.098116189 0.015110284 0.994959772
1341846657.990141 0.538923204 0.028064858 0.768773377 0.008763670 -0.088881522 0.013737254 0.995908916
1341846658.022419 0.491000891 0.013838056 0.766121745 0.009622728 -0.072317593 0.013341142 0.997246027
1341846658.090215 0.483573377 0.014410574 0.766583323 0.009903803 -0.055518560 0.013497286 0.998317301
1341846658.122355 0.494513750 0.027803278 0.777119756 0.011124788 -0.051164225 0.012894055 0.998545051
1341846658.158136 0.472720027 0.027206920 0.730343401 0.010551358 -0.040262036 0.009810491 0.999085307
1341846658.190098 0.470778614 0.047107548 0.733567715 0.012309824 -0.032644924 0.008743302 0.999352992
1341846658.226027 0.483591884 0.021960534 0.739297569 0.009602537 -0.030273231 0.007925987 0.999464095
1341846658.258133 0.469195992 0.036326528 0.730237424 0.013913537 -0.025304779 0.005939259 0.999565303
1341846658.290020 0.473441482 0.023823760 0.786586165 0.009511439 -0.026238533 0.005765198 0.999593854
1341846658.326239 0.460277438 0.027243581 0.739298820 0.011787186 -0.016401725 -0.000600591 0.999795854
1341846658.358248 0.444455087 0.042637035 0.778012335 0.010500657 -0.017799804 -0.001509089 0.999785304
1341846658.390215 0.466185957 0.050828330 0.782532156 0.006155786 -0.021637129 -0.005575148 0.999731421
1341846658.426300 0.453992158 0.024093632 0.788338304 -0.000334590 -0.016089261 -0.006103074 0.999851882
1341846658.458168 0.417320818 -0.002363052 0.779547095 -0.003432711 -0.012968508 -0.004721143 0.999898911
1341846658.494176 0.449685723 0.046844751 0.782579958 -0.000261099 -0.023926893 0.002310138 0.999711037
1341846658.526214 0.460995108 0.050042871 0.781067789 -0.009959717 -0.027046777 0.000903928 0.999584138
1341846658.558129 0.451241434 0.070528910 0.784146726 -0.018200025 -0.028721170 0.004934542 0.999409556
1341846658.594206 0.431509882 0.050624035 0.783028245 -0.045974337 -0.030148083 -0.000155450 0.998487592
1341846658.626105 0.412053674 0.063248955 0.767577529 -0.059231166 -0.031849224 -0.006125770 0.997717321
1341846658.658181 0.441558868 0.053333536 0.780273855 -0.067871422 -0.042418715 -0.003570828 0.996785522
1341846658.694141 0.404351205 0.119314611 0.762557924 -0.068696313 -0.035846956 -0.001650461 0.996992052
1341846658.726153 0.397749066 0.088633858 0.763435841 -0.087652288 -0.037246160 -0.007398185 0.995427132
1341846658.762100 0.411150932 0.026537348 0.782031953 -0.102964222 -0.047961287 -0.005442126 0.993513227
1341846658.794185 0.447255969 0.064606018 0.767714798 -0.100094453 -0.053767532 0.000215676 0.993524134
1341846658.826155 0.449361682 0.095121965 0.765314937 -0.104851581 -0.051546603 -0.000405707 0.993151069
1341846658.862197 0.425240368 0.020285677 0.771147132 -0.125680730 -0.051048275 -0.003192686 0.990751386
1341846658.894170 0.473636776 0.056984544 0.761680663 -0.120192647 -0.058080032 -0.002110264 0.991047919
1341846658.962404 0.463371903 0.013219204 0.763988316 -0.145024478 -0.051684767 -0.001251623 0.988076448
1341846658.994217 0.470196396 0.027796285 0.771852374 -0.142755002 -0.055261977 -0.001479718 0.988213062
1341846659.030070 0.455464870 0.023280872 0.770938575 -0.141647622 -0.050885033 -0.002494163 0.988605320
1341846659.062007 0.450031608 0.024665736 0.759907603 -0.136258766 -0.050892197 -0.002409720 0.989362299
1341846659.094100 0.463818461 0.029331665 0.764290512 -0.134356275 -0.054579765 -0.003196748 0.989423692
1341846659.130368 0.474085659 0.035573557 0.766903520 -0.134423077 -0.053018644 -0.005943079 0.989486814
1341846659.162537 0.440843642 -0.002342421 0.768149972 -0.138464004 -0.046505995 -0.004313602 0.989265561
1341846659.198696 0.451164186 0.031242222 0.761380672 -0.129248470 -0.049774770 -0.005428187 0.990347326
1341846659.231286 0.479772538 0.035436425 0.764716983 -0.129812598 -0.049900454 -0.005808013 0.990265071
1341846659.263549 0.460199356 0.009152126 0.762026966 -0.135182619 -0.045035277 -0.002132245 0.989794433
1341846659.298797 0.446683198 0.018657774 0.764682770 -0.133876994 -0.044423997 -0.003000703 0.989997208
1341846659.331074 0.462324083 0.027159082 0.760174751 -0.133442566 -0.044840962 -0.003312907 0.990036070
1341846659.362420 0.468902349 0.021526935 0.766636193 -0.134813607 -0.043955468 -0.000467072 0.989895463
1341846659.398303 0.465807617 0.020997763 0.767736554 -0.132452175 -0.044363681 0.000860589 0.990195692
1341846659.430262 0.470998436 0.022047188 0.764974117 -0.132238597 -0.045379363 0.000740984 0.990178406
1341846659.466583 0.465806007 0.026906457 0.764716387 -0.132456973 -0.041121069 0.000686409 0.990335166
1341846659.498531 0.446396559 0.006287713 0.767784297 -0.134455636 -0.038753726 0.002004201 0.990159512
1341846659.530267 0.457962692 0.022834171 0.762363017 -0.129117802 -0.042018808 0.001644287 0.990737319
1341846659.566571 0.475787997 0.025194596 0.764071465 -0.127967432 -0.042412184 0.000332866 0.990871072
1341846659.598122 0.456482470 0.014056659 0.765377462 -0.128076941 -0.037145425 0.001714760 0.991066933
1341846659.630209 0.444877267 0.032033890 0.763654888 -0.121960014 -0.037888899 0.002917665 0.991807342
1341846659.666409 0.455069214 0.040765729 0.756562948 -0.120822765 -0.039249819 0.000415960 0.991897762
1341846659.698237 0.445124567 0.001679836 0.753994703 -0.128868610 -0.037067432 0.000519697 0.990968525
1341846659.734169 0.433699310 0.012115058 0.752680242 -0.126295045 -0.041147221 0.000249715 0.991138995
1341846659.766421 0.459294468 0.014899850 0.759627402 -0.125628099 -0.048136007 -0.004047371 0.990900695
1341846659.798087 0.454800487 0.003951109 0.756585956 -0.127376661 -0.046821978 -0.003435038 0.990742743
1341846659.834075 0.450019658 -0.010900774 0.758843124 -0.128614381 -0.050058633 -0.002936382 0.990426123
1341846659.866481 0.459358007 0.011438451 0.755793393 -0.123795748 -0.055389971 -0.003189622 0.990755498
1341846659.898128 0.434056520 0.002802501 0.756914020 -0.124860212 -0.051799916 -0.002924696 0.990816891
1341846659.934286 0.433237672 0.010842304 0.754754066 -0.120220684 -0.054517828 -0.000765943 0.991248846
1341846659.966354 0.457071513 -0.003113117 0.761734128 -0.121050119 -0.063163519 -0.000499821 0.990634739
1341846660.002267 0.456150800 0.014124439 0.756957233 -0.116355591 -0.064030610 -0.002636172 0.991137981
1341846660.034581 0.428381532 0.000711844 0.752532959 -0.116698571 -0.059644528 -0.003543194 0.991368473
1341846660.066206 0.423795789 0.008185379 0.745875478 -0.110783704 -0.064055584 -0.002841379 0.991774082
1341846660.102245 0.438015401 0.021572448 0.753121257 -0.104693308 -0.069672018 -0.005044351 0.992048264
1341846660.140244 0.426631689 0.012203802 0.746497452 -0.105625696 -0.066572390 -0.005974061 0.992157042
1341846660.202316 0.432852477 0.011745414 0.748652875 -0.100930750 -0.075152270 -0.005440499 0.992036104
1341846660.234105 0.421334028 0.011415247 0.747869611 -0.097543165 -0.072057880 -0.006626049 0.992597222
1341846660.270168 0.399037689 -0.017985094 0.741558194 -0.095706671 -0.067652009 -0.006969382 0.993083537
1341846660.302258 0.395733356 -0.024927424 0.748215318 -0.083004646 -0.072308153 -0.006240803 0.993902862
1341846660.334349 0.400489897 -0.002336636 0.742728293 -0.066924758 -0.073269844 -0.007325029 0.995037198
1341846660.370214 0.387918055 -0.014733545 0.736417294 -0.065667078 -0.069739833 -0.008710696 0.995363414
1341846660.401986 0.392998308 -0.016874220 0.735100210 -0.066403285 -0.073357143 -0.008792360 0.995053828
1341846660.438062 0.400600940 -0.012462497 0.742025733 -0.064551495 -0.075556755 -0.011312178 0.994985640
1341846660.470191 0.399091512 -0.010893361 0.736118197 -0.059864230 -0.075567685 -0.009767563 0.995294094
1341846660.502233 0.394185096 0.005848786 0.730192125 -0.055044178 -0.077047385 -0.009706950 0.995459557
1341846660.537985 0.398503393 0.002818973 0.729707778 -0.056022126 -0.077993765 -0.008718164 0.995340407
1341846660.570279 0.399655372 -0.004617250 0.734755039 -0.055939510 -0.077253595 -0.006878679 0.995417178
1341846660.602130 0.396882862 -0.012717385 0.731081843 -0.053170472 -0.079332359 -0.002738593 0.995425463
1341846660.638256 0.411157966 0.008327938 0.729103625 -0.049239445 -0.083068475 -0.001988010 0.995324671
1341846660.670338 0.415830970 0.008171965 0.728864431 -0.049539257 -0.079974055 -0.003163649 0.995560169
1341846660.706457 0.402665734 -0.014147871 0.737123191 -0.048239231 -0.077389300 0.001852491 0.995831609
1341846660.738241 0.409712851 0.010763201 0.734425843 -0.037669230 -0.079951309 0.003273286 0.996081412
1341846660.770121 0.438128233 0.015238074 0.735159814 -0.035009276 -0.080483824 0.004350602 0.996131420
1341846660.806117 0.405013353 -0.024006328 0.736269236 -0.036819071 -0.069853164 0.004145235 0.996869028
1341846660.838338 0.406619757 -0.030055357 0.734671354 -0.028096000 -0.071213894 0.008203390 0.997031569
1341846660.870203 0.415517181 -0.026179336 0.733281970 -0.019450737 -0.071043827 0.008390287 0.997248292
1341846660.906366 0.402324766 -0.047831517 0.735258460 -0.018585267 -0.062263280 0.009666018 0.997839928
1341846660.938063 0.393368840 -0.073809393 0.736894786 -0.012312489 -0.060134552 0.012445698 0.998036742
1341846660.974147 0.397270471 -0.053815916 0.730663598 0.003052633 -0.060918517 0.012974879 0.998053789
1341846661.006234 0.400898755 -0.051248733 0.730401218 0.006486093 -0.057240613 0.011565695 0.998272359
1341846661.038225 0.382301539 -0.066485278 0.729160011 0.007740758 -0.053778119 0.013813552 0.998427391
1341846661.074059 0.405134171 -0.078128316 0.732024848 0.019566383 -0.060042962 0.016662555 0.997864902
1341846661.106184 0.401957244 -0.047689687 0.729960322 0.031587221 -0.057540108 0.014387953 0.997739613
1341846661.138209 0.394335419 -0.036663327 0.723070383 0.031249471 -0.055321589 0.013716104 0.997885227
1341846661.174244 0.399297357 -0.053607471 0.732309043 0.029696928 -0.055953134 0.013137667 0.997905195
1341846661.206205 0.393684566 -0.054103240 0.731220961 0.033346307 -0.054331865 0.013658090 0.997872531
1341846661.242184 0.397101939 -0.042059992 0.730507016 0.036062025 -0.055004220 0.014228592 0.997733295
1341846661.274177 0.397510976 -0.036132328 0.728389025 0.035349883 -0.054123361 0.012936057 0.997824490
1341846661.308814 0.387080282 -0.039915994 0.724520087 0.033644829 -0.052841563 0.012269285 0.997960567
1341846661.342489 0.391497552 -0.034011196 0.723857284 0.034045566 -0.054421958 0.012122340 0.997863829
1341846661.374640 0.392194837 -0.036096718 0.726975322 0.032819774 -0.054283876 0.011198807 0.997923255
1341846661.410178 0.390278995 -0.051418718 0.730250239 0.034992862 -0.056492157 0.013084713 0.997703850
1341846661.442211 0.405404627 -0.032085259 0.732545316 0.041355439 -0.060453989 0.013725521 0.997219503
1341846661.474354 0.397946447 -0.021486156 0.735173166 0.041621234 -0.057708342 0.012129069 0.997391760
1341846661.510169 0.385047883 -0.030272394 0.719566107 0.038537361 -0.057479184 0.011982786 0.997530699
1341846661.542767 0.403286129 -0.008764621 0.726336479 0.036109164 -0.061597906 0.008131256 0.997414589
1341846661.574217 0.389221847 -0.030569403 0.732937515 0.030836722 -0.058347460 0.006810809 0.997796774
1341846661.610041 0.377100289 -0.042287134 0.728483319 0.032187909 -0.059791792 0.008698751 0.997653902
1341846661.642253 0.449020028 -0.019305104 0.735712111 0.034248870 -0.072789393 0.010955032 0.996698916
1341846661.678078 0.410397589 -0.033198901 0.727993369 0.030872287 -0.066911064 0.008198142 0.997247577
1341846661.710142 0.378426254 -0.049242739 0.713472486 0.032679271 -0.064359397 0.006896830 0.997367740
1341846661.742341 0.375313371 -0.014267446 0.703648150 0.048355144 -0.063986525 0.004239710 0.996769547
1341846661.778063 0.323410809 -0.031679399 0.693109989 0.054312266 -0.054192968 0.002158745 0.997049987
1341846661.810103 0.260856718 -0.041423455 0.694967031 0.060685657 -0.042605076 -0.000470539 0.997247159
1341846661.842216 0.195442900 -0.052951414 0.699533761 0.066867009 -0.031160809 -0.001030590 0.997274637
1341846661.878157 0.164829299 -0.061647285 0.678108513 0.070747480 -0.024783552 -0.006066334 0.997167885
1341846661.910222 0.105753280 -0.063304901 0.689779699 0.071048565 -0.012047446 -0.009704567 0.997352898
1341846661.946090 0.050492845 -0.061558798 0.695597589 0.074363083 -0.002462714 -0.010222143 0.997175813
1341846662.010311 -0.052877337 -0.059392367 0.716994464 0.089052632 0.016192829 -0.016494567 0.995758712
1341846662.046195 -0.103148721 -0.060885277 0.718422174 0.097950168 0.022249758 -0.013937419 0.994844913
1341846662.078099 -0.150326490 -0.057439767 0.716081560 0.104770042 0.029174391 -0.016102111 0.993938029
1341846662.110672 -0.200334683 -0.060744237 0.721206546 0.110281363 0.038628526 -0.014803203 0.993039131
1341846662.146166 -0.250268549 -0.054542802 0.724684954 0.119777672 0.045178894 -0.011149293 0.991709590
1341846662.178168 -0.288139313 -0.055974059 0.729527771 0.127006531 0.050487816 -0.009220919 0.990573227
1341846662.214136 -0.318907738 -0.053950399 0.741637886 0.139043629 0.056880094 -0.006541442 0.988629758
1341846662.246167 -0.352830470 -0.054064628 0.744180977 0.151874736 0.061093569 -0.002624713 0.986506343
1341846662.278007 -0.393675059 -0.056229737 0.749671400 0.157307550 0.066743679 -0.000988484 0.985291123
1341846662.314144 -0.435764104 -0.061448358 0.755767584 0.162158713 0.076138310 -0.001393059 0.983821929
1341846662.346164 -0.475266188 -0.068152413 0.763795257 0.166409522 0.080981940 0.000854400 0.982725322
1341846662.378069 -0.507565796 -0.080163069 0.764499962 0.170066983 0.085439354 0.002059567 0.981719434
1341846662.414229 -0.542159677 -0.086175904 0.773331523 0.177051380 0.092703126 0.004687259 0.979814768
1341846662.446102 -0.571775854 -0.093369469 0.778609693 0.182937160 0.096212164 0.006632965 0.978382945
1341846662.482229 -0.606436074 -0.103489168 0.788751483 0.189632997 0.100764252 0.006257611 0.976650774
1341846662.514117 -0.633900285 -0.103492990 0.791583776 0.199275360 0.106239013 0.008227502 0.974132895
1341846662.546261 -0.502757370 -0.072645694 0.774655461 0.211721331 0.085525356 0.003745526 0.973573565
1341846662.582101 -0.426241100 -0.064336754 0.752453566 0.215933010 0.074636973 -0.000596649 0.973551214
1341846662.620264 -0.421611518 -0.050163709 0.767303228 0.222256601 0.075493813 0.000834428 0.972060680
1341846662.682024 -0.444416314 -0.054128584 0.763474464 0.230340764 0.077345334 0.000727530 0.970031142
1341846662.714075 -0.382791668 -0.027155599 0.766763628 0.236791745 0.069552131 -0.002077548 0.969065428
1341846662.750127 -0.446868658 -0.055269267 0.769590497 0.236236140 0.077479392 0.002335930 0.968598962
1341846662.782002 -0.481128752 -0.058047555 0.771674871 0.239696071 0.082280822 0.003921276 0.967347026
1341846662.814097 -0.483681262 -0.079349518 0.762327790 0.232918084 0.082460262 0.003951284 0.968986034
1341846662.850193 -0.490108788 -0.076354064 0.771184742 0.234485194 0.082525127 0.004153505 0.968601644
1341846662.882162 -0.464645207 -0.086914688 0.754400849 0.235029235 0.077802047 0.002872482 0.968865275
1341846662.918191 -0.447031498 -0.079277389 0.753533721 0.235120118 0.073991992 0.001750599 0.969144285
1341846662.956034 -0.446655452 -0.052225672 0.767935276 0.240050837 0.073738717 0.001570193 0.967954457
1341846663.018208 -0.445224226 -0.052679043 0.767384410 0.245423198 0.070080243 0.002198410 0.966877162
1341846663.049994 -0.448578954 -0.053427365 0.764243364 0.244216368 0.069869325 0.001085001 0.967199862
1341846663.118078 -0.445636362 -0.056345750 0.765345931 0.246132895 0.069861904 -0.000172474 0.966715097
1341846663.150227 -0.442680299 -0.055092014 0.765424132 0.247226730 0.070000820 -0.001851763 0.966424108
1341846663.186300 -0.445812434 -0.050802376 0.765386641 0.247501075 0.071306437 -0.002021916 0.966257989
1341846663.218442 -0.448825151 -0.063387901 0.759157181 0.241170302 0.071281694 -0.001965662 0.967859507
1341846663.250380 -0.444659978 -0.066085786 0.755694091 0.234303474 0.071296506 -0.002193891 0.969543159
1341846663.286056 -0.446309566 -0.061197914 0.756440043 0.230078429 0.071593665 -0.000792334 0.970534801
1341846663.318060 -0.441001654 -0.058999993 0.751422405 0.220861122 0.069278546 0.000417685 0.972841620
1341846663.350114 -0.445044845 -0.060265318 0.749661446 0.209229156 0.068891503 0.001463454 0.975435853
1341846663.385985 -0.438252151 -0.055933520 0.753636837 0.201056838 0.068401121 0.000344080 0.977188528
1341846663.418056 -0.440582216 -0.058718089 0.752746165 0.195659250 0.065936498 0.002200744 0.978450358
1341846663.454044 -0.446934044 -0.058443781 0.754373789 0.188216180 0.065351337 0.004623371 0.979940116
1341846663.486091 -0.435820609 -0.058190830 0.755199552 0.181091994 0.063367210 0.004953601 0.981410086
1341846663.518394 -0.434025228 -0.050305694 0.743883371 0.172589034 0.061171919 0.006850915 0.983068705
1341846663.554251 -0.435426772 -0.050394937 0.743340969 0.166221887 0.061283443 0.006530754 0.984160602
1341846663.586143 -0.432515830 -0.051374029 0.738024116 0.158006504 0.060402349 0.008500692 0.985552311
1341846663.622145 -0.384522855 -0.044169813 0.736810565 0.151453793 0.051251475 0.007131565 0.987109005
1341846663.654099 -0.377547234 -0.041826680 0.732689381 0.145179361 0.049386919 0.006490920 0.988150656
1341846663.686099 -0.382453293 -0.050647102 0.726534367 0.134079546 0.049776733 0.007408671 0.989691913
1341846663.722109 -0.383523375 -0.053734783 0.732723951 0.125099570 0.049855325 0.007574026 0.990861833
1341846663.755694 -0.378537625 -0.056706913 0.724943578 0.119413510 0.050156012 0.008032890 0.991544366
1341846663.786304 -0.373222858 -0.064120956 0.720448673 0.105650194 0.051222838 0.007943686 0.993051469
1341846663.822090 -0.380441576 -0.056525934 0.720241845 0.086580716 0.052920554 0.008264171 0.994803965
1341846663.854115 -0.380765736 -0.034735061 0.731971681 0.083396062 0.053598091 0.008148894 0.995040655
1341846663.890140 -0.375167102 -0.031904358 0.711768270 0.075036436 0.054125670 0.008354473 0.995675743
1341846663.921987 -0.379589826 -0.044847474 0.713903427 0.048957631 0.056520827 0.007610405 0.997171342
1341846663.954282 -0.380856812 -0.054626971 0.719068587 0.033949252 0.057698887 0.006201030 0.997737348
1341846663.990370 -0.363455921 -0.036701180 0.713739157 0.027114531 0.057826180 0.007450540 0.997930586
1341846664.022124 -0.376835793 -0.027162995 0.716308892 0.013857329 0.062221203 0.007224637 0.997940063
1341846664.054171 -0.375436544 -0.034320075 0.718151927 -0.003198101 0.062807746 0.005772707 0.998003900
1341846664.090250 -0.387794435 -0.045239825 0.719229996 -0.015774745 0.066767991 0.004933661 0.997631669
1341846664.122237 -0.405788034 -0.045844670 0.721194983 -0.021088669 0.070736922 0.004836551 0.997260392
1341846664.158241 -0.407008320 -0.026946099 0.710675180 -0.024609394 0.070479415 0.003597208 0.997203171
1341846664.190141 -0.401687741 -0.021691486 0.714548290 -0.034142509 0.070150383 0.001173436 0.996951342
1341846664.222189 -0.411104292 -0.043250091 0.714308858 -0.045528479 0.072659649 0.003782186 0.996309936
1341846664.258172 -0.409911692 -0.046994396 0.715251386 -0.051017325 0.071805239 0.004317634 0.996103764
1341846664.290022 -0.397852331 -0.025578650 0.711818993 -0.054686930 0.072062492 0.001685948 0.995898426
1341846664.322491 -0.402652860 -0.027519040 0.713043571 -0.065681227 0.074561626 0.002895131 0.995046794
1341846664.358302 -0.404439718 -0.042754874 0.713040709 -0.076632529 0.074435256 0.005127061 0.994263887
1341846664.390101 -0.399797589 -0.026418295 0.709914923 -0.081633151 0.073683508 0.002864490 0.993930876
1341846664.426143 -0.392444730 -0.031133268 0.719626844 -0.090829484 0.072325252 0.008041603 0.993204176
1341846664.458304 -0.396824956 -0.029523749 0.722582698 -0.100011483 0.073691688 0.007711170 0.992223680
1341846664.490116 -0.388820380 -0.027497943 0.718278885 -0.109107532 0.073824756 0.007084977 0.991259456
1341846664.526173 -0.394697398 -0.019649712 0.718021572 -0.115654871 0.075591773 0.008627881 0.990371346
1341846664.558129 -0.394021720 -0.020669203 0.717431545 -0.124134697 0.074890874 0.009979679 0.989384890
1341846664.590129 -0.385419011 -0.032161973 0.717143714 -0.133845344 0.075737976 0.009473313 0.988058448
1341846664.626196 -0.388570219 -0.063864231 0.724148095 -0.142724782 0.078194410 0.009758223 0.986620545
1341846664.658276 -0.392016351 -0.072329387 0.725753486 -0.140865564 0.077703565 0.010181021 0.986922264
1341846664.694136 -0.382178307 -0.066781595 0.713034451 -0.139533758 0.077166758 0.008241384 0.987171650
1341846664.726667 -0.381195426 -0.060093947 0.714803278 -0.141920730 0.080226466 0.008152058 0.986588001
1341846664.758141 -0.390498221 -0.061776653 0.720745623 -0.143376380 0.081138998 0.009924378 0.986286581
1341846664.794104 -0.383219987 -0.059119686 0.717507720 -0.144219756 0.078624561 0.008971833 0.986376405
1341846664.826123 -0.385553956 -0.057250820 0.715550601 -0.145931631 0.080291361 0.010833994 0.985971570
1341846664.862093 -0.388498247 -0.060738225 0.717168033 -0.147710085 0.079521596 0.012184785 0.985753298
1341846664.894198 -0.383669972 -0.065572456 0.716426969 -0.149429426 0.078623690 0.012257121 0.985565305
1341846664.926270 -0.381270647 -0.057813503 0.714003563 -0.149610236 0.081146628 0.012215473 0.985333920
1341846664.962375 -0.384270310 -0.061173361 0.714083433 -0.152238607 0.081553511 0.013033425 0.984887123
1341846664.997077 -0.383780777 -0.054997619 0.710402310 -0.153614432 0.081475437 0.011596088 0.984697938
1341846665.026380 -0.384676456 -0.050772332 0.712244809 -0.155796483 0.082908601 0.010426059 0.984248459
1341846665.062417 -0.387352228 -0.056993444 0.712326407 -0.158186525 0.083272800 0.013051775 0.983805060
1341846665.094077 -0.376697540 -0.043200001 0.703332484 -0.158223689 0.080917232 0.012471679 0.984003127
1341846665.130160 -0.375467479 -0.046006504 0.702864945 -0.164203659 0.083902285 0.013337716 0.982761264
1341846665.162114 -0.386784762 -0.050784498 0.707886934 -0.168722734 0.084691919 0.015619869 0.981894135
1341846665.194100 -0.384669006 -0.045651622 0.705094397 -0.170075938 0.083225176 0.015258390 0.981791735
1341846665.230221 -0.363784313 -0.035646953 0.689056456 -0.173891246 0.081936218 0.016240442 0.981215894
1341846665.262005 -0.379575312 -0.026990756 0.693120420 -0.182141498 0.085505977 0.015891701 0.979418576
1341846665.300077 -0.373185515 -0.032411128 0.694280863 -0.191422701 0.083972886 0.016412359 0.977771223
1341846665.362294 -0.389225841 -0.050088141 0.701782405 -0.204819068 0.091183461 0.015418746 0.974421382
1341846665.398079 -0.383333087 -0.023135014 0.688320458 -0.202804580 0.087131023 0.017260041 0.975182354
1341846665.430162 -0.365846634 -0.015854921 0.681520104 -0.211328506 0.085903324 0.011401989 0.973566115
1341846665.462226 -0.354537755 -0.008083478 0.681990802 -0.220399946 0.087555975 0.012093139 0.971396744
1341846665.498226 -0.364997983 -0.004963338 0.689384222 -0.225277960 0.086733676 0.013262962 0.970335722
1341846665.530109 -0.397753626 -0.034267902 0.691614926 -0.231488869 0.092576094 0.015251917 0.968302667
1341846665.562222 -0.392217368 -0.041853167 0.688263059 -0.233762220 0.093285084 0.017281279 0.967654109
1341846665.598196 -0.382822275 -0.035694804 0.684830785 -0.234141454 0.090063691 0.017776098 0.967858613
1341846665.630107 -0.378635049 -0.000767108 0.672274947 -0.230831102 0.089904323 0.015915092 0.968700647
1341846665.666289 -0.384795189 -0.015263885 0.674334884 -0.237854362 0.093469016 0.016651329 0.966649771
1341846665.698060 -0.401483178 -0.031675458 0.680450678 -0.244234666 0.095133856 0.017092356 0.964887023
1341846665.730361 -0.392404914 -0.024229378 0.676938415 -0.245514289 0.092743941 0.016264165 0.964809179
1341846665.766193 -0.390266359 -0.017811976 0.671396971 -0.248506024 0.094505213 0.016604826 0.963866115
1341846665.798338 -0.389274210 -0.017030403 0.672081530 -0.252189457 0.095070139 0.017691109 0.962833941
1341846665.834237 -0.389941961 -0.007554002 0.663369656 -0.254000455 0.095322765 0.016919037 0.962346673
1341846665.866106 -0.364649355 -0.015068047 0.659853935 -0.261781543 0.093455084 0.015767412 0.960462451
1341846665.898073 -0.363475949 -0.010724351 0.664469481 -0.268786013 0.095921800 0.016926633 0.958262265
1341846665.934076 -0.388239175 -0.036673047 0.662839532 -0.278248012 0.099039637 0.018683486 0.955206871
1341846665.966137 -0.400004834 -0.048530057 0.666573882 -0.284965515 0.101428539 0.019477507 0.952957332
1341846665.998149 -0.392636091 -0.042715959 0.662885904 -0.288001627 0.103463881 0.020420894 0.951805353
1341846666.034210 -0.388804495 -0.042332649 0.662069917 -0.288110703 0.101812907 0.022590546 0.951901317
1341846666.072502 -0.391578674 -0.037915356 0.656169057 -0.288010150 0.101562053 0.022517193 0.951960266
1341846666.134147 -0.382953823 -0.044943325 0.655089915 -0.297790051 0.102680027 0.023657650 0.948798358
1341846666.166356 -0.390063137 -0.041975893 0.652599037 -0.298532784 0.102495268 0.023205854 0.948596120
1341846666.202327 -0.396833122 -0.047211938 0.652866662 -0.301856726 0.105983920 0.022767974 0.947170258
1341846666.234319 -0.386904597 -0.041962907 0.651780605 -0.303751677 0.102585219 0.023862455 0.946911752
1341846666.266322 -0.389450997 -0.048925810 0.652061164 -0.309661090 0.100645900 0.025278527 0.945167422
1341846666.302195 -0.377743423 -0.048196465 0.644771874 -0.320623010 0.099717259 0.024823951 0.941616237
1341846666.335080 -0.375651628 -0.042060710 0.640154719 -0.330409318 0.099574439 0.024797328 0.938242912
1341846666.370216 -0.393487126 -0.056652173 0.655924439 -0.340639770 0.099369973 0.028251866 0.934500933
1341846666.402019 -0.384477258 -0.049605951 0.648600399 -0.345034689 0.098177411 0.029928595 0.932961166
1341846666.434088 -0.386361122 -0.057746679 0.656771243 -0.352712691 0.100071467 0.033343572 0.929767609
1341846666.470060 -0.413591146 -0.028830305 0.645354211 -0.347733259 0.101922691 0.035643388 0.931355417
1341846666.502190 -0.397523016 -0.024304688 0.636215091 -0.351684064 0.099419974 0.038650945 0.930021584
1341846666.534121 -0.394480973 -0.047015607 0.645147979 -0.367599934 0.101694621 0.038754061 0.923594415
1341846666.570131 -0.393866777 -0.054871619 0.649266541 -0.376727253 0.101154558 0.041301601 0.919857919
1341846666.602180 -0.416374594 -0.011962757 0.627846479 -0.374065459 0.103856578 0.043598168 0.920536816
1341846666.638072 -0.420248479 -0.028965443 0.631292999 -0.383567363 0.106053330 0.043532487 0.916369855
1341846666.670134 -0.409036309 -0.050295606 0.648120880 -0.392015398 0.102322951 0.046169356 0.913083971
1341846666.738266 -0.417246491 -0.039828181 0.641017497 -0.393958062 0.101358734 0.047270086 0.912298799
1341846666.770390 -0.421659350 -0.046790674 0.643365324 -0.397344857 0.100322604 0.049458772 0.910827279
1341846666.802119 -0.419652939 -0.041798398 0.641639590 -0.397717685 0.096710317 0.052596536 0.910879552
1341846666.838108 -0.417177260 -0.031942055 0.633476019 -0.397120684 0.095109910 0.054224506 0.911212981
1341846666.870483 -0.420152396 -0.030940324 0.630530715 -0.399689287 0.095297277 0.055193968 0.910011351
1341846666.906019 -0.425899476 -0.041781306 0.632112563 -0.404339135 0.095320977 0.056307569 0.907883942
1341846666.937989 -0.420383900 -0.045144945 0.629823565 -0.408651501 0.092112564 0.056519873 0.906269729
1341846666.970036 -0.417745948 -0.033494607 0.620653212 -0.409438401 0.091026530 0.054069411 0.906173766
1341846667.006200 -0.429395229 -0.046467349 0.627529502 -0.414684474 0.092867322 0.053251728 0.903646350
1341846667.038153 -0.420201689 -0.060386524 0.621999741 -0.419322699 0.087072372 0.053327151 0.902077138
1341846667.074153 -0.388313919 -0.015780732 0.598131061 -0.417647898 0.079131000 0.052093219 0.903656363
1341846667.106156 -0.433124363 -0.049001038 0.612787902 -0.429647982 0.089018829 0.049562987 0.897230089
1341846667.138108 -0.425338179 -0.057095811 0.624604762 -0.431805074 0.083739951 0.050115220 0.896671891
1341846667.174105 -0.424365252 -0.036320418 0.599297285 -0.424827754 0.082504533 0.045194358 0.900373220
1341846667.206107 -0.375870645 -0.029505998 0.598169148 -0.423431575 0.076200351 0.042724270 0.901706159
1341846667.238075 -0.246299982 0.002507254 0.592180014 -0.415548921 0.051481884 0.041101627 0.907182157
1341846667.274016 -0.211412907 0.006772950 0.589343607 -0.408366472 0.044893723 0.038007058 0.910920858
1341846667.306189 -0.214673355 -0.026392192 0.609229803 -0.406001657 0.048529204 0.031499811 0.912039101
1341846667.342253 -0.149758354 -0.044135183 0.624752700 -0.396830499 0.034222204 0.039638218 0.916396856
1341846667.374345 -0.149874702 -0.033666164 0.597478688 -0.383932829 0.032983169 0.032170814 0.922210753
1341846667.406982 -0.168432996 -0.051089346 0.620833099 -0.382396102 0.039484035 0.025013085 0.922815621
1341846667.442109 -0.184529692 -0.106619790 0.622813582 -0.379764467 0.043066207 0.025417455 0.923730671
1341846667.474109 -0.184506446 -0.083931014 0.612344146 -0.361407310 0.041108418 0.023185315 0.931212842
1341846667.506006 -0.192879900 -0.089381166 0.609138608 -0.349927574 0.044596758 0.020035155 0.935500085
1341846667.542298 -0.188178480 -0.127997547 0.607646942 -0.341072351 0.042264163 0.020475449 0.938863277
1341846667.574196 -0.161935151 -0.129617333 0.596554875 -0.326124460 0.036161162 0.021025592 0.944401026
1341846667.610099 -0.171710968 -0.104908049 0.592442632 -0.311566114 0.040014084 0.016110271 0.949244976
1341846667.642293 -0.186707467 -0.061225995 0.585897088 -0.294866294 0.041966029 0.015254746 0.954494655
1341846667.674072 -0.172714785 -0.071845174 0.576272964 -0.293253273 0.039689250 0.016484514 0.955068409
1341846667.710179 -0.196865559 -0.065537535 0.585145831 -0.291707188 0.046957903 0.011810717 0.955281317
1341846667.742255 -0.187525898 -0.075997584 0.593199968 -0.289297193 0.045755524 0.012885742 0.956058323
1341846667.774114 -0.156226844 -0.073799379 0.587731302 -0.281111360 0.039355528 0.015808180 0.958737552
1341846667.810099 -0.135439008 -0.062865041 0.582857668 -0.274994373 0.039952092 0.014589841 0.960504651
1341846667.842103 -0.195222184 -0.081304774 0.601282001 -0.273525029 0.051283691 0.009769632 0.960447133
1341846667.878139 -0.174044669 -0.069953993 0.591971993 -0.261557072 0.047115482 0.012131879 0.963961065
1341846667.910558 -0.199085847 -0.064260840 0.591233194 -0.254162073 0.054464605 0.007234288 0.965599775
1341846667.942116 -0.160348222 -0.060736869 0.589418292 -0.249035761 0.051665995 0.007533292 0.967085898
1341846667.978287 -0.104077607 -0.062582865 0.587956607 -0.241237342 0.041891389 0.010364900 0.969506204
1341846668.010215 -0.040847369 -0.070808917 0.593595505 -0.235853419 0.035560954 0.010651025 0.971079350
1341846668.046247 0.002313368 -0.051448777 0.591807544 -0.223369360 0.032371007 0.009546628 0.974149466
1341846668.078111 0.074124672 -0.060341291 0.596516192 -0.216750249 0.021239934 0.014946450 0.975881577
1341846668.110130 0.124990486 -0.044968739 0.594357014 -0.206299797 0.015881769 0.013744010 0.978263378
1341846668.146332 0.190886393 -0.022884632 0.592106164 -0.194878682 0.008103921 0.015185380 0.980676293
1341846668.178208 0.227213487 -0.002911475 0.603867829 -0.180342495 0.000184026 0.018799230 0.983424246
1341846668.211262 0.311472714 -0.006546440 0.610744476 -0.168955669 -0.013404869 0.019555211 0.985338509
1341846668.246163 0.349846184 0.006002271 0.619196117 -0.154432595 -0.017937286 0.022181008 0.987591445
1341846668.278397 0.385081083 0.016376508 0.631632924 -0.140866429 -0.025829175 0.025761731 0.989356279
1341846668.314248 0.440005481 0.024002094 0.624817431 -0.128891423 -0.034688450 0.026382513 0.990700603
1341846668.346231 0.472571671 0.034119599 0.627057731 -0.121139333 -0.038537975 0.029529206 0.991447568
1341846668.378099 0.514300346 0.046888642 0.627189755 -0.113940589 -0.047089651 0.031234358 0.991879344
1341846668.414247 0.554915965 0.065752722 0.626675904 -0.103373535 -0.055059504 0.038904868 0.992355227
1341846668.445965 0.590241671 0.055872090 0.633287489 -0.097579934 -0.059162818 0.036471017 0.992797971
1341846668.478153 0.613707483 0.060963433 0.640943646 -0.078450546 -0.065381803 0.039268047 0.993996382
1341846668.514213 0.656640887 0.060469966 0.642691374 -0.063419722 -0.072321780 0.041065838 0.994515538
1341846668.546115 0.583270252 0.064943098 0.633889318 -0.055178754 -0.058948196 0.039078146 0.995968580
1341846668.582467 0.609108090 0.077738926 0.644663632 -0.045233976 -0.063878365 0.039306421 0.996156871
1341846668.614140 0.576563179 0.066765763 0.639480591 -0.033168342 -0.056398924 0.033610266 0.997291028
1341846668.646312 0.582203031 0.070673630 0.634831369 -0.019916436 -0.058119357 0.038678329 0.997361302
1341846668.682455 0.618227720 0.082783774 0.640372932 -0.009297237 -0.066667892 0.037964512 0.997009397
1341846668.714133 0.630363762 0.074620597 0.643591523 0.001559673 -0.071033478 0.037839536 0.996754766
1341846668.746132 0.614746034 0.065822117 0.625303268 0.008405127 -0.069841154 0.035793442 0.996880352
1341846668.782338 0.623005807 0.091392115 0.625190794 0.011414247 -0.071851969 0.034925800 0.996738315
1341846668.814140 0.619635284 0.062932871 0.621868372 0.005285667 -0.070796795 0.034178406 0.996891081
1341846668.850214 0.613998532 0.092802830 0.626384854 0.010449332 -0.071209826 0.035116281 0.996788263
1341846668.882442 0.629439592 0.098999657 0.627656937 0.008896970 -0.075235471 0.033149526 0.996574938
1341846668.914289 0.624968588 0.087351516 0.625419199 0.006337916 -0.075427555 0.030576231 0.996662259
1341846668.950088 0.650283515 0.078906879 0.631372571 0.005641965 -0.083531223 0.027517091 0.996109247
1341846668.982227 0.613948643 0.108558744 0.606936693 0.008185971 -0.080488242 0.024243472 0.996427059
1341846669.014062 0.652231336 0.112130903 0.610166609 0.001404562 -0.088444628 0.019405497 0.995891094
1341846669.050056 0.545532942 0.106692456 0.604053974 -0.003813741 -0.074567102 0.010712651 0.997151196
1341846669.082525 0.554171741 0.105170377 0.599826872 -0.008076497 -0.080387823 0.003304193 0.996725440
1341846669.118346 0.522333801 0.104778141 0.590075672 -0.016866835 -0.076381966 -0.007839839 0.996905148
1341846669.150086 0.515761077 0.087483391 0.601889551 -0.024964642 -0.078855053 -0.014953358 0.996461272
1341846669.182477 0.550609112 0.079657048 0.601584494 -0.027895771 -0.088919818 -0.022523440 0.995393276
1341846669.218046 0.636860728 0.137981355 0.617214382 -0.022798536 -0.102429301 -0.029123904 0.994052470
1341846669.250205 0.634208560 0.126841798 0.629744768 -0.028934382 -0.104716264 -0.034141075 0.993494689
1341846669.286114 0.639961898 0.135147050 0.625229001 -0.027672438 -0.107465595 -0.039938632 0.993020833
1341846669.318030 0.631895304 0.131174862 0.618685246 -0.030177107 -0.104534350 -0.045660183 0.993014157
1341846669.350255 0.599850595 0.106342092 0.617286563 -0.035057981 -0.101983137 -0.050845638 0.992867112
1341846669.418200 0.585663676 0.135600671 0.602627099 -0.037002586 -0.102667816 -0.073576353 0.991300523
1341846669.450219 0.558902442 0.112169556 0.613702893 -0.044672064 -0.100066602 -0.084499471 0.990379214
1341846669.486175 0.565288007 0.094701514 0.604572237 -0.050777081 -0.104309790 -0.095320754 0.988663316
1341846669.518033 0.563966155 0.082166485 0.596560895 -0.058904264 -0.102216281 -0.107308850 0.987201631
1341846669.554159 0.565159023 0.115578368 0.610705435 -0.057641927 -0.101211198 -0.119335607 0.985998333
1341846669.586348 0.643225729 0.176324785 0.613861740 -0.049173310 -0.113621987 -0.127331436 0.984103024
1341846669.617976 0.605953336 0.128852233 0.596319020 -0.065541483 -0.105087839 -0.140747875 0.982268274
1341846669.654096 0.595044792 0.120471351 0.611161351 -0.070851900 -0.100565441 -0.150601938 0.980910659
1341846669.686069 0.592661679 0.111216001 0.611000478 -0.072158381 -0.099353880 -0.156229109 0.980058432
1341846669.718075 0.611155212 0.137670577 0.591292620 -0.069498427 -0.099214271 -0.164488003 0.978912830
1341846669.754171 0.623019576 0.143809289 0.601594448 -0.073927380 -0.097598359 -0.173043191 0.977274537
1341846669.786139 0.589263797 0.145283803 0.605043173 -0.078422248 -0.089586303 -0.183529183 0.975777268
1341846669.822151 0.599138439 0.146082044 0.603335142 -0.080114052 -0.089872666 -0.192097813 0.973962605
1341846669.854118 0.618627250 0.143773705 0.599812567 -0.084689364 -0.091604047 -0.197250664 0.972382963
1341846669.886219 0.630449474 0.132726982 0.602707744 -0.090609796 -0.091209039 -0.205839962 0.970103443
1341846669.922050 0.657070816 0.129254162 0.607110739 -0.091900840 -0.093986884 -0.213652775 0.968025446
1341846669.954047 0.652075827 0.121366806 0.577859223 -0.097295217 -0.090496659 -0.220893562 0.966203988
1341846669.986285 0.652374923 0.131400868 0.591535091 -0.102379620 -0.087025620 -0.232031330 0.963382781
1341846670.022242 0.637633681 0.137311354 0.595823050 -0.104425989 -0.080671199 -0.244415954 0.960649967
1341846670.054135 0.637263477 0.127524406 0.594013810 -0.108856089 -0.077873424 -0.248637751 0.959304631
1341846670.090228 0.635511041 0.140614510 0.585763812 -0.110565513 -0.073886059 -0.259878099 0.956441104
1341846670.121996 0.669547141 0.133837551 0.579469562 -0.113209151 -0.074246131 -0.271211118 0.952951133
1341846670.154057 0.668124199 0.122773215 0.582882881 -0.118425451 -0.069530599 -0.281170666 0.949781060
1341846670.190103 0.635545075 0.142135039 0.592284799 -0.119949482 -0.060509097 -0.291159481 0.947194338
1341846670.222197 0.626939952 0.139428943 0.583383203 -0.121246636 -0.054217666 -0.304605693 0.943172932
1341846670.258571 0.628372550 0.143877983 0.588621497 -0.121528089 -0.048384078 -0.311243027 0.941285133
1341846670.290254 0.624133408 0.144973874 0.588127315 -0.122431688 -0.044342339 -0.319163233 0.938711405
1341846670.358377 0.634831429 0.153754205 0.567209780 -0.116846882 -0.030172290 -0.335978329 0.934106529
1341846670.390114 0.620763481 0.160914660 0.580354571 -0.114377685 -0.019988395 -0.343075037 0.932103932
1341846670.422206 0.596260548 0.151089206 0.596402347 -0.111940451 -0.009139368 -0.354169011 0.928412735
1341846670.464003 0.644896448 0.158906400 0.581388831 -0.100401960 -0.006720890 -0.361920983 0.926761866
1341846670.526271 0.586033225 0.136451423 0.577569067 -0.099972747 0.018140478 -0.374762774 0.921536326
1341846670.566977 0.643202603 0.138773605 0.580958247 -0.093489371 0.013755621 -0.380612910 0.919893682
1341846670.596103 0.670430481 0.145474568 0.576554418 -0.087654300 0.014012127 -0.383482218 0.919272423
1341846670.628412 0.705319703 0.139691040 0.574064791 -0.083407484 0.011321710 -0.385839462 0.918718100
1341846670.664027 0.739406228 0.154037029 0.583948791 -0.073785819 0.011883317 -0.393784493 0.916159511
1341846670.696002 0.769987166 0.150640756 0.589985609 -0.065780304 0.013329956 -0.396877140 0.915414631
1341846670.728093 0.800469339 0.150813490 0.592675924 -0.056733891 0.013976010 -0.400635630 0.914372504
1341846670.764128 0.811990499 0.157856539 0.584100664 -0.049362168 0.020750131 -0.409905910 0.910554767
1341846670.796059 0.826090872 0.158506304 0.583046675 -0.041759305 0.026116176 -0.412424743 0.909659266
1341846670.832246 0.849477947 0.168867290 0.580470800 -0.030783979 0.026430182 -0.409846932 0.911251485
1341846670.863970 0.868670762 0.160413861 0.585174024 -0.026880663 0.025391981 -0.408415526 0.912046850
1341846670.896139 0.889786720 0.162489325 0.595113873 -0.018625695 0.029598409 -0.408269644 0.912191272
1341846670.932028 0.904435396 0.170120925 0.607963681 -0.006033354 0.033256572 -0.402245671 0.914907634
1341846670.964063 0.928878605 0.175099611 0.603099406 0.006424305 0.029093750 -0.393698573 0.918756604
1341846671.000270 0.937668443 0.177126795 0.597503185 0.014107682 0.030637605 -0.395895302 0.917676032
1341846671.032112 0.954460621 0.177364141 0.602246165 0.023535300 0.035536207 -0.398198277 0.916308582
1341846671.064030 0.972092211 0.185907036 0.613112271 0.035634037 0.037390463 -0.399182558 0.915415525
1341846671.101398 0.977431357 0.185384005 0.613664031 0.043999035 0.038030434 -0.404382229 0.912739217
1341846671.132289 0.985042453 0.190192163 0.613641858 0.057464954 0.040875979 -0.409589678 0.909540117
1341846671.168159 0.981490135 0.187999636 0.626408100 0.069899485 0.039688841 -0.409292161 0.908855736
1341846671.200149 0.997539639 0.189938337 0.622177541 0.083652146 0.033174794 -0.411155432 0.907112479
1341846671.232280 1.010077357 0.187744170 0.625525594 0.095616810 0.032785401 -0.415452689 0.903980970
1341846671.268147 1.019061208 0.199652374 0.631730258 0.108554535 0.034745149 -0.414895028 0.902701974
1341846671.300337 1.037585497 0.207121491 0.627679408 0.119388342 0.028798100 -0.414648622 0.901656032
1341846671.336125 1.057107687 0.206851751 0.628203869 0.127625465 0.024960136 -0.417945743 0.899116278
1341846671.368236 1.064502239 0.214567214 0.634223878 0.136516541 0.026313325 -0.419936925 0.896841049
1341846671.400327 1.081154227 0.214512736 0.632109702 0.142761797 0.019361289 -0.420641273 0.895714879
1341846671.436064 1.102196455 0.233652174 0.636772990 0.154235661 0.015216249 -0.424965501 0.891843140
1341846671.468197 1.110596299 0.250104189 0.629091799 0.162466213 0.016318440 -0.427477777 0.889157593
1341846671.504294 1.105389714 0.260027885 0.602712035 0.165121719 0.014229391 -0.431842506 0.886591494
1341846671.536197 1.112565160 0.269153595 0.600602806 0.173075616 0.008375803 -0.440069646 0.881086469
1341846671.568120 1.126732826 0.282120645 0.594178975 0.185466722 0.005869602 -0.448187232 0.874468923
1341846671.604188 1.137158990 0.273241222 0.597065687 0.190202907 -0.001343788 -0.449757129 0.872662425
1341846671.636057 1.150706768 0.270959675 0.607765794 0.200400323 -0.013135843 -0.454297453 0.867917597
1341846671.672157 1.171579719 0.285611451 0.596805096 0.215561122 -0.020598728 -0.460094154 0.861058891
1341846671.704027 1.186704636 0.291093469 0.590600789 0.219066709 -0.025067016 -0.460364282 0.859910548
1341846671.736479 1.187867761 0.290463686 0.576406121 0.218222886 -0.027539024 -0.467146277 0.856384695
1341846671.774745 1.181808949 0.295963526 0.602928758 0.223779187 -0.029758491 -0.472174257 0.852108419
1341846671.804605 1.185226202 0.303993881 0.601950645 0.227438882 -0.034274224 -0.474517584 0.849664569
1341846671.840252 1.188467145 0.309701383 0.593242049 0.229725674 -0.037148971 -0.479931861 0.845879197
1341846671.872106 1.190552473 0.307027876 0.608987689 0.232178122 -0.040113557 -0.482671887 0.843511760
1341846671.904035 1.185027599 0.309352815 0.617062271 0.232181132 -0.041296337 -0.485125691 0.842044950
1341846671.972239 1.186842442 0.317118585 0.605520427 0.234527379 -0.040427446 -0.497127235 0.834402263
1341846672.034218 1.184842587 0.311940074 0.602189660 0.235278785 -0.043185402 -0.510718763 0.825799823
1341846672.066227 1.187598228 0.307092726 0.589794219 0.233966425 -0.042286981 -0.516656399 0.822519124
1341846672.098024 1.181721330 0.303190827 0.597906828 0.234129980 -0.044242233 -0.521647096 0.819213152
1341846672.134061 1.184741616 0.297528327 0.601722717 0.234901622 -0.047305994 -0.527441263 0.815100729
1341846672.166000 1.186460614 0.285092115 0.601700902 0.232924342 -0.047582503 -0.533063293 0.811988831
1341846672.198405 1.179145455 0.287337780 0.584293246 0.232194617 -0.045234960 -0.538133681 0.808981895
1341846672.234130 1.185508370 0.277998865 0.587020278 0.233384475 -0.049452085 -0.538841963 0.807920516
1341846672.266403 1.190358758 0.270930648 0.587942898 0.234819219 -0.051147144 -0.538877070 0.807375610
1341846672.302710 1.194449425 0.274613619 0.594753563 0.235106066 -0.052152108 -0.539813995 0.806601644
1341846672.335022 1.192285419 0.274045408 0.577413678 0.233235583 -0.052229326 -0.544625521 0.803900659
1341846672.366487 1.196486831 0.277881861 0.588543236 0.236270264 -0.051950417 -0.547414780 0.801133394
1341846672.402478 1.207460284 0.279694915 0.596094370 0.239217281 -0.053323492 -0.546282768 0.800941229
1341846672.434330 1.211931705 0.280766368 0.606429696 0.239606723 -0.054818053 -0.545317948 0.801381350
1341846672.472323 1.214889765 0.281190634 0.609887779 0.240174055 -0.055223927 -0.544081211 0.802024007
1341846672.534812 1.234456182 0.286892831 0.610913336 0.241172105 -0.060174279 -0.540563881 0.803744853
1341846672.570153 1.234756827 0.290679455 0.606058002 0.238483652 -0.060887087 -0.540709496 0.804395199
1341846672.608881 1.213196993 0.285148442 0.609728992 0.236764684 -0.061346445 -0.541282892 0.804482400
1341846672.640836 1.227959037 0.290686846 0.629430056 0.236888677 -0.066956900 -0.535954356 0.807560205
1341846672.708152 1.219784975 0.292417705 0.622716069 0.234823987 -0.071343757 -0.525757313 0.814461172
1341846672.770288 1.219316602 0.291996658 0.626847208 0.233440340 -0.081583269 -0.503931701 0.827588499
1341846672.803280 1.217104077 0.294962347 0.624633968 0.234107807 -0.085236177 -0.494911999 0.832460463
1341846672.838034 1.218485236 0.296572506 0.620731175 0.233313963 -0.090412714 -0.483736306 0.838683069
1341846672.870092 1.206108570 0.295780122 0.630791008 0.231875077 -0.095049202 -0.477715611 0.842013955
1341846672.902275 1.204894423 0.297040880 0.633081436 0.230827227 -0.099303447 -0.470600009 0.845809221
1341846672.938315 1.215421915 0.296339035 0.643705070 0.229170948 -0.107529916 -0.460420489 0.850841343
1341846672.970326 1.213702559 0.306264043 0.621974528 0.227347329 -0.109875426 -0.453923881 0.854513705
1341846673.008221 1.224408388 0.305360079 0.648311675 0.225122422 -0.118249185 -0.443313748 0.859540582
1341846673.070235 1.216758490 0.317141831 0.655883372 0.218282446 -0.123682424 -0.426353365 0.869067490
1341846673.106189 1.209069371 0.312332034 0.622617185 0.213862538 -0.126000345 -0.413795739 0.875876665
1341846673.138104 1.213193417 0.305907547 0.631286025 0.212353602 -0.133888587 -0.400113076 0.881413281
1341846673.170298 1.206435680 0.307776034 0.636779547 0.211556524 -0.137608141 -0.391887933 0.884721339
1341846673.206489 1.204202890 0.301748991 0.631331325 0.210885227 -0.142085820 -0.382750034 0.888167500
1341846673.238153 1.202953100 0.305383295 0.624042094 0.210994884 -0.147663206 -0.370568812 0.892387509
1341846673.274220 1.205395222 0.307316363 0.625633895 0.211440474 -0.152382955 -0.362012923 0.894996703
1341846673.306107 1.200283766 0.305867940 0.632502317 0.213329151 -0.156626001 -0.352535129 0.897595704
1341846673.338187 1.198890567 0.300259978 0.630790293 0.212842688 -0.161561161 -0.342459172 0.900731862
1341846673.374098 1.210178375 0.304134429 0.635893881 0.215507895 -0.166706324 -0.331145495 0.903386950
1341846673.406266 1.209100485 0.301780194 0.642609954 0.215982005 -0.170635521 -0.318939209 0.906925082
1341846673.438267 1.209230900 0.304402858 0.643877923 0.217606291 -0.175930366 -0.305672556 0.910088062
1341846673.474135 1.217539549 0.309377342 0.648922741 0.220996156 -0.181817666 -0.290668607 0.913025141
1341846673.506260 1.209651589 0.304064631 0.648528934 0.219993249 -0.185861290 -0.276258081 0.916918755
1341846673.542168 1.210112929 0.310842067 0.645993352 0.218506455 -0.192033991 -0.264008135 0.919607341
1341846673.574072 1.196315765 0.299988776 0.642401218 0.213625401 -0.195887730 -0.253432631 0.922910690
1341846673.606102 1.208142042 0.309426457 0.645997763 0.213500500 -0.203021035 -0.242734358 0.924272716
1341846673.648026 1.208245397 0.313686430 0.640803635 0.209370390 -0.210547224 -0.231358334 0.926448762
1341846673.710162 1.191636086 0.319063067 0.632711411 0.195793316 -0.220866695 -0.211446136 0.931758285
1341846673.742225 1.187866211 0.317490816 0.633968115 0.188131183 -0.229757175 -0.196104854 0.934538007
1341846673.774298 1.170406103 0.313327849 0.634086013 0.181193635 -0.235529482 -0.182486534 0.937226474
1341846673.810154 1.168300390 0.329714358 0.614339590 0.178981692 -0.240328893 -0.169131055 0.938936770
1341846673.842305 1.138439655 0.313994348 0.595728397 0.168776244 -0.243308157 -0.157100484 0.942143977
1341846673.874285 1.164022684 0.346000046 0.603234291 0.169410124 -0.251748830 -0.146886393 0.941460133
1341846673.910253 1.158967257 0.357907355 0.607267499 0.163164616 -0.255986482 -0.134791017 0.943228304
1341846673.942284 1.160556078 0.350229859 0.607791781 0.157823533 -0.260779470 -0.127118468 0.943889141
1341846673.978434 1.149067879 0.356104344 0.604556143 0.157581508 -0.259550899 -0.121037260 0.945066929
1341846674.016486 1.141324282 0.348846674 0.607693195 0.155763149 -0.259690762 -0.110324413 0.946639895
1341846674.052060 1.138068080 0.347119004 0.618683577 0.153510809 -0.262327284 -0.099892728 0.947438836
1341846674.084057 1.145148754 0.354960203 0.621234179 0.153673708 -0.263861686 -0.091649175 0.947819531
1341846674.152235 1.128752232 0.361569881 0.598872304 0.142716736 -0.260836750 -0.079299539 0.951476634
1341846674.210322 1.133772731 0.391905367 0.592575371 0.137576789 -0.259745359 -0.063945591 0.953685462
1341846674.246217 1.125235915 0.386249542 0.577837467 0.130443335 -0.259266376 -0.056380108 0.955294132
1341846674.278035 1.127062559 0.381554544 0.576391757 0.128161624 -0.262018561 -0.047155328 0.955352008
1341846674.310117 1.112018108 0.384009093 0.591418743 0.126674920 -0.262510836 -0.038401313 0.955806971
1341846674.346212 1.107707500 0.382424980 0.586326540 0.122650743 -0.262374669 -0.032403562 0.956591010
1341846674.378058 1.094156981 0.372673959 0.576367795 0.119548544 -0.259465277 -0.023408134 0.958038628
1341846674.410162 1.092075586 0.390533090 0.557183683 0.119502380 -0.258236378 -0.013901480 0.958561361
1341846674.446125 1.084677339 0.386313587 0.548107982 0.115283124 -0.256955922 -0.009334095 0.959477127
1341846674.478198 1.077443838 0.373016953 0.558208644 0.112837955 -0.256258726 -0.003109004 0.959994495
1341846674.514124 1.076223254 0.365347356 0.554433942 0.110132203 -0.256382436 0.001783700 0.960279047
1341846674.546062 1.063442945 0.370265812 0.555564761 0.109730013 -0.255505562 0.005748909 0.960543215
1341846674.578094 1.061237097 0.376396954 0.556327760 0.110345542 -0.254994959 0.008721317 0.960585952
1341846674.614179 1.056415915 0.378823161 0.539071202 0.107510075 -0.251891166 0.013020528 0.961677194
1341846674.682209 1.073082328 0.365366369 0.577037096 0.104393400 -0.259592116 0.031586532 0.959539652
1341846674.714186 1.075431705 0.374348283 0.566396475 0.105208650 -0.258671552 0.038940590 0.959428906
1341846674.752271 1.082372069 0.373573959 0.562357247 0.102913745 -0.260238379 0.048166167 0.958835125
1341846674.814222 1.107002258 0.380526185 0.565537274 0.099603035 -0.262856603 0.061868824 0.957683682
1341846674.846370 1.117102504 0.376520514 0.573620856 0.098016746 -0.264855295 0.069562666 0.956768215
1341846674.882158 1.131907463 0.379387856 0.578511059 0.095871672 -0.267452061 0.077056758 0.955688417
1341846674.914224 1.144668579 0.383828729 0.576832473 0.093122028 -0.269066513 0.082088217 0.955088019
1341846674.950305 1.164600611 0.384693772 0.587550759 0.088738717 -0.272879273 0.087717846 0.953922451
1341846674.982342 1.169297218 0.376395196 0.577265203 0.083016731 -0.274583608 0.090164758 0.953720331
1341846675.014137 1.184299588 0.376366884 0.586110890 0.072629370 -0.279808223 0.092006609 0.952873111
1341846675.050230 1.200250387 0.372719944 0.603207350 0.061308786 -0.285184801 0.094208367 0.951859057
1341846675.088201 1.210704803 0.380821288 0.604993165 0.057262130 -0.286735415 0.094339736 0.951632261
1341846675.150188 1.254162431 0.371033370 0.617593706 0.024090422 -0.293874413 0.096479475 0.950657248
1341846675.182290 1.268541455 0.370725662 0.626938403 0.011831772 -0.293149829 0.089258924 0.951817274
1341846675.218759 1.291995525 0.361808449 0.656173527 -0.000065481 -0.298470795 0.093303822 0.949847162
1341846675.251951 1.312458515 0.353712767 0.702987492 -0.008015398 -0.305816293 0.089850359 0.947807491
1341846675.282406 1.333078742 0.357793152 0.719216406 -0.011627674 -0.308513314 0.093640447 0.946528316
1341846675.318078 1.354856014 0.364779353 0.753631413 -0.016550038 -0.311757118 0.095465519 0.945208967
1341846675.350149 1.371603131 0.397315681 0.772604585 -0.015725451 -0.312853336 0.087929502 0.945591807
1341846675.382271 1.394689560 0.405085772 0.822469413 -0.025443854 -0.318718314 0.085170105 0.943672299
1341846675.450238 1.425498486 0.405513674 0.875438631 -0.037197638 -0.318838567 0.098330379 0.941960454
1341846675.486165 1.444093466 0.408412546 0.897384048 -0.030353699 -0.320946008 0.110159218 0.940179408
1341846675.518083 1.458355188 0.409102261 0.917623997 -0.023390064 -0.323108494 0.121553056 0.938231647
1341846675.550092 1.476556778 0.411213994 0.929732203 -0.019031899 -0.326582372 0.129306346 0.936088502
1341846675.586070 1.489037991 0.411217928 0.948820949 -0.016829660 -0.328059405 0.133131474 0.935077429
1341846675.618075 1.501777411 0.413409650 0.962134957 -0.012532094 -0.328151733 0.138649732 0.934310257
1341846675.650024 1.510472655 0.411391675 0.980963945 -0.007812326 -0.330210060 0.139963865 0.933440089
1341846675.686118 1.518661022 0.410394251 1.000453949 -0.003566825 -0.333446860 0.139664471 0.932359517
1341846675.718055 1.534015298 0.406863064 1.015283465 0.000878846 -0.333031803 0.139184043 0.932586193
1341846675.754170 1.549193740 0.405718625 1.029795408 0.005160094 -0.335174948 0.144753963 0.930955112
1341846675.786330 1.565625191 0.404120177 1.044993758 0.008108621 -0.337149829 0.145333230 0.930130422
1341846675.818106 1.575849056 0.406813383 1.059161782 0.012564913 -0.335208565 0.145023257 0.930830657
1341846675.854095 1.599220276 0.402698934 1.085882306 0.016312968 -0.338051468 0.142648652 0.930110991
1341846675.886163 1.618581295 0.403940856 1.103125095 0.022717036 -0.342937231 0.145542324 0.927736759
1341846675.922346 1.643032908 0.400374740 1.118626118 0.031483427 -0.345395476 0.148234457 0.926141143
1341846675.961651 1.656414628 0.398810208 1.136775494 0.040845610 -0.346540451 0.147095487 0.925529242
1341846676.028080 1.706534386 0.389443904 1.172435522 0.060634539 -0.356284380 0.151175708 0.920071065
1341846676.122163 1.792951584 0.375376314 1.227868438 0.063858636 -0.373561561 0.143506333 0.914209962
1341846676.154447 1.820012093 0.368132532 1.257085800 0.060731877 -0.378877431 0.140970245 0.912628591
1341846676.190230 1.856104374 0.368102074 1.282405734 0.060553435 -0.386479557 0.140935317 0.909452617
1341846676.222476 1.901982784 0.377499521 1.306077838 0.057675526 -0.391932040 0.136538953 0.907975733
1341846676.257017 1.929396152 0.382988393 1.333978415 0.051355023 -0.395342588 0.133592054 0.907314777
1341846676.290401 1.960258007 0.384086758 1.354494452 0.048395701 -0.400139004 0.133026600 0.905456066
1341846676.322689 1.992177725 0.385505140 1.369475365 0.045673795 -0.401453733 0.129303813 0.905554712
1341846676.360815 2.028012753 0.395983547 1.388297439 0.034527216 -0.402597725 0.126086682 0.905993998
1341846676.390851 2.037675142 0.398719221 1.427555203 0.029076427 -0.405054241 0.119041190 0.906043530
1341846676.424250 2.060616970 0.397160113 1.467749476 0.030191779 -0.407512218 0.119871840 0.904794455
1341846676.459033 2.052561283 0.425152034 1.415899038 0.031627811 -0.397561461 0.119756624 0.909177125
1341846676.490669 2.079257250 0.431463629 1.451480508 0.027442433 -0.400024652 0.118953489 0.908337653
1341846676.532743 2.109707594 0.432459921 1.486541986 0.025840802 -0.401767105 0.118844062 0.907629669
1341846676.564052 2.125728846 0.446838140 1.515962362 0.025091900 -0.402058691 0.120108679 0.907355011
1341846676.596566 2.127467871 0.448318839 1.504244089 0.021968780 -0.399389505 0.116913907 0.909030557
1341846676.632057 2.148633718 0.450573057 1.533647895 0.021814967 -0.400971979 0.114709213 0.908618450
1341846676.690079 2.151893377 0.449251860 1.533151388 0.022260064 -0.396122664 0.110082410 0.911303043
1341846676.726102 2.156662464 0.453506917 1.535134315 0.023534646 -0.392603308 0.109168679 0.912902534
1341846676.758419 2.147242546 0.456550032 1.526090980 0.027246652 -0.386692375 0.108988702 0.915340424
1341846676.790227 2.165388823 0.461182684 1.527686834 0.028401259 -0.387750745 0.109316111 0.914818406
1341846676.826179 2.193690300 0.465740412 1.579283834 0.030438064 -0.391288608 0.106974505 0.913522482
1341846676.858331 2.175343990 0.492940426 1.566929340 0.035860185 -0.384666592 0.110627487 0.915700376
1341846676.894086 2.185403585 0.505748630 1.579045057 0.037108239 -0.387615263 0.113078535 0.914106488
1341846676.926062 2.199793577 0.502097070 1.587671280 0.036468834 -0.389093697 0.110715091 0.913793445
1341846676.958080 2.200062513 0.496445268 1.588580966 0.035735372 -0.387232602 0.110083066 0.914688885
1341846676.994140 2.205410957 0.482390851 1.580795288 0.034180161 -0.387890637 0.111010090 0.914357364
1341846677.026242 2.215549469 0.521481335 1.614661813 0.041161705 -0.393304110 0.111718252 0.911666989
1341846677.094244 2.204140186 0.480189294 1.589075446 0.032800909 -0.389984518 0.108177841 0.913856566
1341846677.126108 2.206211567 0.478864312 1.594191909 0.034401175 -0.391618699 0.108845711 0.913019180
1341846677.162066 2.222787619 0.484832853 1.611369133 0.036306806 -0.394547850 0.110164814 0.911524832
1341846677.194068 2.224496365 0.493626893 1.608527184 0.036549851 -0.395588607 0.109883487 0.911097944
1341846677.226206 2.241136312 0.477631152 1.624669075 0.033735652 -0.398093998 0.107692517 0.910376549
1341846677.262033 2.243793964 0.481402636 1.632144451 0.037043113 -0.396347225 0.109168164 0.910834253
1341846677.294125 2.231529713 0.488978237 1.620994687 0.039024953 -0.395119458 0.111311696 0.911025465
1341846677.326503 2.258656263 0.488879681 1.642590761 0.037000254 -0.399198055 0.109880991 0.909504294
1341846677.362194 2.258381367 0.470483631 1.640719175 0.034944978 -0.395962000 0.108749337 0.911134779
1341846677.394280 2.245667458 0.477228850 1.634731889 0.037287530 -0.394012988 0.110306010 0.911699474
1341846677.430058 2.258508444 0.484782279 1.650389075 0.038617320 -0.395738393 0.109994978 0.910934091
1341846677.468326 2.265601158 0.471429557 1.647881150 0.037532594 -0.393205017 0.108621940 0.912240386
1341846677.530161 2.282903194 0.463446349 1.662032723 0.041102845 -0.393081069 0.107810192 0.912236154
1341846677.562051 2.271200657 0.473710984 1.659728765 0.044371825 -0.388764828 0.108099423 0.913896918
1341846677.594105 2.266373634 0.477910459 1.659133673 0.045559958 -0.387412906 0.108532153 0.914361179
1341846677.630227 2.267395735 0.475437760 1.658323646 0.046391115 -0.386414051 0.107323602 0.914884567
1341846677.662033 2.266797543 0.473673254 1.658025980 0.046966597 -0.384942919 0.107440792 0.915461421
1341846677.730320 2.273015976 0.482472658 1.671025038 0.047487743 -0.386773169 0.107875779 0.914611578
1341846677.763691 2.274011135 0.470481843 1.666661024 0.046910569 -0.385279298 0.108299054 0.915221632
1341846677.798630 2.267602682 0.479893953 1.657049060 0.048444562 -0.385358244 0.108300105 0.915108323
1341846677.830104 2.282310963 0.474915385 1.672821999 0.047514819 -0.387595832 0.106156670 0.914462984
1341846677.862185 2.280851126 0.460260242 1.669094443 0.048592992 -0.384748667 0.105289727 0.915708125
1341846677.898344 2.278421640 0.459944665 1.670285344 0.051590484 -0.384623706 0.107456520 0.915344894
1341846677.930181 2.291427374 0.462966740 1.674266815 0.053921394 -0.386026293 0.107390918 0.914627492
1341846677.966256 2.289259672 0.459813625 1.679693937 0.057170119 -0.384226561 0.107331254 0.915194809
1341846677.998516 2.287923336 0.453832358 1.671639919 0.060251877 -0.383680552 0.109818622 0.914931059
1341846678.030368 2.288450241 0.455877125 1.676117420 0.063196115 -0.385945052 0.111913845 0.913525045
1341846678.066187 2.299055099 0.455405772 1.682199001 0.065091647 -0.386064172 0.111446984 0.913398683
1341846678.098076 2.291148663 0.441976309 1.670109272 0.065096736 -0.383987963 0.111823812 0.914227068
1341846678.134082 2.295911789 0.433854938 1.669639707 0.064699911 -0.386900693 0.112914652 0.912892163
1341846678.166092 2.309582233 0.435231775 1.684429526 0.066099785 -0.388924360 0.112312347 0.912005842
1341846678.204293 2.310832500 0.426418006 1.681532621 0.066189446 -0.388150781 0.113226123 0.912215889
1341846678.266209 2.306087494 0.430423111 1.675570369 0.070812702 -0.389870077 0.115369797 0.910865963
1341846678.298316 2.301595449 0.433230937 1.668863893 0.071501069 -0.390021771 0.115861356 0.910684824
1341846678.334135 2.309553146 0.430539727 1.676585078 0.071058273 -0.393287539 0.115441412 0.909367323
1341846678.366593 2.313043356 0.424997389 1.677458286 0.071917340 -0.393227309 0.114544220 0.909439325
1341846678.402292 2.313286066 0.422487676 1.674799323 0.072908081 -0.393101424 0.115678050 0.909271359
1341846678.439991 2.318763018 0.422446698 1.680441618 0.073588774 -0.393874347 0.115705527 0.908878446
