1341846313.592026 0.000000000 0.000000000 0.000000000 -0.000000000 -0.000000000 -0.000000000 1.000000000
1341846313.654184 0.010037150 -0.000917342 -0.003727422 -0.001101731 -0.003880228 0.005407321 0.999977231
1341846313.686156 0.016297089 0.001778539 -0.003178495 0.000548528 -0.005919633 0.004796985 0.999970853
1341846313.721918 0.023031684 0.004824185 -0.005593647 0.000783107 -0.007184717 0.005886989 0.999956548
1341846313.753994 0.026857894 0.002935776 -0.002291733 -0.000038955 -0.007446844 0.007083729 0.999947190
1341846313.789969 0.030957665 0.010078719 -0.005605907 0.002694445 -0.007980794 0.004950199 0.999952257
1341846313.822075 0.026238294 0.013448284 -0.005883159 0.002755086 -0.005074058 0.002465739 0.999980330
1341846313.853928 0.016632492 0.016556444 -0.003341937 0.002754554 0.000145893 0.001514057 0.999995112
1341846313.890011 0.003489671 0.013966596 -0.006914638 0.002048420 0.005063382 0.002503311 0.999981940
1341846313.922055 -0.015056509 0.016231030 -0.010344191 0.000125457 0.009780201 0.002762507 0.999948382
1341846313.957927 -0.052409671 0.023079669 -0.017327830 -0.000547938 0.022496294 0.002739929 0.999743044
1341846313.990058 -0.071236387 0.020825794 -0.012674106 -0.002194729 0.032601763 0.003772135 0.999458909
1341846314.022042 -0.096699394 0.021018729 -0.012782248 -0.004621936 0.039125666 0.005942530 0.999205947
1341846314.057816 -0.115580723 0.028026622 -0.000444772 -0.006845456 0.046977554 0.006135311 0.998853683
1341846314.089801 -0.154080912 0.030872257 -0.006393956 -0.004881511 0.059977785 0.005995400 0.998169780
1341846314.122037 -0.169605538 0.021314455 -0.008064494 -0.008329317 0.066639468 0.009933058 0.997692943
1341846314.157989 -0.176495224 0.030117162 0.006811688 -0.008410808 0.072359785 0.009552909 0.997297406
1341846314.190094 -0.218687862 0.033309430 -0.007683685 -0.007892635 0.084929600 0.012755152 0.996274054
1341846314.225969 -0.227552682 0.036224514 -0.006892014 -0.010328419 0.088909470 0.014705666 0.995877683
1341846314.257923 -0.225162670 0.045516778 0.004287764 -0.010294631 0.091699608 0.014880680 0.995622337
1341846314.290052 -0.234600112 0.050346486 0.002314011 -0.008085580 0.095449932 0.013971400 0.995303333
1341846314.325981 -0.295471728 0.076268561 -0.013685357 -0.004728438 0.107931711 0.010118302 0.994095564
1341846314.357905 -0.290119767 0.080178551 -0.003709332 -0.004706795 0.111388430 0.008910497 0.993725896
1341846314.389899 -0.283656359 0.084650949 -0.002856156 -0.002321551 0.113732085 0.008176886 0.993475139
1341846314.427905 -0.300679743 0.088102840 -0.003315998 -0.002165047 0.119864382 0.005751413 0.992771268
1341846314.493987 -0.294887185 0.092619583 -0.002821548 -0.000153977 0.130884245 -0.002362951 0.991394877
1341846314.526085 -0.315455943 0.095355719 -0.001570826 -0.000001115 0.137180865 -0.004562134 0.990535557
1341846314.558292 -0.310774237 0.097232334 -0.001989357 -0.000903068 0.140184686 -0.004041556 0.990116715
1341846314.594085 -0.324301243 0.100666143 0.005073573 0.001587361 0.149360210 -0.003941475 0.988773763
1341846314.626096 -0.332892060 0.093396798 -0.001631248 0.000325264 0.154972076 -0.001108323 0.987918258
1341846314.658455 -0.315137088 0.096294828 -0.000214206 -0.001685439 0.155312374 -0.003208046 0.987858832
1341846314.694004 -0.334461510 0.118702263 0.004207809 0.003543791 0.164053068 -0.007733991 0.986414850
1341846314.725910 -0.347637147 0.119202197 -0.003844166 0.008831395 0.168943584 -0.003237300 0.985580921
1341846314.761942 -0.345175654 0.115501456 -0.002583140 0.012132486 0.169034883 0.001851664 0.985533655
1341846314.794030 -0.348824322 0.130765021 -0.002899854 0.018028950 0.173487633 0.000701973 0.984670758
1341846314.826092 -0.371209443 0.139027640 -0.008692359 0.021204593 0.182068378 0.000211495 0.983057201
1341846314.862145 -0.374621630 0.139474377 -0.011848996 0.021280792 0.187258363 0.001599825 0.982078850
1341846314.894072 -0.382206053 0.155301571 -0.010213951 0.024149125 0.193457305 0.001609781 0.980810106
1341846314.925969 -0.392708182 0.159221783 -0.015775992 0.025343874 0.198077336 0.004616924 0.979847848
1341846314.961937 -0.383708715 0.150527537 -0.014313113 0.020410562 0.197656676 0.010381759 0.980003834
1341846314.994564 -0.426807523 0.176869988 -0.011168139 0.021851214 0.206880078 0.008757334 0.978083074
1341846315.029900 -0.441337645 0.181008697 -0.008435896 0.022049475 0.214756161 0.006626885 0.976396322
1341846315.061965 -0.448657691 0.177057326 -0.006529963 0.021129975 0.218167469 0.010697788 0.975623965
1341846315.094388 -0.474925995 0.193706363 -0.007060502 0.024549767 0.222001612 0.011885401 0.974664748
1341846315.129851 -0.496075034 0.216180503 -0.008486412 0.030261789 0.226623029 0.009532399 0.973465741
1341846315.161941 -0.547881007 0.207745478 -0.021117836 0.025692986 0.234330013 0.017166415 0.971665919
1341846315.197984 -0.534228563 0.224959105 -0.020260029 0.021700276 0.230232000 0.014755912 0.972781956
1341846315.230076 -0.562200665 0.246386230 -0.018274095 0.021323144 0.235370412 0.009366717 0.971626699
1341846315.262069 -0.554642498 0.228783414 -0.020897837 0.015346792 0.231598109 0.013383633 0.972598433
1341846315.298000 -0.565780222 0.253563255 -0.018837415 0.018495303 0.230485573 0.014061779 0.972798407
1341846315.329931 -0.567477763 0.289208889 -0.010484923 0.028860508 0.230856016 0.010146562 0.972506940
1341846315.361981 -0.582822382 0.294443399 -0.013690766 0.034811944 0.232603967 0.011688570 0.971878111
1341846315.397962 -0.594610035 0.310854226 -0.005144920 0.040949788 0.235908583 0.013176115 0.970822692
1341846315.429923 -0.635098934 0.330235869 0.009297572 0.048495974 0.245843709 0.016328216 0.967957854
1341846315.466047 -0.659211218 0.336335838 0.015730511 0.050523493 0.254453868 0.018099375 0.965594709
1341846315.497883 -0.678007603 0.338477939 0.019385420 0.050863225 0.260309368 0.022948422 0.963911533
1341846315.530008 -0.688844860 0.339365929 0.024513280 0.050983943 0.263879806 0.023715300 0.962915242
1341846315.566108 -0.701145887 0.339983284 0.029962948 0.050368860 0.267810017 0.024732696 0.961836338
1341846315.597986 -0.687544227 0.344389051 0.031183936 0.051230136 0.267321616 0.023685705 0.961953044
1341846315.630109 -0.693579555 0.343254030 0.034546141 0.050675441 0.269952029 0.022672892 0.961272061
1341846315.666042 -0.695588112 0.341431469 0.034593582 0.048939411 0.272230357 0.021833241 0.960738778
1341846315.698114 -0.709239304 0.348694384 0.042214286 0.044032220 0.278776586 0.020385258 0.959129393
1341846315.733985 -0.722594082 0.353250682 0.054181427 0.044238657 0.283626318 0.022957820 0.957638800
1341846315.766041 -0.698813617 0.332150072 0.036216807 0.040817514 0.275559694 0.025217434 0.960085928
1341846315.798188 -0.695851684 0.337151945 0.042379811 0.040458765 0.275108933 0.023900889 0.960264087
1341846315.834140 -0.664101601 0.333367825 0.025269516 0.040847834 0.270612150 0.023131585 0.961543262
1341846315.866751 -0.700878501 0.338995934 0.040054187 0.044248454 0.279282212 0.022454230 0.958926201
1341846315.898492 -0.706409216 0.338483214 0.046455398 0.045566764 0.280487448 0.021907728 0.958525240
1341846315.936901 -0.705548048 0.340567410 0.045578565 0.049076565 0.281506836 0.020887833 0.958075762
1341846315.966572 -0.709087253 0.333015203 0.047024570 0.051012948 0.282922119 0.019841801 0.957579792
1341846316.034204 -0.718828857 0.333496898 0.041430168 0.054382682 0.282553375 0.018357322 0.957532883
1341846316.066113 -0.711823344 0.341795325 0.037487909 0.058599949 0.279780209 0.017503021 0.958114147
1341846316.101867 -0.746277452 0.343034685 0.064849794 0.060372561 0.284318805 0.018315308 0.956651747
1341846316.134066 -0.743698955 0.342312127 0.065035596 0.058449410 0.279956579 0.015602687 0.958104670
1341846316.202049 -0.761506379 0.319231004 0.077901863 0.054950602 0.277274013 0.011436141 0.959150076
1341846316.233979 -0.792925417 0.324524552 0.078526706 0.055816967 0.280083865 0.009649343 0.958302855
1341846316.270052 -0.805235863 0.313523561 0.085789084 0.051856220 0.282675147 0.007059048 0.957786977
1341846316.301915 -0.809009373 0.315771133 0.091776691 0.053266726 0.284121335 0.005998321 0.957288802
1341846316.334208 -0.825562835 0.305106997 0.097161554 0.053390406 0.284877926 0.007126451 0.957049251
1341846316.370006 -0.817105055 0.305338919 0.100631125 0.055933446 0.281819075 0.007578268 0.957805932
1341846316.401994 -0.820149422 0.311440140 0.105363593 0.059423126 0.280982256 0.009700410 0.957822442
1341846316.438069 -0.843591571 0.296982229 0.105436578 0.059524756 0.282918364 0.011552857 0.957225502
1341846316.470076 -0.855457425 0.306263745 0.128938630 0.067450412 0.283632010 0.014615018 0.956446469
1341846316.502034 -0.825694978 0.318213195 0.110105872 0.071150526 0.273701936 0.016173337 0.959042907
1341846316.537975 -0.790219128 0.295093834 0.103630565 0.062913828 0.264345765 0.012891229 0.962287426
1341846316.570121 -0.769746244 0.282827109 0.088845663 0.060666952 0.259390056 0.011780145 0.963793337
1341846316.601885 -0.734267592 0.283514380 0.079384342 0.062797405 0.251934528 0.009609044 0.965656877
1341846316.638009 -0.703890145 0.284895480 0.069951385 0.065448873 0.243624806 0.010260732 0.967604339
1341846316.669925 -0.702710867 0.282785773 0.072174355 0.067316152 0.241591051 0.009664598 0.967992246
1341846316.705941 -0.683866382 0.282285124 0.074086249 0.072236024 0.237599969 0.008928528 0.968632340
1341846316.738062 -0.674498200 0.283944786 0.063641720 0.074500993 0.233894572 0.010564839 0.969345868
1341846316.770433 -0.639701664 0.275954694 0.048606202 0.071885623 0.224770710 0.013462213 0.971663177
1341846316.805932 -0.622838616 0.275776774 0.045166217 0.072961070 0.220777601 0.011699462 0.972521007
1341846316.838029 -0.600768805 0.268266588 0.045831092 0.073020227 0.214204565 0.013398545 0.973963559
1341846316.870034 -0.602725863 0.267137706 0.052726313 0.073862150 0.210751310 0.014154344 0.974642456
1341846316.906344 -0.591017246 0.259886235 0.047374606 0.073159613 0.204581663 0.012325119 0.976033866
1341846316.937940 -0.594656467 0.254669726 0.046902731 0.071626931 0.203139290 0.010380823 0.976471364
1341846316.973994 -0.578646839 0.255755931 0.050966129 0.071106285 0.197595894 0.010208824 0.977648020
1341846317.005913 -0.564662099 0.252174407 0.047803409 0.069561936 0.191274092 0.012235546 0.978992224
1341846317.037936 -0.575801432 0.246371448 0.059668679 0.069150589 0.189873680 0.010983567 0.979308724
1341846317.073972 -0.589241445 0.244061396 0.071155414 0.070272021 0.189857349 0.011571928 0.979225338
1341846317.106113 -0.547447085 0.236402154 0.049603093 0.072598182 0.178581581 0.016729044 0.981100559
1341846317.137887 -0.546375394 0.237616837 0.037497293 0.076283470 0.169517174 0.021504642 0.982335150
1341846317.173970 -0.546482563 0.242148295 0.031431865 0.077678621 0.161216006 0.022424584 0.983601928
1341846317.205887 -0.553371847 0.246176675 0.023297105 0.078347705 0.158300370 0.023636129 0.983993948
1341846317.248131 -0.557666004 0.243956238 0.033443451 0.079951726 0.155486509 0.025352864 0.984270751
1341846317.306289 -0.579539359 0.241474420 0.028187884 0.081033871 0.149969161 0.028838780 0.984942198
1341846317.348137 -0.597127616 0.239240721 0.031176884 0.082277909 0.153662488 0.029542450 0.984248698
1341846317.410120 -0.623370051 0.238189921 0.039468050 0.083626702 0.154540285 0.031921938 0.983923256
1341846317.442569 -0.623970807 0.232732385 0.033592932 0.086511172 0.153217003 0.035326581 0.983764410
1341846317.474010 -0.626151800 0.235643417 0.030120993 0.092688352 0.152318135 0.036946714 0.983281791
1341846317.509927 -0.622058809 0.246983558 0.021563938 0.097237743 0.146789044 0.041439142 0.983504295
1341846317.542282 -0.627207637 0.246459365 0.028698757 0.096144550 0.144245937 0.040484220 0.984027684
1341846317.573943 -0.650479496 0.240051225 0.045547206 0.095453896 0.149390608 0.039417189 0.983370364
1341846317.610159 -0.655545592 0.242182910 0.047205515 0.099044710 0.150678158 0.040000781 0.982795119
1341846317.643553 -0.660512149 0.248577312 0.053407934 0.103008978 0.149424106 0.044151802 0.982401252
1341846317.677993 -0.674976945 0.245231241 0.065670691 0.103454426 0.147385091 0.046051640 0.982575238
1341846317.709996 -0.678158164 0.247051120 0.061424986 0.106272727 0.144468859 0.045262627 0.982744217
1341846317.741834 -0.677542031 0.255381137 0.060322892 0.107375786 0.142041743 0.045832213 0.982951701
1341846317.777923 -0.672231853 0.259473354 0.064470537 0.106077403 0.138981998 0.045964606 0.983523667
1341846317.810021 -0.665668249 0.252092570 0.071548745 0.104298733 0.135984808 0.045760173 0.984142244
1341846317.841886 -0.683068275 0.253428161 0.064053521 0.104483850 0.136433885 0.044985805 0.984096169
1341846317.878017 -0.656337976 0.252822489 0.057938531 0.101001479 0.130613729 0.040896524 0.985427022
1341846317.909910 -0.643626213 0.245669097 0.055507191 0.098518640 0.129051402 0.035440609 0.986095250
1341846317.946031 -0.639121234 0.252480239 0.049455211 0.100500524 0.127216190 0.037096940 0.986072779
1341846317.978041 -0.594943583 0.247387409 0.049740307 0.101417713 0.116916478 0.034596745 0.987343967
1341846318.009897 -0.611238539 0.254197419 0.042511720 0.104848385 0.119287357 0.032989640 0.986756861
1341846318.045949 -0.590279877 0.250717819 0.036427666 0.103694759 0.115588821 0.031518783 0.987366796
1341846318.078074 -0.595836997 0.247872576 0.040844467 0.102352031 0.113586292 0.032567885 0.987705231
1341846318.109894 -0.541318297 0.245204523 0.023949975 0.100008287 0.097782478 0.025807049 0.989833772
1341846318.145957 -0.557303607 0.246244252 0.035876788 0.100024514 0.098759264 0.024243543 0.989774704
1341846318.178001 -0.549105942 0.246261477 0.033942752 0.099142425 0.096505761 0.021454021 0.990150094
1341846318.214074 -0.530080199 0.244935796 0.036487401 0.099541306 0.090426445 0.018528733 0.990742803
1341846318.245970 -0.503793359 0.249007583 0.035861637 0.103663728 0.077595569 0.017921710 0.991419017
1341846318.278018 -0.497319609 0.248088032 0.034110960 0.106898479 0.070787326 0.016764859 0.991605222
1341846318.313937 -0.489416152 0.265137613 0.033860900 0.111846909 0.061474320 0.017509401 0.991667569
1341846318.345989 -0.474884719 0.264829487 0.030356539 0.113523960 0.048978485 0.017571226 0.992171764
1341846318.382046 -0.468113512 0.249336019 0.037101898 0.112239577 0.038993362 0.013364468 0.992825925
1341846318.414072 -0.469079316 0.244160265 0.033411700 0.112453833 0.031269927 0.014300955 0.993061900
1341846318.446035 -0.445745349 0.259094298 0.033933986 0.117472015 0.019173661 0.013194008 0.992803395
1341846318.482196 -0.439613670 0.257249206 0.030118044 0.117936075 0.014952509 0.012274131 0.992832780
1341846318.514144 -0.426343918 0.252955705 0.026715862 0.117325373 0.009932112 0.013678937 0.992949665
1341846318.546259 -0.424156904 0.242563412 0.032466378 0.117483310 0.006931446 0.012278008 0.992974818
1341846318.582042 -0.413624704 0.240862027 0.024939816 0.117476024 0.004789277 0.013552321 0.992971718
1341846318.614115 -0.407611758 0.238864094 0.017578658 0.116733290 0.001413697 0.013896995 0.993065119
1341846318.650038 -0.407841146 0.226346806 0.011397645 0.114115253 -0.000503838 0.013299256 0.993378401
1341846318.682350 -0.411201775 0.242931977 0.011930820 0.117278345 -0.002187750 0.013520239 0.993004680
1341846318.714063 -0.417329848 0.239007026 0.009552961 0.116505302 -0.004196783 0.015187331 0.993065119
1341846318.749905 -0.409887135 0.254435509 0.006360497 0.120408282 -0.006949802 0.016036790 0.992570639
1341846318.782036 -0.349873424 0.245439112 0.002327857 0.119568937 -0.019455880 0.015365067 0.992516339
1341846318.814121 -0.353162408 0.247199401 -0.006930600 0.120038427 -0.026790680 0.016056284 0.992277801
1341846318.850072 -0.373044878 0.246576384 -0.013501635 0.120661400 -0.030974735 0.014153660 0.992109418
1341846318.883516 -0.395599693 0.251935869 -0.010892732 0.125090063 -0.036474105 0.013560308 0.991382003
1341846318.918047 -0.415951818 0.262211800 -0.024870466 0.128602773 -0.046811759 0.012657606 0.990509868
1341846318.950044 -0.411769241 0.259573281 -0.008663914 0.131009206 -0.058635663 0.008118649 0.989612341
1341846318.982028 -0.426989824 0.251952052 -0.010879613 0.130761191 -0.060573749 0.005941628 0.989543855
1341846319.018123 -0.412344694 0.258857667 -0.007986909 0.131899148 -0.071113870 0.007854013 0.988677800
1341846319.050745 -0.408190221 0.258378267 -0.010917806 0.134124950 -0.078547828 0.005074312 0.987833500
1341846319.081905 -0.426096708 0.259987772 -0.012334308 0.139640376 -0.075699754 0.003738746 0.987297416
1341846319.117976 -0.448023498 0.260474056 -0.017466690 0.141264200 -0.074360371 0.010359098 0.987120926
1341846319.150093 -0.483264685 0.258175075 -0.011510694 0.143527552 -0.074917845 0.016911471 0.986661613
1341846319.186069 -0.510971785 0.269457638 -0.021006225 0.145873263 -0.072156727 0.015595697 0.986545086
1341846319.218149 -0.549224675 0.278384060 -0.033238854 0.143286020 -0.061853141 0.013521037 0.987654090
1341846319.250034 -0.588802397 0.278246224 -0.030012827 0.137579620 -0.050221428 0.013411242 0.989125788
1341846319.286594 -0.593636155 0.279191673 -0.019566298 0.136303455 -0.048005525 0.019182621 0.989317358
1341846319.318034 -0.598873258 0.276817530 -0.017097425 0.136876553 -0.047565527 0.023098484 0.989175797
1341846319.350268 -0.636122942 0.276654482 -0.015749332 0.138107330 -0.043113351 0.030160889 0.989018679
1341846319.386163 -0.655702293 0.267356306 -0.031900015 0.138151169 -0.046239167 0.039728530 0.988533199
1341846319.418386 -0.673706651 0.272869289 -0.038701966 0.140003175 -0.049489129 0.039689232 0.988116801
1341846319.453961 -0.709291339 0.275291145 -0.040890090 0.141059011 -0.046206132 0.034503721 0.988320231
1341846319.486271 -0.726222217 0.278724104 -0.043671615 0.140201032 -0.045279574 0.035577469 0.988447189
1341846319.554083 -0.725986660 0.280126035 -0.033657089 0.135098115 -0.053419948 0.036222797 0.988727868
1341846319.586296 -0.773836613 0.285015762 -0.026980165 0.136512995 -0.047075164 0.033140864 0.988964021
1341846319.622031 -0.801772237 0.282753110 -0.039989013 0.134261072 -0.047614433 0.032002304 0.989283919
1341846319.653962 -0.823440969 0.274912536 -0.027003765 0.133126259 -0.050161444 0.030074676 0.989371955
1341846319.686352 -0.838658452 0.274195790 -0.026645031 0.134887561 -0.052880120 0.031918667 0.988933921
1341846319.721992 -0.846677184 0.286026776 -0.029524930 0.137079895 -0.056887805 0.033046175 0.988372862
1341846319.754063 -0.852366388 0.300224721 -0.040308967 0.135068968 -0.059000693 0.032672323 0.988538206
1341846319.786397 -0.856649518 0.297026277 -0.038370546 0.130285814 -0.059189048 0.036555298 0.989032865
1341846319.822008 -0.873262048 0.310268193 -0.026343783 0.129580423 -0.058534574 0.041568466 0.988966525
1341846319.853917 -0.878263235 0.308183789 -0.031274971 0.124261267 -0.059604637 0.045496810 0.989412189
1341846319.889942 -0.891773701 0.294472367 -0.021299757 0.120189980 -0.058873557 0.050904360 0.989695489
1341846319.922039 -0.933687508 0.285973787 -0.024379916 0.119295135 -0.057127763 0.053835548 0.989750922
1341846319.953946 -0.920829535 0.266656131 -0.025871046 0.117104419 -0.065668106 0.049045071 0.989731729
1341846319.990054 -0.897193670 0.267754197 -0.030606681 0.118997052 -0.072208196 0.041325413 0.989402831
1341846320.028122 -0.924251616 0.263660461 -0.034410588 0.120719567 -0.071919702 0.040760845 0.989238560
1341846320.090047 -0.871353209 0.280516684 -0.039907366 0.127340332 -0.086580127 0.038182762 0.987335086
1341846320.122011 -0.859231949 0.285124302 -0.030064519 0.128930852 -0.085467108 0.039318040 0.987181008
1341846320.157952 -0.851290584 0.282409340 -0.034978695 0.128569484 -0.082980119 0.039752189 0.987422884
1341846320.190003 -0.814925373 0.268881410 -0.023847116 0.129995316 -0.083581708 0.036837660 0.987298489
1341846320.221941 -0.818163991 0.270743489 -0.027848370 0.134444103 -0.078851044 0.036934599 0.987088203
1341846320.258015 -0.795597017 0.258957297 -0.027022358 0.137169495 -0.080485709 0.038909636 0.986505270
1341846320.289887 -0.764754355 0.236305609 -0.031222580 0.139511138 -0.084973000 0.039800920 0.985764742
1341846320.321954 -0.729706645 0.219151631 -0.041392218 0.145495161 -0.090262987 0.039189946 0.984453142
1341846320.357890 -0.704949737 0.260837197 -0.018848434 0.157268360 -0.092393197 0.037503589 0.982508838
1341846320.390064 -0.681749284 0.267205775 -0.014835227 0.159625560 -0.091421567 0.037968159 0.982201695
1341846320.426544 -0.625363588 0.268889666 0.004468960 0.163159609 -0.089985482 0.033190481 0.981926680
1341846320.458122 -0.616198123 0.256055117 -0.002556838 0.162533239 -0.082563661 0.030235825 0.982777715
1341846320.490186 -0.545072198 0.255332887 -0.001527829 0.165393308 -0.083641484 0.028939825 0.982248247
1341846320.525911 -0.480097711 0.257189184 -0.005674950 0.168678910 -0.083135977 0.026721306 0.981795251
1341846320.558091 -0.431109816 0.262678921 -0.000326767 0.170406863 -0.084549889 0.022762777 0.981475770
1341846320.594093 -0.372870386 0.265308440 0.014845310 0.172293082 -0.085809119 0.017084409 0.981152415
1341846320.631955 -0.354556382 0.253213763 0.003606296 0.173090324 -0.079315402 0.016063448 0.981575668
1341846320.664916 -0.359480679 0.250950485 -0.008981079 0.172525197 -0.075020462 0.013777050 0.982047498
1341846320.699927 -0.346638829 0.250740886 0.015393825 0.174058586 -0.072548039 0.011260933 0.981994689
1341846320.731822 -0.302385926 0.250659913 0.015272930 0.175798580 -0.070927337 0.010332854 0.981813312
1341846320.763877 -0.270340741 0.271782249 0.017562665 0.175681531 -0.073573753 0.012352499 0.981616199
1341846320.799999 -0.248691678 0.264245510 0.014718307 0.167425156 -0.076470040 0.006140551 0.982895434
1341846320.831871 -0.220644429 0.259725958 0.009137129 0.168895155 -0.066732667 -0.000570718 0.983372211
1341846320.863887 -0.204634711 0.266857952 0.011183361 0.167790800 -0.061097436 0.003579249 0.983920991
1341846320.900014 -0.173228160 0.256955743 0.039255667 0.160165757 -0.070826612 0.010869834 0.984485865
1341846320.931889 -0.150527611 0.255368590 0.036511634 0.162306815 -0.070786908 0.003532327 0.984191656
1341846320.967866 -0.139024168 0.286944717 0.045260023 0.166348562 -0.067144491 0.001509718 0.983777165
1341846321.000017 -0.105614550 0.280375153 0.058987826 0.160028607 -0.070829764 0.000881922 0.984567523
1341846321.031860 -0.060018327 0.266195089 0.061835632 0.156218320 -0.074541949 -0.003749768 0.984898627
1341846321.068047 -0.028328225 0.279296398 0.075219154 0.158877626 -0.074565426 -0.006517185 0.984456956
1341846321.099840 0.011551092 0.286773324 0.093947291 0.158081040 -0.078409560 -0.006111175 0.984289110
1341846321.131821 0.043557286 0.279323846 0.110692210 0.158261716 -0.079012938 -0.009081605 0.984188855
1341846321.167887 0.089380436 0.288667202 0.120933883 0.162546560 -0.080910690 -0.007754031 0.983347297
1341846321.200042 0.133356601 0.291276217 0.141212195 0.164061964 -0.084154874 -0.008476724 0.982817292
1341846321.231950 0.167521462 0.285974532 0.153400183 0.163333893 -0.087528311 -0.009790373 0.982631683
1341846321.267939 0.196611896 0.298327595 0.163463876 0.166239500 -0.087770969 -0.015264577 0.982052803
1341846321.299948 0.204862654 0.297495455 0.179199889 0.166323930 -0.082750171 -0.022316158 0.982339442
1341846321.331858 0.222246990 0.306910217 0.195531934 0.168975398 -0.082029589 -0.026046256 0.981855452
1341846321.367913 0.246014476 0.290224344 0.197701797 0.168950930 -0.080832176 -0.032747976 0.981758296
1341846321.399897 0.236016646 0.298194945 0.200024530 0.172180742 -0.073311225 -0.034373984 0.981732011
1341846321.435994 0.250710517 0.296239674 0.208713248 0.174297616 -0.071479246 -0.034521844 0.981488287
1341846321.467946 0.277105600 0.303200036 0.219988108 0.177683562 -0.071876898 -0.034735374 0.980844378
1341846321.499882 0.300532460 0.301063955 0.233770862 0.179586172 -0.071112052 -0.034520868 0.980561197
1341846321.536109 0.331568450 0.306003034 0.222722068 0.179785237 -0.068293467 -0.038350161 0.980582774
1341846321.568960 0.312938511 0.323620200 0.234463841 0.179402441 -0.059449270 -0.039570481 0.981180310
1341846321.603938 0.333367079 0.313046724 0.233194560 0.175091341 -0.059136856 -0.040375564 0.981944859
1341846321.637163 0.345618904 0.312710911 0.211062863 0.171404406 -0.053070795 -0.041684330 0.982886791
1341846321.668306 0.339078814 0.323892832 0.226165354 0.169371232 -0.043254659 -0.038919169 0.983833194
1341846321.704411 0.320896536 0.323376656 0.236096203 0.165915206 -0.041155502 -0.030563170 0.984806716
1341846321.736861 0.352383584 0.319604754 0.238783523 0.164107621 -0.047879584 -0.023513049 0.984999180
1341846321.771881 0.379995167 0.343041956 0.243706360 0.164058924 -0.051042907 -0.018487547 0.984955668
1341846321.804114 0.391665637 0.328618377 0.239855260 0.157425478 -0.049593322 -0.016457167 0.986147523
1341846321.836152 0.406479895 0.342454106 0.249258429 0.156851232 -0.049227521 -0.015547683 0.986272097
1341846321.871882 0.417194068 0.353248388 0.252133727 0.153085813 -0.048663445 -0.019092783 0.986829340
1341846321.904074 0.429780036 0.363330781 0.257783145 0.148666933 -0.047756042 -0.023261333 0.987459600
1341846321.939847 0.432026267 0.349893808 0.259883016 0.143115059 -0.044461191 -0.025822474 0.988369644
1341846322.004094 0.418807447 0.352047145 0.264683247 0.136867806 -0.044512816 -0.027001850 0.989220262
1341846322.066178 0.448793411 0.333030283 0.263388306 0.130292267 -0.041789655 -0.030144623 0.990135789
1341846322.107979 0.445982724 0.306436986 0.264568120 0.125355944 -0.039893053 -0.031251468 0.990816772
1341846322.166164 0.433289319 0.270379692 0.248541847 0.124429710 -0.038621377 -0.030902369 0.990994811
1341846322.202932 0.434498250 0.263046592 0.249932885 0.125222325 -0.041124046 -0.031156307 0.990786314
1341846322.234093 0.430869699 0.253624350 0.242147595 0.122724622 -0.042009525 -0.033328447 0.990990996
1341846322.265941 0.432629257 0.242279992 0.244598195 0.119920768 -0.045315795 -0.032199133 0.991225898
1341846322.301996 0.442198426 0.207510039 0.239736766 0.114017524 -0.048008613 -0.031921305 0.991804540
1341846322.333949 0.432566047 0.171467483 0.221703157 0.108298935 -0.049330037 -0.032472149 0.992362559
1341846322.369871 0.449895144 0.138766393 0.224645466 0.106183618 -0.057032399 -0.036418848 0.992041349
1341846322.402292 0.485918343 0.098082893 0.225429997 0.104879595 -0.060063791 -0.045265350 0.991636872
1341846322.433955 0.467469215 0.065930001 0.218371898 0.106250234 -0.057207655 -0.046683297 0.991594136
1341846322.470030 0.470729649 0.075623378 0.220894992 0.117475219 -0.062685788 -0.043664407 0.990133107
1341846322.502433 0.469643056 0.033683352 0.220909938 0.118647456 -0.065425850 -0.041189529 0.989922047
1341846322.534002 0.456184119 0.023636525 0.223142371 0.127582580 -0.063900672 -0.039335437 0.988985419
1341846322.570196 0.458694726 0.025313500 0.227778509 0.138619423 -0.065623380 -0.033448670 0.987602890
1341846322.601920 0.450701684 -0.009644918 0.212538496 0.138638049 -0.068634532 -0.031887963 0.987447202
1341846322.638119 0.500949621 -0.073280253 0.201493502 0.135347739 -0.079544559 -0.032339159 0.987070322
1341846322.669947 0.514532447 -0.066868864 0.198044762 0.141674548 -0.077680297 -0.033419341 0.986294687
1341846322.702026 0.484770298 -0.085024759 0.192977801 0.142474726 -0.072310165 -0.031008422 0.986666441
1341846322.738006 0.494623989 -0.055699427 0.204382628 0.148241833 -0.076373763 -0.029261498 0.985563397
1341846322.770087 0.497932225 -0.094357662 0.205059320 0.143680125 -0.076219343 -0.029347923 0.986248136
1341846322.806047 0.480858535 -0.108804606 0.196911201 0.145456657 -0.074561119 -0.026834311 0.986186028
1341846322.838063 0.475651860 -0.115228035 0.196192518 0.146711230 -0.078739427 -0.023943378 0.985749781
1341846322.870081 0.488408417 -0.129787117 0.200059593 0.147125557 -0.085541256 -0.023254054 0.985137582
1341846322.906018 0.501369238 -0.105398096 0.208850503 0.155197844 -0.088964045 -0.025360990 0.983542502
1341846322.938349 0.492669553 -0.054779798 0.216189712 0.162788704 -0.086625360 -0.023670521 0.982565880
1341846322.970069 0.488343149 -0.065796375 0.214541167 0.156694785 -0.086123340 -0.023249798 0.983610213
1341846323.011820 0.490865588 -0.090306826 0.220759749 0.152099073 -0.086331315 -0.022402531 0.984332740
1341846323.073951 0.499650180 -0.096857108 0.216086730 0.148092583 -0.087664708 -0.018722489 0.984902501
1341846323.105962 0.488848567 -0.132632032 0.220297098 0.141932786 -0.086343683 -0.020524265 0.985889792
1341846323.138158 0.496865988 -0.130808860 0.223580733 0.143295065 -0.087520666 -0.023665765 0.985518456
1341846323.174092 0.500846624 -0.130846336 0.221928313 0.141392305 -0.088553898 -0.023880279 0.985695779
1341846323.206059 0.523278952 -0.147127226 0.225734264 0.137106746 -0.091738783 -0.027424233 0.985917687
1341846323.238053 0.534015894 -0.169008583 0.227283835 0.131759018 -0.089879572 -0.028443860 0.986788869
1341846323.273997 0.515718758 -0.181072280 0.214953378 0.125179023 -0.087813981 -0.027930940 0.987845540
1341846323.305946 0.527019083 -0.186010122 0.229178876 0.120493926 -0.093621351 -0.028352140 0.987882793
1341846323.342027 0.556858242 -0.214311749 0.232422858 0.117121130 -0.094230749 -0.030911401 0.988153696
1341846323.374048 0.532501400 -0.232660085 0.221688882 0.114948235 -0.088482954 -0.027495969 0.989040792
1341846323.405987 0.534273326 -0.260687202 0.215659961 0.110743932 -0.093968838 -0.021570995 0.989161432
1341846323.441956 0.544732928 -0.279879123 0.219711751 0.110292867 -0.098950081 -0.020254536 0.988753796
1341846323.473878 0.524447620 -0.302122295 0.207946911 0.113537155 -0.094373316 -0.023888754 0.988752961
1341846323.506129 0.532500923 -0.292204440 0.218207732 0.116852894 -0.096567862 -0.024830090 0.988131344
1341846323.541972 0.534013152 -0.274114400 0.220197946 0.118432067 -0.096160479 -0.026107782 0.987950146
1341846323.573913 0.565408051 -0.311272055 0.231890783 0.114177741 -0.095711492 -0.030361025 0.988372922
1341846323.609927 0.568427742 -0.325147271 0.221261501 0.114056371 -0.090217836 -0.033543907 0.988800645
1341846323.642014 0.555319130 -0.340204984 0.224317968 0.111803994 -0.088172659 -0.033008538 0.989260316
1341846323.674081 0.560071826 -0.371580929 0.218119949 0.107481733 -0.090766862 -0.029989306 0.989600778
1341846323.710069 0.545894921 -0.390576273 0.213246316 0.108221509 -0.090307795 -0.027877098 0.989623904
1341846323.742111 0.544860780 -0.404827952 0.216340989 0.112805389 -0.093223639 -0.028562564 0.988821805
1341846323.774928 0.549672663 -0.412157565 0.211850092 0.114850961 -0.096083477 -0.031074131 0.988236606
1341846323.810012 0.548283219 -0.423467189 0.211080804 0.115414716 -0.096900940 -0.035039663 0.987958431
1341846323.842207 0.571816325 -0.446507871 0.212983042 0.114436805 -0.100185141 -0.037826281 0.987641811
1341846323.878019 0.551868618 -0.473125935 0.208620995 0.111458175 -0.098824948 -0.041342176 0.987978518
1341846323.909826 0.545175910 -0.507813513 0.204927295 0.112562247 -0.099735647 -0.048223782 0.987449765
1341846323.942459 0.543065250 -0.502078533 0.203098133 0.116907559 -0.099768095 -0.046378050 0.987029910
1341846323.978055 0.525156260 -0.489515513 0.199753329 0.122115321 -0.100786604 -0.046098195 0.986308694
1341846324.015934 0.536580920 -0.506908536 0.197277814 0.123321727 -0.103874847 -0.045325886 0.985873878
1341846324.047722 0.542047441 -0.490020722 0.195090011 0.128756806 -0.102960274 -0.046685774 0.985211313
1341846324.083904 0.553865731 -0.458918691 0.201218784 0.132026434 -0.102787174 -0.043927930 0.984923422
1341846324.115968 0.545975626 -0.462488681 0.203807235 0.129393578 -0.099608794 -0.047432814 0.985436738
1341846324.151967 0.579834223 -0.443419665 0.207859188 0.131471828 -0.100898720 -0.049617030 0.984922767
1341846324.183941 0.569384515 -0.436310291 0.203999579 0.128302693 -0.095164329 -0.053717010 0.985696018
1341846324.219984 0.555408061 -0.435792387 0.206912324 0.123681024 -0.091835357 -0.054625295 0.986552238
1341846324.251968 0.553614795 -0.444335908 0.203846678 0.121721603 -0.091488332 -0.055096794 0.986801982
1341846324.284052 0.543843150 -0.427214444 0.208580628 0.123234622 -0.091607936 -0.057698626 0.986454308
1341846324.319880 0.542168796 -0.411535472 0.201429486 0.121546730 -0.094815597 -0.057602860 0.986366212
1341846324.351917 0.534967065 -0.385038167 0.207402170 0.120740838 -0.096695893 -0.061350059 0.986056626
1341846324.388001 0.546757340 -0.351667404 0.210548818 0.120607540 -0.096875176 -0.066103891 0.985748112
1341846324.419908 0.558867455 -0.336594075 0.209216207 0.116554715 -0.095688254 -0.065440521 0.986395657
1341846324.452027 0.537939429 -0.304960847 0.208615646 0.116791755 -0.091717556 -0.065063655 0.986769617
1341846324.487928 0.515622079 -0.273455143 0.203675553 0.118770413 -0.088337697 -0.063409410 0.986949503
1341846324.519985 0.507649958 -0.259301513 0.204306602 0.116877161 -0.090246253 -0.058161628 0.987325966
1341846324.556001 0.525022030 -0.241290689 0.204438716 0.115309171 -0.098071083 -0.054463979 0.986974955
1341846324.587888 0.504564106 -0.187885925 0.207478404 0.118433669 -0.097098917 -0.053070810 0.986777008
1341846324.620086 0.507029235 -0.174400419 0.208695725 0.117389351 -0.099741943 -0.056218144 0.986463845
1341846324.655955 0.500799119 -0.142318591 0.212427631 0.119952843 -0.099064402 -0.057870734 0.986128092
1341846324.688082 0.496397823 -0.140420422 0.220387191 0.119195022 -0.098830424 -0.056907751 0.986299455
1341846324.755922 0.462863684 -0.060548477 0.210113049 0.126820445 -0.097125076 -0.052527077 0.985760748
1341846324.814016 0.498235047 -0.008089596 0.213783368 0.127051160 -0.105343811 -0.058744218 0.984535336
1341846324.849979 0.481864899 0.026788324 0.217327878 0.125595927 -0.099806964 -0.060055453 0.985219598
1341846324.881924 0.465699345 0.022139469 0.214927748 0.120648578 -0.099177547 -0.060350582 0.985883176
1341846324.913902 0.468687147 0.044616457 0.220176116 0.121882193 -0.100446999 -0.057552848 0.985770166
1341846324.949999 0.460044503 0.035600040 0.221500829 0.120773375 -0.099897265 -0.054906685 0.986113369
1341846324.981922 0.466872483 0.045689046 0.217910543 0.124896035 -0.104642451 -0.049652908 0.985386014
1341846325.018013 0.458908260 0.066144459 0.215121359 0.130170420 -0.108420439 -0.048355766 0.984358907
1341846325.050079 0.457578361 0.100810990 0.207788080 0.135130778 -0.113004640 -0.049306359 0.983126879
1341846325.081901 0.445245266 0.137570560 0.211044848 0.138076365 -0.115477741 -0.053036585 0.982235730
1341846325.118531 0.464847237 0.175126404 0.230186462 0.139257029 -0.119281702 -0.055881716 0.981456399
1341846325.149933 0.454772383 0.169807956 0.229965523 0.132099971 -0.114893243 -0.057608873 0.982868433
1341846325.181925 0.448065221 0.178009182 0.228157863 0.129269198 -0.113034673 -0.055254523 0.983595252
1341846325.218055 0.462707222 0.194082066 0.233459324 0.127694711 -0.115427136 -0.050544120 0.983776391
1341846325.249811 0.442688584 0.213542730 0.229930669 0.127525806 -0.112305038 -0.048185967 0.984277844
1341846325.285925 0.458078146 0.229415283 0.238960251 0.126341268 -0.115379132 -0.045472544 0.984204173
1341846325.317988 0.469447106 0.219691962 0.248958915 0.122855186 -0.114005551 -0.043770224 0.984882534
1341846325.349844 0.473473817 0.206986293 0.251725435 0.123953536 -0.110644825 -0.039846815 0.985294700
1341846325.387302 0.486605346 0.227806449 0.253908187 0.130290464 -0.109987698 -0.035532773 0.984715462
1341846325.417931 0.477212161 0.232189193 0.245792732 0.133307844 -0.102956727 -0.034849230 0.985096157
1341846325.450747 0.485785306 0.226840034 0.248016000 0.138217255 -0.096430697 -0.031500652 0.985192835
1341846325.485954 0.485708177 0.268928200 0.269688308 0.151972339 -0.090985566 -0.028499834 0.983775318
1341846325.517875 0.486862123 0.280486733 0.265499502 0.156688407 -0.088873804 -0.025206164 0.983318269
1341846325.553859 0.490127057 0.295673192 0.271747708 0.161800757 -0.085638568 -0.023664284 0.982815623
1341846325.585855 0.467805117 0.342361510 0.281942725 0.170002386 -0.079244256 -0.025263134 0.981927395
1341846325.617990 0.466521025 0.372502327 0.279682189 0.169593737 -0.076914281 -0.025453119 0.982178330
1341846325.653982 0.454675585 0.344237149 0.277563632 0.163704336 -0.073177561 -0.030100737 0.983331025
1341846325.685819 0.443375885 0.349055022 0.286197603 0.169616759 -0.070782751 -0.027034091 0.982593060
1341846325.717857 0.432179630 0.380222797 0.298257917 0.178043187 -0.069226407 -0.020987395 0.981360257
1341846325.754083 0.439272761 0.382661521 0.294381976 0.180353120 -0.070734151 -0.015477847 0.980933189
1341846325.786087 0.442846924 0.379047245 0.292626679 0.185316637 -0.070867166 -0.014291884 0.980015993
1341846325.821856 0.449050665 0.428986400 0.303325951 0.195627838 -0.070507720 -0.011829506 0.978068769
1341846325.853827 0.433890879 0.439214826 0.302746415 0.196957245 -0.068588756 -0.008238551 0.977975249
1341846325.885958 0.408926845 0.472119421 0.303632081 0.200184688 -0.068905763 -0.001983941 0.977330208
1341846325.921984 0.440861762 0.464590758 0.308526009 0.197608247 -0.077493675 0.001576075 0.977211952
1341846325.953899 0.453072250 0.458661020 0.313911974 0.199654028 -0.078408137 0.001308023 0.976723492
1341846325.985823 0.447010100 0.499350369 0.328056425 0.207056686 -0.075839601 0.008818457 0.975345135
1341846326.021991 0.414328486 0.503300667 0.328487098 0.209775805 -0.071313806 0.014284128 0.975040734
1341846326.054055 0.409618556 0.521883488 0.334829301 0.216477677 -0.071251795 0.017463708 0.973527431
1341846326.089984 0.441673309 0.556556404 0.336570889 0.222403437 -0.074531905 0.018166943 0.971931934
1341846326.121822 0.451106787 0.569169044 0.339859694 0.223159298 -0.071147360 0.016550809 0.972041249
1341846326.154079 0.442812920 0.569916785 0.343345165 0.223963872 -0.067965142 0.015646229 0.972098827
1341846326.190178 0.410649419 0.600238979 0.349631637 0.229458973 -0.063677602 0.018399926 0.971058846
1341846326.222162 0.418107837 0.648980975 0.372025043 0.234777480 -0.067665800 0.024342442 0.969385564
1341846326.259181 0.424076647 0.660535634 0.383156151 0.232204750 -0.071593806 0.027604528 0.969635665
1341846326.322766 0.437987924 0.678581834 0.393030316 0.224272579 -0.072905958 0.027553203 0.971404850
1341846326.359773 0.429912239 0.687793434 0.377394438 0.220399082 -0.068914644 0.025206560 0.972645700
1341846326.392109 0.435707271 0.677558720 0.398542255 0.218983307 -0.068546474 0.026001967 0.972970545
1341846326.423985 0.404398263 0.698560715 0.403996021 0.225945026 -0.063398063 0.031640012 0.971559823
1341846326.459869 0.408248603 0.725156963 0.398481101 0.229506359 -0.067033574 0.034108166 0.970396817
1341846326.526163 0.421573609 0.811561763 0.444161773 0.240962312 -0.066487409 0.033129238 0.967687488
1341846326.560211 0.422689378 0.824655771 0.460567921 0.238249883 -0.063293889 0.034204271 0.968535483
1341846326.591828 0.436073005 0.826841414 0.450142115 0.234747693 -0.063733675 0.036521122 0.969276965
1341846326.627027 0.446676105 0.835576534 0.467764944 0.234239936 -0.064262018 0.037512440 0.969327033
1341846326.658442 0.439830363 0.855366647 0.472437441 0.232519910 -0.058284309 0.037959401 0.970101297
1341846326.694856 0.431413889 0.868397772 0.485322326 0.229436532 -0.054451518 0.039108295 0.971012115
1341846326.726206 0.417074353 0.887118995 0.483191580 0.225212827 -0.050101865 0.035764240 0.972363114
1341846326.762753 0.432326674 0.924450278 0.500411689 0.224118948 -0.048594911 0.032877263 0.972794056
1341846326.826821 0.434732229 0.930551648 0.507535934 0.205699980 -0.043268777 0.031356648 0.977155089
1341846326.858887 0.433673024 0.927143633 0.516026974 0.197579384 -0.041685943 0.029348278 0.978960335
1341846326.895360 0.436929315 0.928931952 0.520117640 0.196623281 -0.043927621 0.031031879 0.979002893
1341846326.926897 0.419609934 0.970579684 0.539017498 0.205245495 -0.045115780 0.031744204 0.977154672
1341846326.958888 0.424942464 0.979771554 0.538544655 0.206591100 -0.047734022 0.035332028 0.976623356
1341846326.994594 0.427873433 0.978120148 0.533270061 0.204363793 -0.047442958 0.036969401 0.977045536
1341846327.026301 0.425676167 0.985365510 0.535427868 0.200752705 -0.045002591 0.033957988 0.978018403
1341846327.063945 0.390848041 1.015687227 0.533026874 0.202989459 -0.036364779 0.029995453 0.978045642
1341846327.094662 0.429740936 0.988152802 0.543174922 0.196443170 -0.040116128 0.029461393 0.979251206
1341846327.128901 0.408948421 0.994506121 0.544231176 0.195100799 -0.036613502 0.028758015 0.979677558
1341846327.161940 0.416730165 0.987409115 0.543289959 0.190448716 -0.038811594 0.028858487 0.980505109
1341846327.193867 0.423896313 0.981389463 0.537704289 0.187563881 -0.038013447 0.026574811 0.981156766
1341846327.229885 0.407459557 1.001694441 0.522745907 0.189801112 -0.031572498 0.022931021 0.981046855
1341846327.262014 0.346274137 1.011083722 0.513477981 0.189368039 -0.014731793 0.018692899 0.981617689
1341846327.294023 0.294156402 1.019830227 0.506391585 0.193390697 0.007196218 0.014195699 0.980992734
1341846327.330015 0.267164111 1.035519958 0.497718185 0.195916429 0.021320960 0.013236019 0.980299473
1341846327.361939 0.245591462 1.068114281 0.470806748 0.194920659 0.032523394 0.006441303 0.980258465
1341846327.393887 0.216861829 1.101102710 0.468588114 0.198327661 0.040118199 0.001001905 0.979313910
1341846327.429966 0.194524586 1.099729300 0.441816717 0.189928457 0.042941589 -0.005128501 0.980844975
1341846327.461965 0.176084802 1.089499831 0.425921768 0.175756499 0.040675990 -0.009595244 0.983546138
1341846327.497931 0.137793630 1.079746246 0.424783498 0.168239027 0.047621109 -0.014350660 0.984490693
1341846327.530068 0.089126036 1.088573217 0.424100906 0.165805772 0.055940818 -0.011778485 0.984500051
1341846327.561895 0.036492564 1.092294097 0.436695576 0.163830057 0.062437680 -0.007675439 0.984480739
1341846327.598010 0.010485758 1.090183735 0.439982653 0.163848788 0.063562490 -0.004516463 0.984425187
1341846327.629945 -0.007074803 1.113481760 0.440353394 0.165350676 0.061515398 -0.006165740 0.984295189
1341846327.662003 -0.016902855 1.103089452 0.435877055 0.163095340 0.060097568 -0.010064430 0.984726787
1341846327.697919 -0.039600715 1.128998995 0.437828302 0.167125732 0.063482523 -0.009476128 0.983844101
1341846327.730075 -0.084938854 1.134138346 0.432968318 0.159875289 0.070003681 -0.009453008 0.984606504
1341846327.766017 -0.119247839 1.139814258 0.435783565 0.154675946 0.075363547 -0.008361088 0.985051155
1341846327.797917 -0.129287750 1.146827817 0.426993579 0.146879360 0.076295495 -0.005025385 0.986194849
1341846327.830054 -0.134153679 1.152357578 0.434148341 0.140412331 0.077272110 -0.004780397 0.987061560
1341846327.865944 -0.137117580 1.150591135 0.435964197 0.135015666 0.080169536 -0.004215613 0.987585902
1341846327.898010 -0.143506274 1.159959793 0.444746226 0.131522313 0.082102403 -0.004130356 0.987898827
1341846327.929991 -0.135337383 1.162835240 0.442854553 0.125053555 0.079797812 -0.005152182 0.988922358
1341846327.966065 -0.137692466 1.167542696 0.441769719 0.118592367 0.081272490 -0.007885495 0.989579976
1341846327.998073 -0.137249574 1.171735406 0.443494648 0.110810779 0.082988836 -0.009282040 0.990327060
1341846328.034045 -0.149301782 1.181058407 0.446551919 0.105864763 0.086887889 -0.011613292 0.990509152
1341846328.065993 -0.170695782 1.164361715 0.450221628 0.097167172 0.091152944 -0.009645789 0.991038203
1341846328.098045 -0.175236791 1.153481841 0.451849699 0.095939271 0.092151701 -0.008118136 0.991079152
1341846328.133967 -0.174966887 1.155819416 0.447807759 0.099475130 0.089976408 -0.004693027 0.990952611
1341846328.166023 -0.169929788 1.154955506 0.444716662 0.099175185 0.085811488 -0.004312423 0.991353691
1341846328.198018 -0.157021999 1.141760230 0.432407975 0.098569632 0.080642790 -0.007395232 0.991829693
1341846328.234044 -0.154692963 1.147411227 0.429922312 0.104904041 0.078481130 -0.007767610 0.991350353
1341846328.265899 -0.157101586 1.132381558 0.432631910 0.106539547 0.076531343 -0.008750643 0.991320193
1341846328.302051 -0.186706722 1.128011584 0.437986642 0.111828201 0.081390075 -0.008373919 0.990353465
1341846328.333917 -0.210850969 1.112632871 0.454402030 0.116063483 0.084110260 -0.003570497 0.989667654
1341846328.366008 -0.248804554 1.082902312 0.472562224 0.118857145 0.090653054 -0.007003217 0.988739610
1341846328.402010 -0.291152954 1.044838190 0.477218688 0.127485484 0.098894753 -0.005026586 0.986885011
1341846328.433920 -0.335256487 0.988540173 0.462373585 0.122246474 0.103636086 -0.004924444 0.987061858
1341846328.470003 -0.360959500 0.966733932 0.485705078 0.122186437 0.106542423 -0.008348197 0.986736834
1341846328.502194 -0.399706721 0.954900563 0.498899162 0.126087174 0.115825683 -0.015417784 0.985113561
1341846328.534033 -0.452918410 0.946615040 0.506366909 0.129396051 0.128532365 -0.018106312 0.983060658
1341846328.570125 -0.507372856 0.926784217 0.512726128 0.131412745 0.138030410 -0.016552998 0.981531620
1341846328.602804 -0.540779412 0.895343184 0.521524847 0.136766046 0.135960832 -0.010570874 0.981171727
1341846328.672663 -0.533027351 0.946056604 0.543129206 0.163154572 0.122417323 -0.017833622 0.978813887
1341846328.672663 -0.533027351 0.946056604 0.543129206 0.163154572 0.122417323 -0.017833622 0.978813887
1341846328.672663 -0.533027351 0.946056604 0.543129206 0.163154572 0.122417323 -0.017833622 0.978813887
1341846328.672663 -0.533027351 0.946056604 0.543129206 0.163154572 0.122417323 -0.017833622 0.978813887
1341846328.672663 -0.533027351 0.946056604 0.543129206 0.163154572 0.122417323 -0.017833622 0.978813887
1341846328.672663 -0.533027351 0.946056604 0.543129206 0.163154572 0.122417323 -0.017833622 0.978813887
1341846328.672663 -0.533027351 0.946056604 0.543129206 0.163154572 0.122417323 -0.017833622 0.978813887
1341846328.672663 -0.533027351 0.946056604 0.543129206 0.163154572 0.122417323 -0.017833622 0.978813887
1341846328.672663 -0.533027351 0.946056604 0.543129206 0.163154572 0.122417323 -0.017833622 0.978813887
1341846328.672663 -0.533027351 0.946056604 0.543129206 0.163154572 0.122417323 -0.017833622 0.978813887
1341846328.672663 -0.533027351 0.946056604 0.543129206 0.163154572 0.122417323 -0.017833622 0.978813887
1341846328.672663 -0.533027351 0.946056604 0.543129206 0.163154572 0.122417323 -0.017833622 0.978813887
1341846328.672663 -0.533027351 0.946056604 0.543129206 0.163154572 0.122417323 -0.017833622 0.978813887
1341846328.672663 -0.533027351 0.946056604 0.543129206 0.163154572 0.122417323 -0.017833622 0.978813887
1341846328.672663 -0.533027351 0.946056604 0.543129206 0.163154572 0.122417323 -0.017833622 0.978813887
1341846328.672663 -0.533027351 0.946056604 0.543129206 0.163154572 0.122417323 -0.017833622 0.978813887
1341846328.672663 -0.533027351 0.946056604 0.543129206 0.163154572 0.122417323 -0.017833622 0.978813887
1341846328.672663 -0.533027351 0.946056604 0.543129206 0.163154572 0.122417323 -0.017833622 0.978813887
1341846328.672663 -0.533027351 0.946056604 0.543129206 0.163154572 0.122417323 -0.017833622 0.978813887
1341846328.672663 -0.533027351 0.946056604 0.543129206 0.163154572 0.122417323 -0.017833622 0.978813887
1341846328.672663 -0.533027351 0.946056604 0.543129206 0.163154572 0.122417323 -0.017833622 0.978813887
1341846328.672663 -0.533027351 0.946056604 0.543129206 0.163154572 0.122417323 -0.017833622 0.978813887
1341846328.672663 -0.533027351 0.946056604 0.543129206 0.163154572 0.122417323 -0.017833622 0.978813887
1341846328.672663 -0.533027351 0.946056604 0.543129206 0.163154572 0.122417323 -0.017833622 0.978813887
1341846328.672663 -0.533027351 0.946056604 0.543129206 0.163154572 0.122417323 -0.017833622 0.978813887
1341846328.672663 -0.533027351 0.946056604 0.543129206 0.163154572 0.122417323 -0.017833622 0.978813887
1341846328.672663 -0.533027351 0.946056604 0.543129206 0.163154572 0.122417323 -0.017833622 0.978813887
1341846328.672663 -0.533027351 0.946056604 0.543129206 0.163154572 0.122417323 -0.017833622 0.978813887
1341846328.672663 -0.533027351 0.946056604 0.543129206 0.163154572 0.122417323 -0.017833622 0.978813887
1341846328.672663 -0.533027351 0.946056604 0.543129206 0.163154572 0.122417323 -0.017833622 0.978813887
1341846328.672663 -0.533027351 0.946056604 0.543129206 0.163154572 0.122417323 -0.017833622 0.978813887
1341846328.672663 -0.533027351 0.946056604 0.543129206 0.163154572 0.122417323 -0.017833622 0.978813887
1341846328.672663 -0.533027351 0.946056604 0.543129206 0.163154572 0.122417323 -0.017833622 0.978813887
1341846328.672663 -0.533027351 0.946056604 0.543129206 0.163154572 0.122417323 -0.017833622 0.978813887
1341846328.672663 -0.533027351 0.946056604 0.543129206 0.163154572 0.122417323 -0.017833622 0.978813887
1341846328.672663 -0.533027351 0.946056604 0.543129206 0.163154572 0.122417323 -0.017833622 0.978813887
1341846328.672663 -0.533027351 0.946056604 0.543129206 0.163154572 0.122417323 -0.017833622 0.978813887
1341846328.672663 -0.533027351 0.946056604 0.543129206 0.163154572 0.122417323 -0.017833622 0.978813887
1341846328.672663 -0.533027351 0.946056604 0.543129206 0.163154572 0.122417323 -0.017833622 0.978813887
1341846328.672663 -0.533027351 0.946056604 0.543129206 0.163154572 0.122417323 -0.017833622 0.978813887
1341846328.672663 -0.533027351 0.946056604 0.543129206 0.163154572 0.122417323 -0.017833622 0.978813887
1341846328.672663 -0.533027351 0.946056604 0.543129206 0.163154572 0.122417323 -0.017833622 0.978813887
1341846328.672663 -0.533027351 0.946056604 0.543129206 0.163154572 0.122417323 -0.017833622 0.978813887
1341846328.672663 -0.533027351 0.946056604 0.543129206 0.163154572 0.122417323 -0.017833622 0.978813887
1341846328.672663 -0.533027351 0.946056604 0.543129206 0.163154572 0.122417323 -0.017833622 0.978813887
1341846328.672663 -0.533027351 0.946056604 0.543129206 0.163154572 0.122417323 -0.017833622 0.978813887
1341846328.672663 -0.533027351 0.946056604 0.543129206 0.163154572 0.122417323 -0.017833622 0.978813887
1341846328.672663 -0.533027351 0.946056604 0.543129206 0.163154572 0.122417323 -0.017833622 0.978813887
1341846328.672663 -0.533027351 0.946056604 0.543129206 0.163154572 0.122417323 -0.017833622 0.978813887
1341846328.672663 -0.533027351 0.946056604 0.543129206 0.163154572 0.122417323 -0.017833622 0.978813887
1341846328.672663 -0.533027351 0.946056604 0.543129206 0.163154572 0.122417323 -0.017833622 0.978813887
1341846328.672663 -0.533027351 0.946056604 0.543129206 0.163154572 0.122417323 -0.017833622 0.978813887
1341846328.672663 -0.533027351 0.946056604 0.543129206 0.163154572 0.122417323 -0.017833622 0.978813887
1341846328.672663 -0.533027351 0.946056604 0.543129206 0.163154572 0.122417323 -0.017833622 0.978813887
1341846328.672663 -0.533027351 0.946056604 0.543129206 0.163154572 0.122417323 -0.017833622 0.978813887
1341846328.672663 -0.533027351 0.946056604 0.543129206 0.163154572 0.122417323 -0.017833622 0.978813887
1341846328.672663 -0.533027351 0.946056604 0.543129206 0.163154572 0.122417323 -0.017833622 0.978813887
1341846328.672663 -0.533027351 0.946056604 0.543129206 0.163154572 0.122417323 -0.017833622 0.978813887
1341846328.672663 -0.533027351 0.946056604 0.543129206 0.163154572 0.122417323 -0.017833622 0.978813887
1341846328.672663 -0.533027351 0.946056604 0.543129206 0.163154572 0.122417323 -0.017833622 0.978813887
1341846328.672663 -0.533027351 0.946056604 0.543129206 0.163154572 0.122417323 -0.017833622 0.978813887
1341846328.672663 -0.533027351 0.946056604 0.543129206 0.163154572 0.122417323 -0.017833622 0.978813887
1341846328.672663 -0.533027351 0.946056604 0.543129206 0.163154572 0.122417323 -0.017833622 0.978813887
1341846328.672663 -0.533027351 0.946056604 0.543129206 0.163154572 0.122417323 -0.017833622 0.978813887
1341846328.672663 -0.533027351 0.946056604 0.543129206 0.163154572 0.122417323 -0.017833622 0.978813887
1341846328.672663 -0.533027351 0.946056604 0.543129206 0.163154572 0.122417323 -0.017833622 0.978813887
1341846328.672663 -0.533027351 0.946056604 0.543129206 0.163154572 0.122417323 -0.017833622 0.978813887
1341846328.672663 -0.533027351 0.946056604 0.543129206 0.163154572 0.122417323 -0.017833622 0.978813887
1341846328.672663 -0.533027351 0.946056604 0.543129206 0.163154572 0.122417323 -0.017833622 0.978813887
1341846328.672663 -0.533027351 0.946056604 0.543129206 0.163154572 0.122417323 -0.017833622 0.978813887
1341846328.672663 -0.533027351 0.946056604 0.543129206 0.163154572 0.122417323 -0.017833622 0.978813887
1341846328.672663 -0.533027351 0.946056604 0.543129206 0.163154572 0.122417323 -0.017833622 0.978813887
1341846328.672663 -0.533027351 0.946056604 0.543129206 0.163154572 0.122417323 -0.017833622 0.978813887
1341846328.672663 -0.533027351 0.946056604 0.543129206 0.163154572 0.122417323 -0.017833622 0.978813887
1341846328.672663 -0.533027351 0.946056604 0.543129206 0.163154572 0.122417323 -0.017833622 0.978813887
1341846328.672663 -0.533027351 0.946056604 0.543129206 0.163154572 0.122417323 -0.017833622 0.978813887
1341846328.672663 -0.533027351 0.946056604 0.543129206 0.163154572 0.122417323 -0.017833622 0.978813887
1341846328.672663 -0.533027351 0.946056604 0.543129206 0.163154572 0.122417323 -0.017833622 0.978813887
1341846328.672663 -0.533027351 0.946056604 0.543129206 0.163154572 0.122417323 -0.017833622 0.978813887
1341846328.672663 -0.533027351 0.946056604 0.543129206 0.163154572 0.122417323 -0.017833622 0.978813887
1341846328.672663 -0.533027351 0.946056604 0.543129206 0.163154572 0.122417323 -0.017833622 0.978813887
1341846328.672663 -0.533027351 0.946056604 0.543129206 0.163154572 0.122417323 -0.017833622 0.978813887
1341846328.672663 -0.533027351 0.946056604 0.543129206 0.163154572 0.122417323 -0.017833622 0.978813887
1341846331.717954 0.000000000 0.000000000 0.000000000 -0.000000000 -0.000000000 -0.000000000 1.000000000
1341846331.754076 0.000916260 -0.000804067 0.007748315 -0.000632103 0.001568042 -0.002600051 0.999995232
1341846331.785920 0.001071852 -0.010521966 0.020924984 0.000664609 0.004539127 -0.003156984 0.999984503
1341846331.818053 0.007656162 0.000696049 0.034917984 0.001272276 0.005158342 -0.001805216 0.999984264
1341846331.853849 0.012972209 -0.011564520 0.043927912 -0.001278130 0.004782304 -0.002647934 0.999984264
1341846331.885987 0.031666335 -0.011579445 0.060620666 0.001970708 0.005439749 -0.004764925 0.999971926
1341846331.922014 0.022895852 -0.004997916 0.065222509 0.004152552 0.009762521 -0.006129119 0.999924958
1341846331.954037 0.015175425 -0.005802899 0.069689162 0.003836923 0.014486029 -0.005919204 0.999870181
1341846331.986135 0.037024058 -0.013032109 0.093151554 0.006439573 0.017652247 -0.004135695 0.999814868
1341846332.022364 0.020262763 -0.012527460 0.106998958 0.013892177 0.024274170 -0.005410047 0.999594212
1341846332.054175 0.062067337 -0.013773857 0.122845739 0.019316634 0.016845595 -0.000575226 0.999671340
1341846332.086502 0.023993472 -0.005789203 0.127810910 0.023180289 0.023395851 -0.001573155 0.999456286
1341846332.122051 0.014250823 0.000369679 0.136085212 0.025490347 0.025850236 -0.003668558 0.999334097
1341846332.153983 0.017185111 0.019818245 0.155765846 0.024720443 0.024389509 -0.005405477 0.999382257
1341846332.190165 0.017371569 0.024198167 0.170293391 0.018469661 0.022794163 -0.007518894 0.999541342
1341846332.254145 0.020310104 0.000925866 0.196543649 0.016598048 0.022486357 -0.008776174 0.999570847
1341846332.289948 0.015956132 0.007663932 0.208955944 0.019023485 0.022802062 -0.006658297 0.999536812
1341846332.322172 0.019619122 0.005347031 0.220600381 0.019397605 0.021834197 -0.004937607 0.999561310
1341846332.354003 0.027312104 -0.002211084 0.221014902 0.021537339 0.023289967 -0.008124739 0.999463737
1341846332.390180 0.013017802 -0.000627275 0.212329239 0.021962978 0.029839883 -0.013658339 0.999220073
1341846332.422055 0.020312717 0.009322915 0.231906459 0.021217044 0.030775607 -0.016045772 0.999172330
1341846332.458114 0.027998410 0.008789572 0.247844100 0.020831646 0.032416321 -0.019925276 0.999058723
1341846332.489993 0.015497926 0.016648138 0.259761006 0.022346679 0.035732530 -0.017051399 0.998966038
1341846332.522130 0.007591694 0.030133810 0.282107085 0.022914471 0.032799926 -0.010563363 0.999143422
1341846332.558114 0.007621185 0.031836193 0.285981238 0.023787089 0.027791396 -0.004567747 0.999320269
1341846332.589874 0.023748592 0.040874403 0.292509049 0.023615200 0.023226144 0.000724105 0.999451041
1341846332.621889 0.017305333 0.047520142 0.305887252 0.019237589 0.025064418 0.001492332 0.999499619
1341846332.658202 0.009709012 0.045923110 0.316911399 0.015393822 0.027687773 -0.001577192 0.999496877
1341846332.690001 0.016181655 0.047358502 0.328306228 0.013194095 0.028067311 0.001623198 0.999517620
1341846332.726000 0.013438355 0.045145877 0.344242394 0.012121527 0.027458092 0.005433525 0.999534726
1341846332.758386 0.025010088 0.043354984 0.347712755 0.012162638 0.023448272 0.006432922 0.999630451
1341846332.789937 0.037949365 0.055184845 0.356089503 0.012542603 0.023179062 0.005574659 0.999637187
1341846332.825925 0.043595951 0.048592754 0.372238666 0.008930491 0.025091965 0.004285839 0.999636114
1341846332.857898 0.035982229 0.052167691 0.375083566 0.010800860 0.028026862 0.003253180 0.999543548
1341846332.894069 0.037001453 0.070513882 0.386868685 0.011996794 0.028153449 0.002221966 0.999529183
1341846332.926029 0.060695261 0.072199874 0.386980295 0.008105571 0.025111891 0.001479393 0.999650717
1341846332.958015 0.044833872 0.068622246 0.384720802 0.003944855 0.030493010 -0.002046556 0.999525130
1341846332.994073 0.043413024 0.066267110 0.371918261 0.000575340 0.031036099 -0.003076287 0.999513447
1341846333.026545 0.063437767 0.073708117 0.394570678 -0.000973653 0.030376660 -0.004515386 0.999527872
1341846333.057998 0.078642815 0.082358018 0.419423193 -0.000674309 0.031581227 -0.003660719 0.999494314
1341846333.094024 0.082134128 0.081464894 0.427607030 -0.000078114 0.033166140 0.000728884 0.999449611
1341846333.126095 0.089122094 0.087456338 0.433469981 0.000768074 0.034397520 0.002122480 0.999405742
1341846333.161973 0.091412343 0.092893727 0.436922252 -0.000141704 0.037506796 0.003675608 0.999289632
1341846333.195660 0.092691250 0.093011342 0.444789290 -0.002828145 0.039562989 0.005339138 0.999198854
1341846333.226331 0.094915241 0.097332589 0.451333165 -0.003876227 0.040302459 0.004835746 0.999168336
1341846333.262056 0.099662520 0.102293275 0.450902641 -0.007489417 0.040050898 0.002435494 0.999166608
1341846333.294147 0.089251578 0.094891816 0.456785709 -0.012046888 0.042252537 0.001573366 0.999033093
1341846333.326100 0.098402061 0.100471757 0.458029777 -0.012925097 0.039472416 0.000906918 0.999136686
1341846333.362100 0.103214994 0.106687099 0.459797204 -0.015942218 0.038506236 -0.000311534 0.999131143
1341846333.394119 0.099407613 0.099819474 0.466623545 -0.020029077 0.038349427 -0.000475265 0.999063551
1341846333.429974 0.100042999 0.099282734 0.465227455 -0.021109553 0.036475793 -0.000723846 0.999111354
1341846333.462115 0.106356010 0.099415980 0.470613450 -0.021205977 0.035995867 -0.002209981 0.999124527
1341846333.494040 0.108719863 0.101934880 0.472773582 -0.019626925 0.036568563 -0.003026566 0.999133885
1341846333.529953 0.113844141 0.107734762 0.467513263 -0.017529901 0.036694467 -0.004021909 0.999164701
1341846333.562063 0.090959169 0.107166678 0.467044890 -0.017131530 0.043042846 -0.002956419 0.998921990
1341846333.594090 0.060248371 0.113323703 0.468580574 -0.017745269 0.047584984 -0.001414091 0.998708606
1341846333.629994 0.082917288 0.111878626 0.469808668 -0.022383768 0.040950652 -0.002654163 0.998906910
1341846333.662127 0.103907540 0.116339996 0.466799349 -0.024667591 0.036179792 -0.002772881 0.999037027
1341846333.697964 0.106722660 0.107745446 0.469031811 -0.027207125 0.035777677 -0.002335552 0.998986661
1341846333.730092 0.108920172 0.105685331 0.464406312 -0.025077973 0.035550397 -0.001230093 0.999052465
1341846333.762089 0.105306171 0.104159355 0.459832460 -0.023697469 0.036795478 0.000220217 0.999041796
1341846333.798006 0.105093628 0.103147678 0.457253724 -0.022108823 0.037174143 -0.000141903 0.999064207
1341846333.830055 0.102627233 0.103976093 0.452725857 -0.018931430 0.038787689 -0.002537953 0.999064922
1341846333.866045 0.099162892 0.104195818 0.447537273 -0.017794924 0.040243119 -0.003730964 0.999024510
1341846333.897987 0.100273803 0.097828880 0.445368439 -0.016957426 0.039439056 -0.004909102 0.999065995
1341846333.930099 0.105817214 0.097625203 0.439704359 -0.013595658 0.039147578 -0.005949967 0.999123275
1341846333.965889 0.097809240 0.096171640 0.433142900 -0.011463088 0.041140169 -0.006202582 0.999068379
1341846333.997985 0.097091973 0.087776996 0.428136885 -0.009912039 0.041886691 -0.006708961 0.999050736
1341846334.030076 0.093715079 0.087687626 0.422915190 -0.006488261 0.043570809 -0.005950561 0.999011576
1341846334.066000 0.081157915 0.088588685 0.417625099 -0.004382974 0.045039691 -0.004851261 0.998963833
1341846334.097932 0.066512339 0.091043152 0.411075205 -0.001690197 0.047410224 -0.006202999 0.998854876
1341846334.133884 0.084496059 0.082719617 0.403723508 -0.001774192 0.044711411 -0.004268993 0.998989284
1341846334.166115 0.074400567 0.082111508 0.396732062 -0.001739151 0.044280238 -0.003678674 0.999010861
1341846334.198072 0.074453674 0.083740272 0.388729095 -0.000560644 0.042427354 -0.004862423 0.999087572
1341846334.234097 0.075181790 0.085156515 0.384009302 -0.000016247 0.042680964 -0.006196137 0.999069571
1341846334.266045 0.072489217 0.078537978 0.375736028 -0.000897110 0.044200271 -0.005326323 0.999008119
1341846334.297946 0.060614854 0.081928559 0.371049941 0.001160290 0.043919496 -0.004236806 0.999025464
1341846334.334036 0.062354237 0.083297342 0.362536192 0.001586766 0.041631941 -0.003333099 0.999126196
1341846334.365871 0.059411719 0.081958778 0.354342967 0.000788592 0.041890696 -0.005647000 0.999105990
1341846334.401845 0.054348849 0.075849555 0.347655267 -0.001733979 0.043154549 -0.006344609 0.999046803
1341846334.433864 0.047343429 0.072325662 0.341676205 -0.001865166 0.042430513 -0.005093462 0.999084711
1341846334.466105 0.046938691 0.080454513 0.333807558 0.000116967 0.040539470 -0.004392511 0.999168277
1341846334.502142 0.042634677 0.080343828 0.324587375 -0.001420870 0.039566055 -0.003866101 0.999208510
1341846334.540153 0.039152239 0.078556366 0.316981256 -0.001738598 0.038379528 -0.005588077 0.999246120
1341846334.602351 0.030790702 0.090701617 0.303997099 -0.005479803 0.034316342 -0.011949077 0.999324560
1341846334.670161 0.025404437 0.089961015 0.289343119 -0.010435821 0.031715151 -0.018532313 0.999270678
1341846334.702085 0.022177169 0.090104900 0.279733092 -0.011047095 0.029257724 -0.018118903 0.999346673
1341846334.734751 0.022378348 0.088387750 0.272960544 -0.011102752 0.026137223 -0.016735233 0.999456644
1341846334.770889 0.021839328 0.087739289 0.262643874 -0.010923805 0.024217501 -0.013076953 0.999561489
1341846334.802194 0.007610791 0.076082937 0.251520336 -0.013781947 0.023189653 -0.012767956 0.999554574
1341846334.833908 0.006107629 0.078333579 0.246236265 -0.013862298 0.021674417 -0.015276204 0.999552250
1341846334.869874 0.003757362 0.075995401 0.232370973 -0.016068580 0.021287935 -0.014248659 0.999542713
1341846334.902006 -0.014809933 0.077586599 0.230432644 -0.017061371 0.021995399 -0.014004810 0.999514401
1341846334.938010 -0.016000129 0.073506065 0.218577951 -0.018336868 0.018290194 -0.014952568 0.999552727
1341846334.970032 -0.011153245 0.071609691 0.207612187 -0.018465769 0.016811071 -0.016159065 0.999557555
1341846335.002203 -0.019721800 0.068919413 0.198808461 -0.016756793 0.017965499 -0.015099726 0.999584138
1341846335.037880 -0.031506609 0.067057170 0.186878711 -0.014402389 0.016198829 -0.012427665 0.999687850
1341846335.069990 -0.023307044 0.065376148 0.175923079 -0.014713960 0.011439003 -0.012575815 0.999747217
1341846335.106038 -0.013173276 0.063823648 0.158908933 -0.014191496 0.010780056 -0.012754512 0.999759853
1341846335.138045 -0.016727202 0.062375810 0.148409054 -0.012541969 0.011545428 -0.012833858 0.999772370
1341846335.169900 -0.019583654 0.061414897 0.128593951 -0.013079107 0.008738595 -0.012411335 0.999799252
1341846335.206091 -0.027805459 0.062465481 0.125878647 -0.013432699 0.007902955 -0.015856190 0.999752820
1341846335.239365 -0.026511189 0.054367889 0.119405046 -0.014238962 0.008719550 -0.018695015 0.999685824
1341846335.269948 -0.031548381 0.050693393 0.106840596 -0.012861966 0.010208703 -0.019592825 0.999673188
1341846335.305972 -0.038281128 0.051698547 0.099526651 -0.010821898 0.008992217 -0.018589586 0.999728203
1341846335.338012 -0.034186848 0.051258639 0.092288986 -0.009044621 0.006917117 -0.017295638 0.999785602
1341846335.374005 -0.026562713 0.045399409 0.079239957 -0.004412266 0.007852647 -0.017376596 0.999808431
1341846335.406025 -0.028650239 0.044826750 0.072685771 0.002503564 0.010077384 -0.015288010 0.999829292
1341846335.438079 -0.028842581 0.050016347 0.058320045 0.008321431 0.010659929 -0.011703736 0.999840081
1341846335.473998 -0.028451413 0.051121332 0.049768303 0.010298335 0.012172380 -0.010311827 0.999819696
1341846335.507038 -0.032569215 0.053292807 0.039098922 0.011425136 0.015133985 -0.012785974 0.999738514
1341846335.538040 -0.034987688 0.059827264 0.032871030 0.011194956 0.017340062 -0.014683545 0.999679208
1341846335.574119 -0.045470934 0.067651361 0.024504721 0.009505756 0.018188987 -0.014601273 0.999682724
1341846335.605970 -0.045768119 0.056721266 0.017292961 0.007035633 0.017361671 -0.015440526 0.999705374
1341846335.641978 -0.044081673 0.057313446 0.004160387 0.008378572 0.018404851 -0.017941657 0.999634564
1341846335.673993 -0.048277382 0.061202187 -0.007324134 0.008367296 0.019271841 -0.017505893 0.999626040
1341846335.706178 -0.050937671 0.059262753 -0.015961364 0.007748483 0.017769234 -0.016809715 0.999670863
1341846335.741982 -0.050347488 0.057004899 -0.035827208 0.007873248 0.017594311 -0.016314268 0.999681115
1341846335.773960 -0.060119364 0.059717737 -0.044192232 0.007910626 0.019037504 -0.016833808 0.999645770
1341846335.806271 -0.054098926 0.067067057 -0.056253579 0.006646897 0.017225768 -0.016812939 0.999688148
1341846335.842031 -0.054221369 0.057144690 -0.065511569 0.003542803 0.018361054 -0.016106840 0.999695420
1341846335.873966 -0.057753690 0.057981838 -0.074501798 0.004824074 0.020126550 -0.017103307 0.999639511
1341846335.910005 -0.066355340 0.063006692 -0.086412877 0.004656212 0.020634383 -0.015227054 0.999660313
1341846335.941936 -0.068228118 0.061218776 -0.099305257 0.003461193 0.018555524 -0.014404695 0.999718070
1341846335.974198 -0.068850987 0.061095599 -0.107581943 0.003318298 0.017666031 -0.016839538 0.999696612
1341846336.010032 -0.073201284 0.061881024 -0.121281378 0.003021188 0.017858254 -0.017964916 0.999674618
1341846336.042129 -0.078431003 0.061993241 -0.129033759 0.002080084 0.016566942 -0.016944543 0.999717057
1341846336.078076 -0.082175925 0.058306154 -0.135700777 0.001807508 0.014899664 -0.018399678 0.999718070
1341846336.110739 -0.085733563 0.059955407 -0.146564975 0.002535982 0.014819237 -0.021152414 0.999663234
1341846336.142002 -0.092508532 0.055799391 -0.157146677 0.001854166 0.014978128 -0.020080373 0.999684513
1341846336.183953 -0.095804684 0.061577912 -0.166386694 0.001856068 0.012206203 -0.018368082 0.999755085
1341846336.241891 -0.095726915 0.064911768 -0.173068717 0.000308815 0.011334208 -0.019226618 0.999750853
1341846336.277946 -0.103877470 0.055290218 -0.195549026 0.000233737 0.012215217 -0.017240729 0.999776721
1341846336.309977 -0.094395623 0.055146527 -0.218663812 0.002913721 0.008307518 -0.013053665 0.999876082
1341846336.346143 -0.109093845 0.060806554 -0.208126426 0.005316112 0.008414901 -0.013794696 0.999855340
1341846336.377975 -0.104805835 0.052246563 -0.225146025 0.004965433 0.007861453 -0.013057186 0.999871552
1341846336.410032 -0.078740813 0.056444265 -0.259407312 0.006329005 0.005104699 -0.009651542 0.999920428
1341846336.446041 -0.155746117 0.053339195 -0.233542636 0.004656381 0.014451765 -0.013676518 0.999791205
1341846336.477990 -0.109070517 0.056161437 -0.245767385 0.004261558 0.007570617 -0.011829352 0.999892294
1341846336.510056 -0.066042408 0.052394867 -0.249068588 0.003953234 0.001752451 -0.010504199 0.999935508
1341846336.546024 -0.017366622 0.054467492 -0.249101683 0.005084981 -0.005634873 -0.007989822 0.999939263
1341846336.578003 -0.127880603 0.041386861 -0.257413864 0.002362983 0.010000400 -0.006696179 0.999924779
1341846336.614020 -0.078635074 0.043767765 -0.263980299 0.002122501 0.003618862 -0.007462888 0.999963343
1341846336.645982 -0.066639371 0.048895746 -0.267681330 0.001233786 0.002765619 -0.006746514 0.999972701
1341846336.678036 -0.008909045 0.037719708 -0.266760886 -0.002309919 -0.007963425 -0.006139182 0.999946773
1341846336.714024 0.029230362 0.042548854 -0.257054836 0.000465013 -0.015959637 -0.006616040 0.999850690
1341846336.746016 0.034865167 0.052502815 -0.255168438 0.006046955 -0.019467350 -0.003963514 0.999784350
1341846336.778014 0.089706540 0.048343074 -0.263352573 0.007230833 -0.031702034 0.000674775 0.999471009
1341846336.820006 0.145746201 0.043381263 -0.259620100 0.006728427 -0.043871742 0.003049908 0.999009848
1341846336.882056 0.247363701 0.040152214 -0.217183694 0.009317284 -0.062615797 0.001641823 0.997992873
1341846336.914273 0.307940900 0.035244759 -0.195843354 0.010321651 -0.077131845 0.005839159 0.996950388
1341846336.945998 0.364728928 0.049808450 -0.188730031 0.019441312 -0.091535583 0.006096201 0.995593369
1341846336.981980 0.418223649 0.062076323 -0.184964716 0.023019668 -0.103710055 0.005849871 0.994323969
1341846337.014238 0.474462748 0.073146716 -0.174983174 0.021217564 -0.114604987 0.003094706 0.993179739
1341846337.046017 0.522434413 0.081721678 -0.157298356 0.021085789 -0.122963592 -0.003298357 0.992181659
1341846337.082104 0.566151857 0.086378932 -0.148755282 0.021318404 -0.129777074 -0.005949096 0.991296172
1341846337.114317 0.605928123 0.094076335 -0.136238605 0.020902060 -0.137956008 -0.007045225 0.990192711
1341846337.150037 0.647017896 0.100431763 -0.121867448 0.020614568 -0.146219179 -0.008460445 0.989001215
1341846337.181873 0.687022746 0.108864203 -0.106447108 0.021908838 -0.151314110 -0.013293513 0.988153517
1341846337.214073 0.712861061 0.116990082 -0.105449684 0.020903576 -0.153332546 -0.016147047 0.987821579
1341846337.250087 0.735895157 0.118545055 -0.090125360 0.018938920 -0.158714265 -0.014875249 0.987030804
1341846337.282028 0.769866884 0.119285487 -0.086318634 0.019869763 -0.167767793 -0.011171127 0.985562980
1341846337.317920 0.792920351 0.122667469 -0.072194219 0.020270064 -0.172109514 -0.013158510 0.984781384
1341846337.350018 0.813142180 0.118742876 -0.070320144 0.018169072 -0.174028158 -0.014148053 0.984471381
1341846337.382159 0.827014267 0.111771412 -0.061925113 0.014925645 -0.175632760 -0.017269824 0.984191120
1341846337.417941 0.835843205 0.110617474 -0.053137884 0.016263848 -0.176785603 -0.016186446 0.983981907
1341846337.450137 0.845671415 0.107327685 -0.063695021 0.015548067 -0.179633379 -0.015298798 0.983491778
1341846337.482096 0.850081146 0.106690452 -0.058272332 0.013971545 -0.180491373 -0.015329539 0.983357847
1341846337.518008 0.846089840 0.111758009 -0.053892076 0.016160632 -0.180393592 -0.014770046 0.983350873
1341846337.549978 0.850228131 0.114831410 -0.062711433 0.016486965 -0.181677133 -0.016479822 0.983081877
1341846337.585971 0.843210042 0.112389512 -0.054718841 0.014635656 -0.181209207 -0.019294756 0.983146310
1341846337.617903 0.844026148 0.108001165 -0.042545378 0.016246617 -0.182282507 -0.019369457 0.982921124
1341846337.650141 0.855461955 0.109949626 -0.057066709 0.016962387 -0.183729634 -0.017697735 0.982671142
1341846337.686352 0.853262663 0.117910326 -0.054514512 0.017071836 -0.182422414 -0.019611422 0.982876480
1341846337.718002 0.859039009 0.118678436 -0.042466193 0.015794449 -0.182884902 -0.020318765 0.982797503
1341846337.749920 0.868638992 0.130053997 -0.042273890 0.016380785 -0.183244973 -0.018487720 0.982756972
1341846337.786157 0.887333572 0.139841169 -0.036740966 0.014629884 -0.183187068 -0.018539209 0.982794404
1341846337.817945 0.870055854 0.138072178 -0.037233058 0.012051448 -0.178292468 -0.018278612 0.983733952
1341846337.854071 0.878832281 0.144472227 -0.026062395 0.012445490 -0.176460668 -0.020030299 0.984025240
1341846337.885951 0.862729490 0.155595347 -0.040264942 0.010427758 -0.171202779 -0.021511164 0.984945774
1341846337.918223 0.861509800 0.159819230 -0.031323958 0.007287223 -0.169720754 -0.025078595 0.985146105
1341846337.954120 0.854156137 0.157179549 -0.035309255 0.004693173 -0.167105108 -0.025674369 0.985593557
1341846337.985994 0.847708344 0.164285749 -0.037565812 0.002687295 -0.164573908 -0.026718976 0.985999167
1341846338.018107 0.855985165 0.169818163 -0.026529629 0.000370257 -0.164531723 -0.025739769 0.986035824
1341846338.054055 0.866014481 0.177039042 -0.020047920 -0.000862470 -0.164403096 -0.027004255 0.986023188
1341846338.085986 0.868292212 0.186580151 -0.006179875 -0.002320910 -0.161752015 -0.028096370 0.986428678
1341846338.121875 0.859965742 0.187568828 -0.003262923 -0.004006062 -0.158107832 -0.026851309 0.987048566
1341846338.154089 0.868844151 0.185745269 0.001275075 -0.005377624 -0.159240156 -0.022549413 0.986967742
1341846338.186029 0.862890661 0.193884790 0.007267853 -0.005651447 -0.158733875 -0.021236666 0.987076819
1341846338.222071 0.882937372 0.206242725 0.023607461 -0.004599815 -0.160593793 -0.021754656 0.986770153
1341846338.254107 0.864863873 0.200419500 0.020499215 -0.007252387 -0.156356126 -0.022299413 0.987422407
1341846338.290130 0.874941111 0.213032052 0.040653527 -0.004955753 -0.158377349 -0.020279435 0.987157941
1341846338.321952 0.880790830 0.213579506 0.037883144 -0.004925146 -0.158460289 -0.018279517 0.987183928
1341846338.354022 0.880812705 0.223369449 0.062472071 -0.003917239 -0.158419490 -0.018220210 0.987196028
1341846338.389969 0.874630392 0.236943051 0.061748479 -0.002321138 -0.156517327 -0.018253889 0.987503827
1341846338.422377 0.888722122 0.237872303 0.077342376 -0.004107357 -0.158656284 -0.017891163 0.987163246
1341846338.454010 0.891018689 0.240308002 0.085747592 -0.004790601 -0.159721062 -0.018578909 0.986975729
1341846338.489894 0.892532766 0.240119502 0.094152346 -0.006431080 -0.160722896 -0.017886540 0.986816585
1341846338.522066 0.881107986 0.235720828 0.099461891 -0.006161906 -0.158328593 -0.018541649 0.987193167
1341846338.558058 0.880181193 0.244857296 0.095286630 -0.005790819 -0.158238336 -0.019035824 0.987200499
1341846338.589842 0.848842323 0.234316543 0.103651069 -0.009819350 -0.152293712 -0.020480290 0.988074362
1341846338.622019 0.846727610 0.240814164 0.125239000 -0.007767988 -0.151639789 -0.020972729 0.988182783
1341846338.657984 0.842850745 0.237684578 0.125272572 -0.008907383 -0.151479885 -0.018012987 0.988256097
1341846338.690198 0.836291015 0.232033104 0.125171587 -0.011905390 -0.150557548 -0.020304790 0.988321006
1341846338.722454 0.829770982 0.236677513 0.142931938 -0.011314828 -0.148569390 -0.021344710 0.988606870
1341846338.757945 0.822140336 0.209146753 0.159907237 -0.018643901 -0.148311675 -0.018669065 0.988588631
1341846338.790039 0.813552558 0.205909625 0.171973825 -0.021601155 -0.148683295 -0.020522131 0.988435924
1341846338.826048 0.810501754 0.204849005 0.182651624 -0.020917157 -0.147241905 -0.022666175 0.988619506
1341846338.858027 0.808411419 0.202432156 0.187293708 -0.022255247 -0.145704970 -0.023754746 0.988792479
1341846338.889902 0.807356954 0.208073631 0.187813163 -0.023300732 -0.146224543 -0.023778658 0.988691092
1341846338.925948 0.796066403 0.197967678 0.196101427 -0.025354238 -0.143068328 -0.028230475 0.988985181
1341846338.958108 0.793816090 0.204540297 0.213032767 -0.023929313 -0.141255081 -0.027494611 0.989301980
1341846338.990057 0.793145716 0.209847406 0.222966269 -0.022257648 -0.141230330 -0.026105087 0.989382207
1341846339.025928 0.792551756 0.212471426 0.233719423 -0.019900937 -0.140435845 -0.025294080 0.989566565
1341846339.057939 0.793423951 0.208181560 0.242278472 -0.018763069 -0.138418809 -0.025084499 0.989878237
1341846339.093927 0.789295912 0.218770295 0.244192660 -0.019236306 -0.138541833 -0.023510013 0.989890635
1341846339.126562 0.785961747 0.220403865 0.251012266 -0.022071663 -0.138051182 -0.028356776 0.989773035
1341846339.157969 0.784285724 0.226707965 0.267516464 -0.023266161 -0.134933978 -0.030100970 0.990123987
1341846339.194113 0.798815131 0.216310859 0.291077882 -0.027896108 -0.137439728 -0.026228383 0.989769816
1341846339.228165 0.803512454 0.210942179 0.304878920 -0.033692487 -0.140381038 -0.024627004 0.989217639
1341846339.257998 0.802333176 0.206104204 0.323430330 -0.037239037 -0.139020398 -0.024287017 0.989291012
1341846339.294132 0.804011405 0.212659150 0.327420652 -0.036607765 -0.136952057 -0.022660699 0.989641666
1341846339.326577 0.799385905 0.217261702 0.327899575 -0.041726064 -0.138338879 -0.021858515 0.989264190
1341846339.362269 0.808880687 0.209099621 0.353887618 -0.047212157 -0.141480029 -0.022926444 0.988548815
1341846339.394725 0.805326045 0.208512783 0.363624632 -0.048273861 -0.138163596 -0.023621887 0.988950193
1341846339.462186 0.808218241 0.208631679 0.385104358 -0.051887728 -0.139824495 -0.024164507 0.988520563
1341846339.496743 0.825582206 0.222025841 0.395742685 -0.044671122 -0.138424858 -0.025588991 0.989033997
1341846339.562052 0.828014970 0.216297716 0.415710509 -0.044436704 -0.136840165 -0.022718402 0.989335239
1341846339.595122 0.833368897 0.224768758 0.423917472 -0.040725477 -0.136400625 -0.023817683 0.989529729
1341846339.632085 0.829699695 0.220682904 0.438272655 -0.040285874 -0.131776482 -0.026315168 0.990110874
1341846339.664568 0.823848367 0.221720412 0.445858151 -0.039307088 -0.128453791 -0.028964631 0.990512848
1341846339.698896 0.828952253 0.210252210 0.460580170 -0.041869368 -0.128458783 -0.028214613 0.990428865
1341846339.731977 0.831629872 0.217655852 0.475427151 -0.040011011 -0.128813714 -0.030659249 0.990386903
1341846339.762241 0.831509054 0.217683852 0.477711052 -0.039137568 -0.126803219 -0.029298395 0.990722358
1341846339.797873 0.828350604 0.210447714 0.483468056 -0.040592164 -0.125900328 -0.027679697 0.990825534
1341846339.830245 0.830944657 0.213002667 0.491289765 -0.040415186 -0.126846790 -0.027435279 0.990718842
1341846339.862015 0.829797268 0.216097519 0.494484246 -0.040006135 -0.126217291 -0.028563214 0.990783930
1341846339.897797 0.833219290 0.220835418 0.506931603 -0.040005602 -0.125489518 -0.029431790 0.990851045
1341846339.929916 0.832502365 0.215030104 0.519968688 -0.040830702 -0.124464422 -0.027775262 0.990994453
1341846339.961960 0.830243528 0.212483868 0.523909152 -0.039998900 -0.124758579 -0.026410773 0.991028786
1341846339.997845 0.840870202 0.217638835 0.532865524 -0.037619498 -0.124751128 -0.026948025 0.991108358
1341846340.029925 0.841942191 0.210159257 0.539408028 -0.038028717 -0.122714125 -0.024080858 0.991420865
1341846340.066044 0.840151846 0.209044591 0.548083663 -0.036171738 -0.120788030 -0.023222325 0.991747260
1341846340.098009 0.834731638 0.216255635 0.550674319 -0.034524638 -0.119492173 -0.023436151 0.991957903
1341846340.130102 0.840085864 0.228174120 0.571608901 -0.032649510 -0.120709106 -0.025572421 0.991821229
1341846340.166041 0.840954781 0.231176272 0.583319306 -0.030384341 -0.118169382 -0.028541576 0.992118120
1341846340.197867 0.833850622 0.223000914 0.579957187 -0.031165287 -0.114673749 -0.027449911 0.992534697
1341846340.229904 0.837325096 0.220050693 0.581110537 -0.033308603 -0.115617022 -0.026826730 0.992372692
1341846340.265859 0.839300334 0.217671096 0.590319991 -0.033582505 -0.114515781 -0.027271135 0.992479026
1341846340.298061 0.838845015 0.219599426 0.597428679 -0.031354528 -0.112050235 -0.026898794 0.992843449
1341846340.334063 0.837789595 0.232182756 0.608396947 -0.030642871 -0.112933949 -0.025735581 0.992796421
1341846340.366064 0.843006015 0.220121503 0.615476668 -0.034220189 -0.115585722 -0.026488958 0.992354453
1341846340.397995 0.841103077 0.221254155 0.616572201 -0.031749796 -0.114436828 -0.026600061 0.992566705
1341846340.433895 0.842446268 0.219996735 0.618796110 -0.031894986 -0.114938140 -0.025133699 0.992542386
1341846340.465959 0.841370523 0.217428520 0.618956804 -0.031810228 -0.117051639 -0.023414224 0.992340088
1341846340.501858 0.846047282 0.218796089 0.623814762 -0.030924574 -0.120917641 -0.023681059 0.991898119
1341846340.534329 0.844615221 0.222855046 0.625683486 -0.029865135 -0.121539541 -0.025301039 0.991814613
1341846340.566041 0.852341950 0.215447411 0.626370251 -0.029302616 -0.123351075 -0.022209195 0.991681695
1341846340.601909 0.859541714 0.215603858 0.625044048 -0.026656536 -0.124443188 -0.021293407 0.991640031
1341846340.634005 0.863284349 0.215710327 0.622172832 -0.026501253 -0.125538588 -0.022890082 0.991470516
1341846340.666028 0.869256496 0.218825027 0.629378557 -0.025505561 -0.125909165 -0.024977874 0.991399288
1341846340.701946 0.876467407 0.215944350 0.633250892 -0.023754522 -0.125646457 -0.025978548 0.991450429
1341846340.733954 0.874266624 0.217331648 0.618637264 -0.022184838 -0.122541539 -0.028275246 0.991812468
1341846340.770081 0.875239909 0.214896351 0.618004203 -0.023193687 -0.122308239 -0.031104825 0.991733491
1341846340.801980 0.878595650 0.219802290 0.622308433 -0.020858543 -0.121652871 -0.037427779 0.991647542
1341846340.833999 0.877541959 0.221886665 0.616570711 -0.020581527 -0.118512340 -0.040857125 0.991898179
1341846340.870013 0.874178410 0.217401028 0.615834415 -0.022548072 -0.118232295 -0.042365327 0.991825581
1341846340.901955 0.876769483 0.218915343 0.614190340 -0.020656053 -0.118524194 -0.043032181 0.991803229
1341846340.933918 0.877916932 0.212915361 0.613037288 -0.020608658 -0.119531251 -0.039009571 0.991849720
1341846340.970122 0.878022909 0.211584687 0.605022490 -0.020370156 -0.122292876 -0.033137389 0.991731584
1341846341.001922 0.878551006 0.212557763 0.608193576 -0.019389702 -0.126687691 -0.027870307 0.991361499
1341846341.037923 0.883702159 0.214862674 0.601492882 -0.017936517 -0.129543707 -0.026166266 0.991066158
1341846341.070300 0.886797369 0.209132418 0.598667622 -0.018719571 -0.130757555 -0.025400033 0.990912199
1341846341.102028 0.884135067 0.210962251 0.597200036 -0.018347852 -0.131887645 -0.025248172 0.990773201
1341846341.137982 0.889131546 0.202048659 0.592759728 -0.020375663 -0.134526730 -0.024785023 0.990390360
1341846341.170048 0.891703427 0.202879280 0.596245885 -0.019670907 -0.135260358 -0.023337726 0.990339875
1341846341.202110 0.895418406 0.200437918 0.593464971 -0.018634921 -0.136165902 -0.021305032 0.990281641
1341846341.237996 0.896889210 0.202110067 0.589985728 -0.016518738 -0.135997161 -0.020818759 0.990352750
1341846341.269883 0.894195497 0.202962562 0.586634994 -0.015305389 -0.135127664 -0.020147055 0.990505159
1341846341.306107 0.895543694 0.198041171 0.582657516 -0.015444565 -0.136077642 -0.020861493 0.990358114
1341846341.338109 0.897222936 0.202609301 0.581656396 -0.013393889 -0.135605246 -0.022875141 0.990408301
1341846341.370120 0.891335785 0.200756490 0.579016745 -0.012533749 -0.133195460 -0.026055686 0.990667939
1341846341.406074 0.883831143 0.201988429 0.577038229 -0.012336889 -0.131887361 -0.026342237 0.990837872
1341846341.438113 0.885829568 0.193627357 0.576902032 -0.012145778 -0.134258211 -0.026002277 0.990530789
1341846341.470024 0.892609537 0.200961664 0.578401566 -0.007978238 -0.135462463 -0.027317517 0.990373671
1341846341.506077 0.887815952 0.202803135 0.577337682 -0.008384415 -0.134032518 -0.028431218 0.990533531
1341846341.538156 0.884765267 0.200114176 0.578500569 -0.009791100 -0.135832593 -0.027907550 0.990290284
1341846341.574016 0.882798016 0.204309240 0.578065693 -0.007992472 -0.137494981 -0.027500624 0.990088403
1341846341.612466 0.883789122 0.205317914 0.578019142 -0.007570243 -0.138384804 -0.027023468 0.989980876
1341846341.643972 0.880644321 0.205521986 0.570683181 -0.008479377 -0.139160186 -0.028769318 0.989815593
1341846341.679982 0.877443254 0.207599685 0.566180885 -0.008066845 -0.139912590 -0.027753832 0.989742041
1341846341.712332 0.875349820 0.206335470 0.560948730 -0.008089405 -0.141810715 -0.024959609 0.989546061
1341846341.744185 0.877537251 0.204481766 0.561861515 -0.008141061 -0.144162357 -0.022782043 0.989258289
1341846341.780061 0.877867937 0.207585245 0.563789070 -0.007501138 -0.144865260 -0.021061201 0.989198804
1341846341.842595 0.882691860 0.195856646 0.554554045 -0.007535476 -0.145920292 -0.015924083 0.989139497
1341846341.906227 0.891018748 0.188354388 0.551644206 -0.005742205 -0.147794530 -0.010162200 0.988949299
1341846341.942069 0.891649604 0.187246680 0.550146341 -0.002183744 -0.147779211 -0.007428428 0.988990128
1341846341.974775 0.896463096 0.189754099 0.550278306 0.001029623 -0.148833960 -0.004676973 0.988850653
1341846342.010161 0.894203007 0.189615682 0.553203642 0.001360465 -0.150327459 -0.002959241 0.988630950
1341846342.042024 0.894464791 0.181090981 0.545904219 0.002454529 -0.150184631 -0.003210843 0.988649726
1341846342.080032 0.901560366 0.183266193 0.547915220 0.004673567 -0.148941144 -0.002187141 0.988832593
1341846342.112265 0.896387637 0.180870935 0.545780301 0.004514110 -0.147723958 -0.000119712 0.989018381
1341846342.147954 0.893114209 0.177423045 0.547464609 0.006747616 -0.148610890 0.001951806 0.988870800
1341846342.179852 0.915610135 0.176171333 0.549680352 0.009134291 -0.151463866 0.005349345 0.988406122
1341846342.211848 0.915309668 0.178811729 0.550789893 0.010098325 -0.150914401 0.004809919 0.988483548
1341846342.247920 0.918441534 0.174467057 0.549707830 0.010868339 -0.151190206 0.003617956 0.988438308
1341846342.279870 0.921151578 0.174267963 0.548597455 0.012395225 -0.150897473 0.004616798 0.988460958
1341846342.316068 0.918697059 0.175856099 0.547344327 0.013931762 -0.150434479 0.005591489 0.988506019
1341846342.347894 0.916361749 0.179357529 0.543905973 0.014993852 -0.149837881 0.004226318 0.988587856
1341846342.379953 0.918768346 0.168380797 0.541389167 0.013071680 -0.149329573 0.004919986 0.988688827
1341846342.416195 0.913385987 0.171354339 0.542428315 0.014059864 -0.148478389 0.006276380 0.988795817
