1341846331.717954 0.0000000 0.0000000 0.0000000 -0.0000000 -0.0000000 -0.0000000 1.0000000
1341846331.885987 0.0316663 -0.0115794 0.0606207 0.0019707 0.0054397 -0.0047649 0.9999719
1341846331.922014 0.0228959 -0.0049979 0.0652225 0.0041526 0.0097625 -0.0061291 0.9999250
1341846331.986135 0.0370241 -0.0130321 0.0931516 0.0064396 0.0176522 -0.0041357 0.9998149
1341846332.086502 0.0239935 -0.0057892 0.1278109 0.0231803 0.0233959 -0.0015732 0.9994563
1341846332.354003 0.0273121 -0.0022111 0.2210149 0.0215373 0.0232900 -0.0081247 0.9994637
1341846332.522130 0.0075917 0.0301338 0.2821071 0.0229145 0.0327999 -0.0105634 0.9991434
1341846332.621889 0.0173053 0.0475201 0.3058873 0.0192376 0.0250644 0.0014923 0.9994996
1341846332.926029 0.0606953 0.0721999 0.3869803 0.0081056 0.0251119 0.0014794 0.9996507
1341846333.262056 0.0996625 0.1022933 0.4509026 -0.0074894 0.0400509 0.0024355 0.9991666
1341846333.529953 0.1138441 0.1077348 0.4675133 -0.0175299 0.0366945 -0.0040219 0.9991647
1341846334.030076 0.0937151 0.0876876 0.4229152 -0.0064883 0.0435708 -0.0059506 0.9990116
1341846334.602351 0.0307907 0.0907016 0.3039971 -0.0054798 0.0343163 -0.0119491 0.9993246
1341846335.106038 -0.0131733 0.0638236 0.1589089 -0.0141915 0.0107801 -0.0127545 0.9997599
1341846335.741982 -0.0503475 0.0570049 -0.0358272 0.0078732 0.0175943 -0.0163143 0.9996811
1341846336.110739 -0.0857336 0.0599554 -0.1465650 0.0025360 0.0148192 -0.0211524 0.9996632
1341846336.277946 -0.1038775 0.0552902 -0.1955490 0.0002337 0.0122152 -0.0172407 0.9997767
1341846336.377975 -0.1048058 0.0522466 -0.2251460 0.0049654 0.0078615 -0.0130572 0.9998716
1341846336.446041 -0.1557461 0.0533392 -0.2335426 0.0046564 0.0144518 -0.0136765 0.9997912
1341846336.477990 -0.1090705 0.0561614 -0.2457674 0.0042616 0.0075706 -0.0118294 0.9998923
1341846336.510056 -0.0660424 0.0523949 -0.2490686 0.0039532 0.0017525 -0.0105042 0.9999355
1341846336.546024 -0.0173666 0.0544675 -0.2491017 0.0050850 -0.0056349 -0.0079898 0.9999393
1341846336.578003 -0.1278806 0.0413869 -0.2574139 0.0023630 0.0100004 -0.0066962 0.9999248
1341846336.614020 -0.0786351 0.0437678 -0.2639803 0.0021225 0.0036189 -0.0074629 0.9999633
1341846336.645982 -0.0666394 0.0488957 -0.2676813 0.0012338 0.0027656 -0.0067465 0.9999727
1341846336.678036 -0.0089090 0.0377197 -0.2667609 -0.0023099 -0.0079634 -0.0061392 0.9999468
1341846336.714024 0.0292303 0.0425489 -0.2570548 0.0004650 -0.0159596 -0.0066160 0.9998507
1341846336.746016 0.0348652 0.0525028 -0.2551684 0.0060470 -0.0194674 -0.0039635 0.9997844
1341846336.778014 0.0897065 0.0483431 -0.2633526 0.0072308 -0.0317020 0.0006748 0.9994710
1341846336.820006 0.1457462 0.0433813 -0.2596201 0.0067284 -0.0438717 0.0030499 0.9990098
1341846336.882056 0.2473637 0.0401522 -0.2171837 0.0093173 -0.0626158 0.0016418 0.9979929
1341846336.914273 0.3079409 0.0352448 -0.1958434 0.0103217 -0.0771318 0.0058392 0.9969504
1341846336.945998 0.3647290 0.0498084 -0.1887300 0.0194413 -0.0915356 0.0060962 0.9955934
1341846336.981980 0.4182236 0.0620763 -0.1849647 0.0230197 -0.1037101 0.0058499 0.9943240
1341846337.014238 0.4744627 0.0731467 -0.1749831 0.0212176 -0.1146050 0.0030947 0.9931797
1341846337.046017 0.5224344 0.0817217 -0.1572984 0.0210858 -0.1229636 -0.0032984 0.9921817
1341846337.082104 0.5661519 0.0863789 -0.1487553 0.0213184 -0.1297771 -0.0059491 0.9912962
1341846337.114317 0.6059281 0.0940763 -0.1362386 0.0209021 -0.1379560 -0.0070452 0.9901927
1341846337.181873 0.6870227 0.1088642 -0.1064471 0.0219088 -0.1513141 -0.0132935 0.9881535
1341846337.214073 0.7128611 0.1169901 -0.1054497 0.0209036 -0.1533325 -0.0161470 0.9878216
1341846337.250087 0.7358952 0.1185451 -0.0901254 0.0189389 -0.1587143 -0.0148752 0.9870308
1341846337.317920 0.7929204 0.1226675 -0.0721942 0.0202701 -0.1721095 -0.0131585 0.9847814
1341846337.350018 0.8131422 0.1187429 -0.0703201 0.0181691 -0.1740282 -0.0141481 0.9844714
1341846337.417941 0.8358431 0.1106175 -0.0531379 0.0162638 -0.1767856 -0.0161864 0.9839819
1341846337.450137 0.8456714 0.1073277 -0.0636950 0.0155481 -0.1796334 -0.0152988 0.9834918
1341846337.482096 0.8500811 0.1066904 -0.0582724 0.0139715 -0.1804914 -0.0153295 0.9833578
1341846337.549978 0.8502281 0.1148314 -0.0627115 0.0164870 -0.1816771 -0.0164798 0.9830819
1341846337.650141 0.8554620 0.1099496 -0.0570667 0.0169624 -0.1837296 -0.0176977 0.9826711
1341846337.749920 0.8686390 0.1300540 -0.0422739 0.0163808 -0.1832450 -0.0184877 0.9827570
1341846337.817945 0.8700559 0.1380722 -0.0372331 0.0120514 -0.1782925 -0.0182786 0.9837340
1341846337.885951 0.8627295 0.1555953 -0.0402649 0.0104278 -0.1712028 -0.0215112 0.9849458
1341846337.954120 0.8541561 0.1571795 -0.0353093 0.0046932 -0.1671051 -0.0256744 0.9855936
1341846338.018107 0.8559852 0.1698182 -0.0265296 0.0003703 -0.1645317 -0.0257398 0.9860358
1341846338.054055 0.8660145 0.1770390 -0.0200479 -0.0008625 -0.1644031 -0.0270043 0.9860232
1341846338.121875 0.8599657 0.1875688 -0.0032630 -0.0040061 -0.1581078 -0.0268513 0.9870486
1341846338.186029 0.8628907 0.1938848 0.0072678 -0.0056514 -0.1587339 -0.0212367 0.9870768
1341846338.290130 0.8749411 0.2130321 0.0406535 -0.0049558 -0.1583773 -0.0202794 0.9871579
1341846338.422377 0.8887222 0.2378723 0.0773423 -0.0041074 -0.1586563 -0.0178912 0.9871632
1341846338.622019 0.8467276 0.2408142 0.1252390 -0.0077680 -0.1516398 -0.0209727 0.9881828
1341846338.757945 0.8221403 0.2091468 0.1599072 -0.0186439 -0.1483117 -0.0186691 0.9885886
1341846338.958108 0.7938161 0.2045403 0.2130328 -0.0239293 -0.1412551 -0.0274946 0.9893020
1341846339.194113 0.7988151 0.2163109 0.2910779 -0.0278961 -0.1374397 -0.0262284 0.9897698
1341846339.496743 0.8255822 0.2220258 0.3957427 -0.0446711 -0.1384249 -0.0255890 0.9890340
1341846339.762241 0.8315091 0.2176839 0.4777111 -0.0391376 -0.1268032 -0.0292984 0.9907224
1341846340.098009 0.8347317 0.2162556 0.5506743 -0.0345246 -0.1194922 -0.0234362 0.9919579
1341846340.298061 0.8388450 0.2195994 0.5974286 -0.0313545 -0.1120502 -0.0268988 0.9928434
1341846340.634005 0.8632843 0.2157103 0.6221728 -0.0265013 -0.1255386 -0.0228901 0.9914705
1341846341.137982 0.8891315 0.2020487 0.5927597 -0.0203757 -0.1345267 -0.0247850 0.9903904
1341846341.470024 0.8926095 0.2009617 0.5784015 -0.0079782 -0.1354625 -0.0273175 0.9903737
1341846341.842595 0.8826919 0.1958566 0.5545540 -0.0075355 -0.1459203 -0.0159241 0.9891395
1341846342.179852 0.9156101 0.1761713 0.5496804 0.0091343 -0.1514639 0.0053493 0.9884061
