1341846647.802247 0.0000000 0.0000000 0.0000000 -0.0000000 -0.0000000 -0.0000000 1.0000000
1341846647.866652 0.0093104 -0.0035136 -0.0074671 0.0018231 0.0016541 0.0037159 0.9999901
1341846647.901972 0.0095039 -0.0052418 -0.0094067 0.0015522 0.0039020 0.0032428 0.9999859
1341846647.970225 0.0153572 -0.0120796 -0.0076227 -0.0017576 0.0016756 0.0047561 0.9999858
1341846648.034343 0.0181096 -0.0082621 -0.0127181 -0.0041891 -0.0005957 0.0046924 0.9999800
1341846648.170568 0.0111294 -0.0180305 -0.0193043 -0.0105419 -0.0084852 0.0036725 0.9999017
1341846648.270152 0.0078039 -0.0286847 -0.0217589 -0.0156876 -0.0226789 0.0003131 0.9996197
1341846648.370216 0.0022673 -0.0352800 -0.0388413 -0.0273493 -0.0382870 -0.0088943 0.9988528
1341846648.570179 0.0266158 -0.0353668 -0.0333880 -0.0402136 -0.0791655 -0.0066333 0.9960279
1341846648.906165 0.0738845 -0.0308192 -0.0121179 -0.0418835 -0.1428805 -0.0038237 0.9888460
1341846648.974090 0.0994661 -0.0270707 -0.0089061 -0.0439551 -0.1741044 -0.0007633 0.9837454
1341846649.042101 0.1389002 -0.0280154 0.0086668 -0.0473468 -0.1936816 0.0029371 0.9799169
1341846649.142042 0.1747240 -0.0161919 0.0204681 -0.0525442 -0.2094357 -0.0158815 0.9762805
1341846649.216152 0.1877723 -0.0099112 0.0336451 -0.0544186 -0.2179348 -0.0241934 0.9741446
1341846649.316071 0.2152097 -0.0077254 0.0404920 -0.0659736 -0.2244496 -0.0209919 0.9720232
1341846649.552101 0.2514554 -0.0070540 0.0708950 -0.0708269 -0.2342632 -0.0241768 0.9692883
1341846649.710937 0.2738822 -0.0369894 0.0799969 -0.0734440 -0.2483994 -0.0181893 0.9656982
1341846649.810257 0.2895692 -0.0369814 0.0744619 -0.0683319 -0.2678072 -0.0215217 0.9608053
1341846649.914184 0.3016172 -0.0387811 0.1020983 -0.0741879 -0.2894523 -0.0225767 0.9540460
1341846650.046184 0.3245502 -0.0351966 0.1104428 -0.0704351 -0.2988814 -0.0118325 0.9516138
1341846650.182236 0.3483720 -0.0433824 0.1416121 -0.0619146 -0.3023444 -0.0095721 0.9511377
1341846650.282167 0.3642806 -0.0525562 0.1623725 -0.0595851 -0.3024701 -0.0142252 0.9511883
1341846650.450353 0.3817275 -0.0725250 0.1505640 -0.0594862 -0.2891081 -0.0174556 0.9552870
1341846650.550746 0.3734871 -0.0719474 0.1645872 -0.0557407 -0.2739570 -0.0206225 0.9599038
1341846650.750112 0.3307272 -0.0721686 0.1223006 -0.0459761 -0.2309701 -0.0360984 0.9712034
1341846650.986247 0.2523955 -0.0661160 0.0924327 -0.0411307 -0.1690392 -0.0306035 0.9842751
1341846651.118423 0.2039355 -0.0702975 0.0836209 -0.0440487 -0.1316601 -0.0188722 0.9901360
1341846651.254031 0.1589143 -0.0744114 0.0670426 -0.0445266 -0.1065157 -0.0140395 0.9932143
1341846651.422237 0.0962646 -0.0910164 0.0744604 -0.0494300 -0.0796529 -0.0180616 0.9954326
1341846651.560316 0.0470082 -0.1048084 0.1025087 -0.0506949 -0.0538678 -0.0226560 0.9970030
1341846651.690127 -0.0293579 -0.1226838 0.1118721 -0.0371492 -0.0310450 -0.0208298 0.9986102
1341846651.790200 -0.1107437 -0.1295793 0.0990951 -0.0351128 -0.0091911 -0.0216749 0.9991060
1341846651.890237 -0.1973040 -0.1401048 0.1096309 -0.0205188 0.0178385 -0.0175506 0.9994763
1341846651.990020 -0.2905858 -0.1518807 0.1296519 -0.0122330 0.0435423 -0.0096547 0.9989300
1341846652.090106 -0.4005478 -0.1566553 0.1337676 -0.0101255 0.0646700 -0.0090460 0.9978144
1341846652.158232 -0.4781726 -0.1620628 0.1509996 -0.0159011 0.0816502 -0.0107803 0.9964759
1341846652.225981 -0.5645002 -0.1545880 0.1845006 -0.0138065 0.1048522 -0.0168596 0.9942490
1341846652.290189 -0.6355391 -0.1548701 0.2102268 -0.0074515 0.1204195 -0.0064691 0.9926741
1341846652.326148 -0.6772885 -0.1528321 0.2224005 0.0005045 0.1287228 -0.0075358 0.9916519
1341846652.394279 -0.7275645 -0.1489592 0.2168729 0.0041162 0.1393663 -0.0053476 0.9902179
1341846652.494100 -0.7803006 -0.1400796 0.2326358 0.0134566 0.1533275 -0.0051026 0.9880706
1341846652.562089 -0.7903246 -0.1579355 0.2269193 0.0109507 0.1642586 -0.0051383 0.9863431
1341846652.594254 -0.8213639 -0.1520008 0.2414127 0.0143579 0.1808721 -0.0072787 0.9833749
1341846652.626356 -0.8410246 -0.1440793 0.2513334 0.0169703 0.1941987 -0.0086502 0.9807773
1341846652.662152 -0.8292987 -0.1383070 0.2263078 0.0185093 0.2081450 -0.0135336 0.9778292
1341846652.694113 -0.8718107 -0.1275414 0.2591931 0.0177585 0.2437562 -0.0201977 0.9694636
1341846652.726378 -0.8946705 -0.1196707 0.3042150 0.0204898 0.2785883 -0.0245831 0.9598773
1341846652.762129 -0.9059888 -0.1085293 0.3358873 0.0205950 0.3086446 -0.0304365 0.9504673
1341846652.794152 -0.9524614 -0.1118560 0.3591323 0.0165727 0.3472090 -0.0320431 0.9370937
1341846652.830250 -0.9544978 -0.1093698 0.3873744 0.0184366 0.3765570 -0.0315019 0.9256741
1341846652.862014 -0.9901938 -0.1116585 0.4108711 0.0178648 0.3995036 -0.0280232 0.9161291
1341846652.894426 -1.0047107 -0.1107898 0.4406779 0.0169388 0.4205996 -0.0263421 0.9067057
1341846652.930346 -1.0133420 -0.1135906 0.4705642 0.0189867 0.4426261 -0.0240906 0.8961815
1341846652.962213 -1.0371742 -0.1015802 0.4955644 0.0193832 0.4620195 -0.0251553 0.8863010
1341846653.030292 -1.0431114 -0.1025691 0.5222726 0.0150134 0.4928446 -0.0220099 0.8697094
1341846653.062672 -1.0595391 -0.1088045 0.5554984 0.0187090 0.5108117 -0.0178913 0.8593028
1341846653.099024 -1.0671906 -0.0962286 0.5564438 0.0192188 0.5247522 -0.0194053 0.8508168
1341846653.130475 -1.0746047 -0.0986448 0.5753739 0.0157688 0.5431150 -0.0182993 0.8393108
1341846653.162620 -1.0996428 -0.1090990 0.5962286 0.0152118 0.5606365 -0.0149132 0.8277880
1341846653.198437 -1.1237247 -0.1117862 0.6275968 0.0162179 0.5759810 -0.0118077 0.8172169
1341846653.230042 -1.1296866 -0.1128557 0.6454346 0.0181066 0.5883706 -0.0084881 0.8083441
1341846653.298380 -1.1275826 -0.0836093 0.6774407 0.0226493 0.6145834 -0.0054420 0.7885079
1341846653.330162 -1.1319156 -0.0797916 0.6914365 0.0233601 0.6264688 -0.0028238 0.7790914
1341846653.366319 -1.1619933 -0.0680849 0.7226274 0.0240918 0.6399976 0.0001802 0.7679991
1341846653.398226 -1.1407502 -0.0761762 0.7210801 0.0242195 0.6472884 0.0039405 0.7618501
1341846653.430060 -1.1640553 -0.0828081 0.7592552 0.0261463 0.6587597 0.0069797 0.7518666
1341846653.466341 -1.1696700 -0.0693160 0.7756174 0.0291289 0.6652946 0.0038352 0.7460026
1341846653.498194 -1.1884212 -0.0657357 0.7934755 0.0296927 0.6714724 0.0033991 0.7404267
1341846653.530205 -1.1968857 -0.0664986 0.8229361 0.0293631 0.6766081 0.0021969 0.7357544
1341846653.566601 -1.2020483 -0.0700832 0.8319455 0.0292102 0.6785842 -0.0000028 0.7339416
1341846653.598213 -1.2140068 -0.0670108 0.8518432 0.0296917 0.6813626 0.0005311 0.7313434
1341846653.634793 -1.2202570 -0.0728874 0.8604521 0.0281511 0.6812003 0.0017219 0.7315537
1341846653.666143 -1.2232912 -0.0743448 0.8574362 0.0282856 0.6798208 0.0021442 0.7328295
1341846653.734313 -1.2299197 -0.0729891 0.8629104 0.0251545 0.6729946 0.0050207 0.7392026
1341846653.766275 -1.2288458 -0.0702350 0.8688078 0.0246091 0.6708455 0.0065182 0.7411600
1341846653.902170 -1.2650111 -0.0756708 0.8928387 0.0206222 0.6483483 0.0129061 0.7609550
1341846653.934160 -1.2638383 -0.0814234 0.8898920 0.0177605 0.6402373 0.0132977 0.7678567
1341846653.966155 -1.2672039 -0.0738889 0.8935571 0.0164278 0.6344696 0.0119082 0.7726815
1341846654.002169 -1.2722727 -0.0685960 0.8933605 0.0130000 0.6266466 0.0117666 0.7791063
1341846654.034140 -1.2667980 -0.0734583 0.8966687 0.0084224 0.6192564 0.0126619 0.7850416
1341846654.070172 -1.2623714 -0.0895651 0.9012915 0.0086448 0.6100014 0.0146778 0.7922172
1341846654.102438 -1.2387818 -0.0822446 0.9025320 0.0139268 0.5993288 0.0137938 0.8002629
1341846654.134349 -1.2380228 -0.0768055 0.8971899 0.0190249 0.5887654 0.0129352 0.8079765
1341846654.170244 -1.2330395 -0.0750673 0.9146214 0.0213248 0.5782126 0.0108413 0.8155354
1341846654.202087 -1.2306304 -0.0777378 0.8974594 0.0214778 0.5619404 0.0062632 0.8268751
1341846654.234434 -1.2251005 -0.0705852 0.8991363 0.0233626 0.5543188 0.0026989 0.8319721
1341846654.270041 -1.2446215 -0.0684280 0.9154369 0.0231179 0.5455464 0.0003280 0.8377616
1341846654.302117 -1.2169774 -0.0569345 0.9068154 0.0238228 0.5277252 -0.0031629 0.8490751
1341846654.338026 -1.2008368 -0.0515266 0.9071778 0.0224333 0.5191899 -0.0053987 0.8543474
1341846654.369979 -1.2092593 -0.0601425 0.9268709 0.0225158 0.5117795 -0.0024998 0.8588181
1341846654.402172 -1.2485034 -0.0551924 0.9706982 0.0232888 0.5014814 -0.0051889 0.8648394
1341846654.438133 -1.1836197 -0.0334635 0.9098610 0.0234368 0.4753527 -0.0088391 0.8794388
1341846654.470186 -1.1803422 -0.0406201 0.9129899 0.0190663 0.4673829 -0.0085540 0.8838080
1341846654.502267 -1.2187302 -0.0490246 0.9606165 0.0184574 0.4579483 -0.0069720 0.8887599
1341846654.539064 -1.1451330 -0.0269598 0.8797662 0.0213241 0.4236176 -0.0101717 0.9055330
1341846654.570053 -1.1273435 -0.0366623 0.8783521 0.0167997 0.4183013 -0.0115614 0.9080793
1341846654.606030 -1.1538705 -0.0456102 0.8680038 0.0143256 0.4072006 -0.0122225 0.9131446
1341846654.637980 -1.0718344 -0.0428569 0.7526884 0.0178618 0.3675839 -0.0139481 0.9297142
1341846654.670155 -1.0681770 -0.0413728 0.7429655 0.0204902 0.3609685 -0.0156396 0.9322217
1341846654.706022 -1.0486667 -0.0379024 0.7353314 0.0231638 0.3458550 -0.0154576 0.9378746
1341846654.738497 -1.0481358 -0.0458527 0.7256950 0.0266740 0.3258814 -0.0137937 0.9449337
1341846654.774056 -1.0318741 -0.0245217 0.7058048 0.0303824 0.3152444 -0.0145026 0.9484131
1341846654.838060 -1.0340775 -0.0358917 0.6988323 0.0265212 0.2895142 -0.0133548 0.9567130
1341846654.874136 -0.9943230 -0.0214702 0.6618459 0.0268425 0.2707110 -0.0130702 0.9621976
1341846654.906209 -0.9911423 -0.0284112 0.6657442 0.0217218 0.2606819 -0.0124963 0.9650995
1341846654.938214 -0.9868186 -0.0448936 0.6677359 0.0218334 0.2439723 -0.0113677 0.9694697
1341846654.974334 -0.9769865 -0.0334769 0.6555211 0.0276313 0.2251753 -0.0101345 0.9738737
1341846655.006124 -0.9662510 -0.0213544 0.6415133 0.0281523 0.2110489 -0.0103634 0.9770151
1341846655.042239 -0.9736986 -0.0249681 0.6635975 0.0258154 0.1974048 -0.0095604 0.9799355
1341846655.074179 -0.9564129 -0.0345293 0.6282445 0.0274571 0.1697092 -0.0083444 0.9850763
1341846655.106132 -0.9566896 -0.0282215 0.6296153 0.0272795 0.1572265 -0.0121148 0.9871114
1341846655.142070 -0.9750227 -0.0128036 0.6295686 0.0288045 0.1420897 -0.0112848 0.9893702
1341846655.174000 -0.9421277 -0.0203474 0.6179240 0.0241502 0.1131609 -0.0154609 0.9931628
1341846655.206124 -0.9290809 -0.0176305 0.6021457 0.0220930 0.1001656 -0.0171406 0.9945778
1341846655.242079 -0.9168236 -0.0287547 0.6079347 0.0211067 0.0855873 -0.0184641 0.9959360
1341846655.274211 -0.9013255 -0.0337397 0.5940785 0.0231776 0.0753430 -0.0205179 0.9966771
1341846655.310175 -0.8982236 -0.0359783 0.6100270 0.0295190 0.0753629 -0.0172576 0.9965698
1341846655.410207 -0.8442531 -0.0281361 0.5947624 0.0438849 0.0591739 -0.0093557 0.9972387
1341846655.474205 -0.8146669 -0.0143054 0.5643539 0.0525223 0.0347405 -0.0017257 0.9980138
1341846655.578132 -0.7565368 -0.0055698 0.5653955 0.0434361 0.0010320 0.0034611 0.9990497
1341846655.678110 -0.6784918 -0.0005546 0.5654892 0.0378147 -0.0424708 0.0062744 0.9983621
1341846655.748050 -0.6028119 0.0041497 0.5308787 0.0353906 -0.0775132 0.0074736 0.9963350
1341846655.846257 -0.4920624 0.0196724 0.5157813 0.0326624 -0.1243050 0.0181894 0.9915395
1341846655.946240 -0.3388184 0.0259353 0.4925104 0.0249331 -0.1792794 0.0157166 0.9833567
1341846656.014188 -0.2797810 -0.0006496 0.4992456 0.0142509 -0.1973860 0.0158850 0.9800935
1341846656.114220 -0.1757595 0.0130605 0.5134007 0.0119578 -0.2266735 0.0237532 0.9736077
1341846656.246093 -0.0771161 0.0255206 0.5436656 0.0122743 -0.2638015 0.0244000 0.9641902
1341846656.314258 -0.0401764 0.0311420 0.5520586 0.0103638 -0.2773088 0.0270287 0.9603447
1341846656.382222 -0.0211040 0.0429733 0.5527397 0.0074715 -0.2880934 0.0276551 0.9571737
1341846656.482260 0.0176235 0.0638059 0.5402768 0.0048300 -0.3174894 0.0300243 0.9477741
1341846656.582247 0.0237810 0.0585582 0.5194926 -0.0015180 -0.3289682 0.0266848 0.9439628
1341846656.714216 -0.0103349 0.0419276 0.4937006 -0.0078762 -0.3340620 0.0241056 0.9422099
1341846656.782653 -0.0261682 0.0486125 0.5191106 -0.0095579 -0.3369726 0.0226060 0.9411945
1341846656.956112 -0.0123825 0.0406960 0.5018072 -0.0178891 -0.3331941 0.0187570 0.9425019
1341846657.056121 -0.0154189 0.0440340 0.5056015 -0.0196218 -0.3169794 0.0207678 0.9480020
1341846657.124027 -0.0214774 0.0298527 0.5072759 -0.0116977 -0.2940417 0.0256297 0.9553773
1341846657.192094 -0.0113063 0.0324728 0.5057757 -0.0043295 -0.2670585 0.0270360 0.9632913
1341846657.292164 0.0020847 0.0316020 0.5331293 0.0002942 -0.2390677 0.0202257 0.9707922
1341846657.354367 0.0779078 0.0476569 0.5582999 0.0017128 -0.2338760 0.0191113 0.9720771
1341846657.386193 0.1114915 0.0435044 0.5736082 0.0003614 -0.2285793 0.0184526 0.9733503
1341846657.454277 0.1723994 0.0540742 0.5925474 0.0067852 -0.2158055 0.0179363 0.9762481
1341846657.522092 0.2210063 0.0571183 0.6106204 0.0115377 -0.1954031 0.0161386 0.9805223
1341846657.586078 0.2866502 0.0506770 0.6307765 0.0118799 -0.1839980 0.0119200 0.9827825
1341846657.622205 0.3180215 0.0535052 0.6451097 0.0135627 -0.1789612 0.0112247 0.9836986
1341846657.654161 0.3538657 0.0486386 0.6639391 0.0144794 -0.1789523 0.0099828 0.9837006
1341846657.686517 0.3653999 0.0462421 0.6584706 0.0141638 -0.1648466 0.0071273 0.9861917
1341846657.754104 0.4344239 0.0363914 0.6835949 0.0144307 -0.1580773 0.0053276 0.9873070
1341846657.790066 0.4836347 0.0257492 0.6630873 0.0084002 -0.1499874 0.0020984 0.9886500
1341846657.822089 0.4743477 0.0294707 0.7146546 0.0107653 -0.1334053 0.0051366 0.9909898
1341846657.853972 0.5327209 0.0320878 0.7462771 0.0140123 -0.1353819 0.0124020 0.9906168
1341846657.889993 0.5898191 0.0307927 0.7638196 0.0112176 -0.1314984 0.0125077 0.9911740
1341846657.922046 0.5118484 0.0186700 0.7511026 0.0109863 -0.1033139 0.0112255 0.9945248
1341846657.954192 0.5281745 0.0383133 0.7640503 0.0141414 -0.0981162 0.0151103 0.9949598
1341846657.990141 0.5389231 0.0280649 0.7687733 0.0087637 -0.0888815 0.0137373 0.9959089
1341846658.022419 0.4910009 0.0138381 0.7661218 0.0096227 -0.0723176 0.0133411 0.9972460
1341846658.122355 0.4945138 0.0278033 0.7771198 0.0111248 -0.0511642 0.0128941 0.9985451
1341846658.494176 0.4496857 0.0468448 0.7825800 -0.0002611 -0.0239269 0.0023101 0.9997110
1341846658.894170 0.4736368 0.0569846 0.7616807 -0.1201926 -0.0580800 -0.0021103 0.9910479
1341846660.270168 0.3990377 -0.0179851 0.7415582 -0.0957067 -0.0676520 -0.0069694 0.9930835
1341846660.906366 0.4023248 -0.0478315 0.7352585 -0.0185853 -0.0622633 0.0096660 0.9978399
1341846661.410178 0.3902790 -0.0514187 0.7302502 0.0349929 -0.0564922 0.0130847 0.9977039
1341846661.642253 0.4490200 -0.0193051 0.7357121 0.0342489 -0.0727894 0.0109550 0.9966989
1341846661.742341 0.3753133 -0.0142674 0.7036481 0.0483551 -0.0639865 0.0042397 0.9967695
1341846661.810103 0.2608567 -0.0414235 0.6949670 0.0606857 -0.0426051 -0.0004705 0.9972472
1341846661.878157 0.1648293 -0.0616473 0.6781085 0.0707475 -0.0247836 -0.0060663 0.9971679
1341846661.910222 0.1057533 -0.0633049 0.6897797 0.0710486 -0.0120474 -0.0097046 0.9973529
1341846661.946090 0.0504928 -0.0615588 0.6955976 0.0743631 -0.0024627 -0.0102221 0.9971758
1341846662.010311 -0.0528773 -0.0593924 0.7169945 0.0890526 0.0161928 -0.0164946 0.9957587
1341846662.046195 -0.1031487 -0.0608853 0.7184221 0.0979502 0.0222498 -0.0139374 0.9948449
1341846662.078099 -0.1503265 -0.0574398 0.7160816 0.1047700 0.0291744 -0.0161021 0.9939380
1341846662.110672 -0.2003347 -0.0607442 0.7212065 0.1102814 0.0386285 -0.0148032 0.9930391
1341846662.146166 -0.2502685 -0.0545428 0.7246850 0.1197777 0.0451789 -0.0111493 0.9917096
1341846662.178168 -0.2881393 -0.0559741 0.7295278 0.1270065 0.0504878 -0.0092209 0.9905732
1341846662.214136 -0.3189077 -0.0539504 0.7416379 0.1390436 0.0568801 -0.0065414 0.9886298
1341846662.246167 -0.3528304 -0.0540646 0.7441810 0.1518747 0.0610936 -0.0026247 0.9865063
1341846662.278007 -0.3936751 -0.0562297 0.7496713 0.1573076 0.0667437 -0.0009885 0.9852911
1341846662.314144 -0.4357641 -0.0614484 0.7557676 0.1621587 0.0761383 -0.0013931 0.9838219
1341846662.346164 -0.4752662 -0.0681524 0.7637953 0.1664095 0.0809819 0.0008544 0.9827253
1341846662.378069 -0.5075659 -0.0801631 0.7645000 0.1700670 0.0854394 0.0020596 0.9817194
1341846662.414229 -0.5421597 -0.0861759 0.7733315 0.1770514 0.0927031 0.0046873 0.9798148
1341846662.446102 -0.5717759 -0.0933695 0.7786096 0.1829372 0.0962122 0.0066330 0.9783829
1341846662.482229 -0.6064360 -0.1034892 0.7887515 0.1896330 0.1007643 0.0062576 0.9766508
1341846662.514117 -0.6339003 -0.1034930 0.7915838 0.1992754 0.1062390 0.0082275 0.9741329
1341846662.546261 -0.5027574 -0.0726457 0.7746554 0.2117213 0.0855254 0.0037455 0.9735736
1341846662.620264 -0.4216115 -0.0501637 0.7673033 0.2222566 0.0754938 0.0008344 0.9720607
1341846662.682024 -0.4444163 -0.0541286 0.7634745 0.2303408 0.0773453 0.0007275 0.9700311
1341846663.622145 -0.3845229 -0.0441698 0.7368105 0.1514538 0.0512515 0.0071316 0.9871090
1341846663.686099 -0.3824533 -0.0506471 0.7265343 0.1340795 0.0497767 0.0074087 0.9896919
1341846663.722109 -0.3835234 -0.0537348 0.7327239 0.1250996 0.0498553 0.0075740 0.9908618
1341846663.755694 -0.3785376 -0.0567069 0.7249436 0.1194135 0.0501560 0.0080329 0.9915444
1341846663.786304 -0.3732229 -0.0641209 0.7204486 0.1056502 0.0512228 0.0079437 0.9930515
1341846663.822090 -0.3804416 -0.0565259 0.7202418 0.0865807 0.0529206 0.0082642 0.9948040
1341846663.854115 -0.3807657 -0.0347351 0.7319717 0.0833961 0.0535981 0.0081489 0.9950407
1341846663.890140 -0.3751671 -0.0319044 0.7117683 0.0750364 0.0541257 0.0083545 0.9956757
1341846663.921987 -0.3795898 -0.0448475 0.7139034 0.0489576 0.0565208 0.0076104 0.9971713
1341846663.954282 -0.3808568 -0.0546270 0.7190686 0.0339493 0.0576989 0.0062010 0.9977373
1341846663.990370 -0.3634559 -0.0367012 0.7137392 0.0271145 0.0578262 0.0074505 0.9979306
1341846664.022124 -0.3768358 -0.0271630 0.7163089 0.0138573 0.0622212 0.0072246 0.9979401
1341846664.090250 -0.3877944 -0.0452398 0.7192300 -0.0157747 0.0667680 0.0049337 0.9976317
1341846664.626196 -0.3885702 -0.0638642 0.7241481 -0.1427248 0.0781944 0.0097582 0.9866205
1341846665.430162 -0.3658466 -0.0158550 0.6815200 -0.2113285 0.0859033 0.0114020 0.9735661
1341846665.934076 -0.3882392 -0.0366731 0.6628395 -0.2782480 0.0990396 0.0186835 0.9552069
1341846666.302195 -0.3777434 -0.0481964 0.6447719 -0.3206230 0.0997173 0.0248239 0.9416162
1341846666.470060 -0.4135911 -0.0288303 0.6453543 -0.3477333 0.1019227 0.0356434 0.9313554
1341846666.534121 -0.3944810 -0.0470156 0.6451480 -0.3675999 0.1016946 0.0387541 0.9235944
1341846666.602180 -0.4163746 -0.0119628 0.6278465 -0.3740655 0.1038566 0.0435982 0.9205368
1341846666.738266 -0.4172465 -0.0398282 0.6410176 -0.3939581 0.1013587 0.0472701 0.9122988
1341846666.906019 -0.4258995 -0.0417813 0.6321125 -0.4043391 0.0953210 0.0563076 0.9078839
1341846667.006200 -0.4293952 -0.0464674 0.6275296 -0.4146845 0.0928673 0.0532517 0.9036463
1341846667.074153 -0.3883139 -0.0157807 0.5981311 -0.4176479 0.0791310 0.0520932 0.9036564
1341846667.174105 -0.4243653 -0.0363204 0.5992973 -0.4248278 0.0825045 0.0451944 0.9003732
1341846667.238075 -0.2463000 0.0025072 0.5921800 -0.4155489 0.0514819 0.0411016 0.9071822
1341846667.274016 -0.2114129 0.0067730 0.5893435 -0.4083665 0.0448937 0.0380071 0.9109209
1341846667.342253 -0.1497583 -0.0441352 0.6247528 -0.3968305 0.0342222 0.0396382 0.9163969
1341846667.406982 -0.1684330 -0.0510893 0.6208331 -0.3823961 0.0394840 0.0250131 0.9228156
1341846667.506006 -0.1928799 -0.0893812 0.6091387 -0.3499276 0.0445968 0.0200352 0.9355001
1341846667.542298 -0.1881785 -0.1279975 0.6076469 -0.3410724 0.0422642 0.0204754 0.9388633
1341846667.642293 -0.1867075 -0.0612260 0.5858970 -0.2948663 0.0419660 0.0152547 0.9544947
1341846667.742255 -0.1875259 -0.0759976 0.5931999 -0.2892972 0.0457555 0.0128857 0.9560583
1341846667.910558 -0.1990858 -0.0642608 0.5912332 -0.2541621 0.0544646 0.0072343 0.9655998
1341846668.010215 -0.0408474 -0.0708089 0.5935955 -0.2358534 0.0355610 0.0106510 0.9710793
1341846668.078111 0.0741247 -0.0603413 0.5965162 -0.2167502 0.0212399 0.0149465 0.9758816
1341846668.110130 0.1249905 -0.0449688 0.5943570 -0.2062998 0.0158818 0.0137440 0.9782634
1341846668.146332 0.1908864 -0.0228847 0.5921062 -0.1948787 0.0081039 0.0151854 0.9806763
1341846668.211262 0.3114727 -0.0065464 0.6107445 -0.1689557 -0.0134049 0.0195552 0.9853385
1341846668.246163 0.3498462 0.0060023 0.6191961 -0.1544326 -0.0179373 0.0221810 0.9875914
1341846668.278397 0.3850811 0.0163765 0.6316329 -0.1408664 -0.0258292 0.0257617 0.9893563
1341846668.314248 0.4400055 0.0240021 0.6248174 -0.1288914 -0.0346885 0.0263825 0.9907006
1341846668.378099 0.5143003 0.0468886 0.6271898 -0.1139406 -0.0470897 0.0312344 0.9918793
1341846668.445965 0.5902417 0.0558721 0.6332875 -0.0975799 -0.0591628 0.0364710 0.9927980
1341846668.478153 0.6137074 0.0609634 0.6409436 -0.0784505 -0.0653818 0.0392680 0.9939964
1341846668.614140 0.5765632 0.0667658 0.6394805 -0.0331683 -0.0563989 0.0336103 0.9972910
1341846668.746132 0.6147460 0.0658221 0.6253033 0.0084051 -0.0698412 0.0357934 0.9968804
1341846668.782338 0.6230058 0.0913921 0.6251908 0.0114142 -0.0718520 0.0349258 0.9967383
1341846668.850214 0.6139985 0.0928028 0.6263849 0.0104493 -0.0712098 0.0351163 0.9967883
1341846668.914289 0.6249686 0.0873515 0.6254193 0.0063379 -0.0754276 0.0305762 0.9966623
1341846668.982227 0.6139486 0.1085587 0.6069367 0.0081860 -0.0804882 0.0242435 0.9964271
1341846669.218046 0.6368607 0.1379814 0.6172144 -0.0227985 -0.1024293 -0.0291239 0.9940525
1341846669.350255 0.5998507 0.1063421 0.6172866 -0.0350580 -0.1019831 -0.0508456 0.9928671
1341846669.617976 0.6059533 0.1288522 0.5963190 -0.0655415 -0.1050878 -0.1407479 0.9822683
1341846669.886219 0.6304495 0.1327270 0.6027077 -0.0906098 -0.0912090 -0.2058400 0.9701034
1341846670.090228 0.6355110 0.1406146 0.5857638 -0.1105655 -0.0738861 -0.2598781 0.9564411
1341846670.290254 0.6241333 0.1449739 0.5881274 -0.1224317 -0.0443423 -0.3191632 0.9387114
1341846670.422206 0.5962605 0.1510892 0.5964024 -0.1119405 -0.0091394 -0.3541690 0.9284127
1341846670.526271 0.5860333 0.1364514 0.5775691 -0.0999727 0.0181405 -0.3747628 0.9215363
1341846670.596103 0.6704305 0.1454746 0.5765544 -0.0876543 0.0140121 -0.3834822 0.9192724
1341846670.664027 0.7394063 0.1540370 0.5839487 -0.0737858 0.0118833 -0.3937845 0.9161595
1341846670.764128 0.8119906 0.1578564 0.5841007 -0.0493622 0.0207501 -0.4099059 0.9105548
1341846670.796059 0.8260909 0.1585063 0.5830467 -0.0417593 0.0261162 -0.4124247 0.9096593
1341846670.863970 0.8686708 0.1604139 0.5851741 -0.0268807 0.0253920 -0.4084155 0.9120468
1341846670.896139 0.8897868 0.1624893 0.5951138 -0.0186257 0.0295984 -0.4082696 0.9121913
1341846670.932028 0.9044354 0.1701210 0.6079637 -0.0060334 0.0332566 -0.4022457 0.9149076
1341846670.964063 0.9288784 0.1750996 0.6030994 0.0064243 0.0290937 -0.3936986 0.9187566
1341846671.000270 0.9376683 0.1771269 0.5975031 0.0141077 0.0306376 -0.3958953 0.9176760
1341846671.032112 0.9544608 0.1773641 0.6022462 0.0235353 0.0355362 -0.3981983 0.9163086
1341846671.064030 0.9720922 0.1859069 0.6131123 0.0356340 0.0373905 -0.3991826 0.9154155
1341846671.101398 0.9774314 0.1853839 0.6136641 0.0439990 0.0380304 -0.4043822 0.9127392
1341846671.132289 0.9850425 0.1901922 0.6136419 0.0574650 0.0408760 -0.4095897 0.9095401
1341846671.168159 0.9814902 0.1879996 0.6264081 0.0698995 0.0396888 -0.4092922 0.9088557
1341846671.200149 0.9975396 0.1899385 0.6221775 0.0836521 0.0331748 -0.4111554 0.9071125
1341846671.232280 1.0100775 0.1877442 0.6255256 0.0956168 0.0327854 -0.4154527 0.9039810
1341846671.268147 1.0190612 0.1996524 0.6317303 0.1085545 0.0347451 -0.4148950 0.9027020
1341846671.300337 1.0375856 0.2071215 0.6276794 0.1193883 0.0287981 -0.4146486 0.9016560
1341846671.336125 1.0571078 0.2068517 0.6282038 0.1276255 0.0249601 -0.4179457 0.8991163
1341846671.368236 1.0645022 0.2145672 0.6342239 0.1365165 0.0263133 -0.4199369 0.8968410
1341846671.400327 1.0811543 0.2145128 0.6321097 0.1427618 0.0193613 -0.4206413 0.8957149
1341846671.436064 1.1021965 0.2336522 0.6367729 0.1542357 0.0152163 -0.4249655 0.8918431
1341846671.468197 1.1105963 0.2501042 0.6290918 0.1624662 0.0163184 -0.4274778 0.8891576
1341846671.504294 1.1053897 0.2600279 0.6027120 0.1651217 0.0142294 -0.4318425 0.8865915
1341846671.536197 1.1125650 0.2691536 0.6006029 0.1730756 0.0083758 -0.4400696 0.8810865
1341846671.604188 1.1371590 0.2732413 0.5970657 0.1902029 -0.0013438 -0.4497571 0.8726624
1341846671.636057 1.1507068 0.2709596 0.6077658 0.2004003 -0.0131358 -0.4542975 0.8679176
1341846671.672157 1.1715797 0.2856115 0.5968050 0.2155611 -0.0205987 -0.4600942 0.8610589
1341846671.704027 1.1867045 0.2910935 0.5906007 0.2190667 -0.0250670 -0.4603643 0.8599105
1341846671.774745 1.1818089 0.2959634 0.6029288 0.2237792 -0.0297585 -0.4721743 0.8521084
1341846671.804605 1.1852263 0.3039938 0.6019506 0.2274389 -0.0342742 -0.4745176 0.8496646
1341846671.872106 1.1905526 0.3070278 0.6089877 0.2321781 -0.0401136 -0.4826719 0.8435118
1341846671.972239 1.1868423 0.3171186 0.6055204 0.2345274 -0.0404274 -0.4971272 0.8344023
1341846672.066227 1.1875983 0.3070927 0.5897942 0.2339664 -0.0422870 -0.5166564 0.8225191
1341846672.234130 1.1855085 0.2779990 0.5870203 0.2333845 -0.0494521 -0.5388419 0.8079205
1341846672.402478 1.2074599 0.2796948 0.5960943 0.2392173 -0.0533235 -0.5462828 0.8009412
1341846672.608881 1.2131970 0.2851486 0.6097290 0.2367647 -0.0613464 -0.5412829 0.8044824
1341846672.708152 1.2197851 0.2924176 0.6227161 0.2348240 -0.0713438 -0.5257573 0.8144612
1341846672.803280 1.2171040 0.2949624 0.6246341 0.2341078 -0.0852362 -0.4949120 0.8324605
1341846672.970326 1.2137027 0.3062640 0.6219745 0.2273473 -0.1098754 -0.4539239 0.8545137
1341846673.106189 1.2090693 0.3123320 0.6226171 0.2138625 -0.1260003 -0.4137957 0.8758767
1341846673.274220 1.2053950 0.3073163 0.6256339 0.2114405 -0.1523830 -0.3620129 0.8949967
1341846673.374098 1.2101785 0.3041344 0.6358939 0.2155079 -0.1667063 -0.3311455 0.9033870
1341846673.438267 1.2092310 0.3044027 0.6438780 0.2176063 -0.1759304 -0.3056726 0.9100881
1341846673.506260 1.2096516 0.3040647 0.6485289 0.2199932 -0.1858613 -0.2762581 0.9169188
1341846673.606102 1.2081419 0.3094265 0.6459979 0.2135005 -0.2030210 -0.2427344 0.9242727
1341846673.648026 1.2082453 0.3136865 0.6408037 0.2093704 -0.2105472 -0.2313583 0.9264488
1341846673.710162 1.1916362 0.3190631 0.6327113 0.1957933 -0.2208667 -0.2114461 0.9317583
1341846673.810154 1.1683004 0.3297143 0.6143398 0.1789817 -0.2403289 -0.1691311 0.9389368
1341846673.874285 1.1640227 0.3460000 0.6032342 0.1694101 -0.2517488 -0.1468864 0.9414601
1341846673.942284 1.1605561 0.3502299 0.6077918 0.1578235 -0.2607795 -0.1271185 0.9438891
1341846674.084057 1.1451488 0.3549603 0.6212341 0.1536737 -0.2638617 -0.0916492 0.9478195
1341846674.210322 1.1337726 0.3919053 0.5925754 0.1375768 -0.2597454 -0.0639456 0.9536855
1341846674.310117 1.1120180 0.3840091 0.5914187 0.1266749 -0.2625108 -0.0384013 0.9558070
1341846674.410162 1.0920756 0.3905331 0.5571836 0.1195024 -0.2582364 -0.0139015 0.9585614
1341846674.478198 1.0774437 0.3730170 0.5582086 0.1128380 -0.2562587 -0.0031090 0.9599945
1341846674.578094 1.0612371 0.3763970 0.5563276 0.1103455 -0.2549950 0.0087213 0.9605860
1341846674.752271 1.0823720 0.3735740 0.5623572 0.1029137 -0.2602384 0.0481662 0.9588351
1341846674.846370 1.1171025 0.3765205 0.5736209 0.0980167 -0.2648553 0.0695627 0.9567682
1341846674.982342 1.1692972 0.3763952 0.5772653 0.0830167 -0.2745836 0.0901648 0.9537203
1341846675.088201 1.2107049 0.3808212 0.6049932 0.0572621 -0.2867354 0.0943397 0.9516323
1341846675.150188 1.2541623 0.3710333 0.6175936 0.0240904 -0.2938744 0.0964795 0.9506572
1341846675.251951 1.3124585 0.3537128 0.7029875 -0.0080154 -0.3058163 0.0898504 0.9478075
1341846675.350149 1.3716030 0.3973157 0.7726045 -0.0157255 -0.3128533 0.0879295 0.9455918
1341846675.450238 1.4254985 0.4055137 0.8754388 -0.0371976 -0.3188386 0.0983304 0.9419605
1341846675.518083 1.4583553 0.4091022 0.9176239 -0.0233901 -0.3231085 0.1215531 0.9382316
1341846675.618075 1.5017775 0.4134097 0.9621352 -0.0125321 -0.3281517 0.1386497 0.9343103
1341846675.754170 1.5491939 0.4057187 1.0297956 0.0051601 -0.3351749 0.1447540 0.9309551
1341846675.854095 1.5992204 0.4026989 1.0858823 0.0163130 -0.3380515 0.1426487 0.9301110
1341846675.961651 1.6564145 0.3988102 1.1367756 0.0408456 -0.3465405 0.1470955 0.9255292
1341846676.028080 1.7065346 0.3894439 1.1724358 0.0606345 -0.3562844 0.1511757 0.9200711
1341846676.122163 1.7929516 0.3753763 1.2278682 0.0638586 -0.3735616 0.1435063 0.9142100
1341846676.154447 1.8200121 0.3681325 1.2570856 0.0607319 -0.3788774 0.1409702 0.9126286
1341846676.190230 1.8561041 0.3681021 1.2824059 0.0605534 -0.3864796 0.1409353 0.9094526
1341846676.222476 1.9019828 0.3774994 1.3060778 0.0576755 -0.3919320 0.1365390 0.9079757
1341846676.257017 1.9293962 0.3829884 1.3339784 0.0513550 -0.3953426 0.1335921 0.9073148
1341846676.290401 1.9602582 0.3840868 1.3544945 0.0483957 -0.4001390 0.1330266 0.9054561
1341846676.322689 1.9921777 0.3855051 1.3694754 0.0456738 -0.4014537 0.1293038 0.9055547
1341846676.360815 2.0280128 0.3959835 1.3882972 0.0345272 -0.4025977 0.1260867 0.9059940
1341846676.390851 2.0376751 0.3987192 1.4275553 0.0290764 -0.4050542 0.1190412 0.9060435
1341846676.424250 2.0606170 0.3971601 1.4677495 0.0301918 -0.4075122 0.1198718 0.9047945
1341846676.459033 2.0525610 0.4251520 1.4158988 0.0316278 -0.3975615 0.1197566 0.9091771
1341846676.490669 2.0792570 0.4314637 1.4514806 0.0274424 -0.4000247 0.1189535 0.9083377
1341846676.532743 2.1097074 0.4324599 1.4865421 0.0258408 -0.4017671 0.1188441 0.9076297
1341846676.564052 2.1257293 0.4468382 1.5159622 0.0250919 -0.4020587 0.1201087 0.9073550
1341846676.596566 2.1274681 0.4483189 1.5042437 0.0219688 -0.3993895 0.1169139 0.9090306
1341846676.690079 2.1518931 0.4492518 1.5331514 0.0222601 -0.3961227 0.1100824 0.9113030
1341846676.826179 2.1936901 0.4657405 1.5792838 0.0304381 -0.3912886 0.1069745 0.9135225
1341846677.162066 2.2227876 0.4848329 1.6113691 0.0363068 -0.3945478 0.1101648 0.9115248
1341846677.430058 2.2585087 0.4847822 1.6503892 0.0386173 -0.3957384 0.1099950 0.9109341
1341846677.594105 2.2663736 0.4779105 1.6591337 0.0455600 -0.3874129 0.1085322 0.9143612
1341846677.966256 2.2892597 0.4598136 1.6796938 0.0571701 -0.3842266 0.1073313 0.9151948
1341846678.266209 2.3060877 0.4304233 1.6755702 0.0708127 -0.3898701 0.1153698 0.9108660
