1341845820.751833 0.0000000 0.0000000 0.0000000 -0.0000000 -0.0000000 -0.0000000 1.0000000
1341845821.488014 0.0098049 -0.0074451 -0.0004967 0.0060157 0.0153517 0.0028167 0.9998601
1341845821.524370 0.0114396 -0.0103483 0.0002858 0.0074922 0.0159982 0.0032979 0.9998385
1341845822.663716 -0.0684497 -0.0226163 0.0048652 0.0116213 0.0151183 -0.0000927 0.9998181
1341845823.561916 -0.1756358 -0.0377176 0.0134407 0.0282786 0.0296382 0.0128523 0.9990779
1341845823.829660 -0.2211971 -0.0502384 0.0143895 0.0348778 0.0157292 0.0147269 0.9991593
1341845824.197930 -0.2664938 -0.0616306 0.0221851 0.0186544 0.0456581 0.0073216 0.9987561
1341845824.501802 -0.3198976 -0.0678603 0.0053364 0.0321148 0.0214975 0.0145131 0.9991476
1341845825.480278 -0.4762180 -0.0871637 0.0000963 0.0345937 0.0026625 0.0390284 0.9986356
1341845825.915646 -0.5263979 -0.0802062 0.0090262 0.0263428 -0.0180017 0.0378230 0.9987749
1341845826.945792 -0.5680537 -0.0515503 -0.0014630 -0.0175148 -0.0362979 0.0473434 0.9980653
1341845827.045694 -0.5678441 -0.0326638 -0.0011065 -0.0268571 -0.0335647 0.0581606 0.9973813
1341845830.633627 -0.0657255 -0.0087035 0.0250318 0.0254348 -0.0103815 0.0695301 0.9972016
1341845831.237723 0.0384202 0.0035387 0.0085341 0.0240036 0.0097758 0.0455777 0.9986246
1341845831.537844 0.1006861 0.0131267 0.0024871 0.0208691 0.0013317 0.0361321 0.9991282
1341845831.873791 0.1523969 0.0154381 0.0008365 0.0004610 0.0187228 0.0454012 0.9987933
1341845832.173988 0.2128669 0.0318088 -0.0006683 -0.0046409 0.0317393 0.0377769 0.9987713
1341845832.577871 0.2730671 0.0501187 -0.0066332 -0.0182379 0.0255904 0.0437204 0.9985495
1341845832.978015 0.3286433 0.0684779 -0.0103219 -0.0279686 0.0355164 0.0509524 0.9976774
1341845833.145767 0.3622526 0.0790592 -0.0241894 -0.0303613 0.0404755 0.0506094 0.9974360
1341845833.381840 0.4156302 0.0818518 -0.0270309 -0.0302103 0.0475686 0.0530260 0.9970019
1341845833.817827 0.4465312 0.0838625 -0.0247551 -0.0371646 0.0441396 0.0545556 0.9968421
1341845835.189830 0.1901175 0.0420256 -0.0176379 -0.0367403 0.0156784 0.0303050 0.9987422
1341845836.172097 -0.0398786 0.0203095 -0.0267880 0.0012892 -0.0243374 0.0395210 0.9989215
1341845836.739779 -0.1195316 -0.0199240 -0.0363987 0.0133058 -0.0204641 0.0494103 0.9984803
1341845837.007714 -0.1025740 -0.0338512 -0.0344258 0.0378710 -0.0171810 0.0602050 0.9973194
1341845837.307686 -0.1174249 -0.1599258 -0.0364691 0.0397197 -0.0033631 0.0482952 0.9980374
1341845837.643704 -0.0988970 -0.2331737 -0.0385256 0.0359109 0.0175078 0.0294211 0.9987684
1341845837.979709 -0.0742494 -0.2790045 -0.0547908 0.0461772 0.0355696 0.0241723 0.9980071
1341845838.205767 -0.0781868 -0.2996817 -0.0444518 0.0331890 0.0447411 0.0091384 0.9984053
1341845838.577804 -0.0817331 -0.3703374 -0.0314003 0.0219940 0.0432881 0.0032562 0.9988152
1341845838.745913 -0.0521689 -0.3600757 -0.0446460 0.0219697 0.0500012 -0.0021693 0.9985052
1341845839.177741 -0.0482375 -0.4151061 -0.0349299 0.0034087 0.0592404 -0.0092006 0.9981955
1341845841.389747 -0.1246107 -0.2122117 0.0095411 -0.0301124 0.0496484 -0.0117999 0.9982430
1341845842.330531 -0.1202430 -0.0656610 0.0308846 -0.0010806 0.0244929 0.0256664 0.9993699
1341845843.207907 -0.1377380 0.0454893 0.0384243 -0.0045521 0.0173100 0.0359798 0.9991922
1341845843.669935 -0.1386224 0.1275647 0.0637977 -0.0144592 0.0212187 0.0376397 0.9989614
1341845844.241826 -0.1312272 0.1950996 0.0797327 -0.0027841 0.0492729 0.0442533 0.9978006
1341845844.709820 -0.1456944 0.3048498 0.0732429 -0.0080014 0.0382888 0.0619679 0.9973114
1341845845.413648 -0.1460739 0.4058897 0.0865303 -0.0236618 0.0006528 0.0333189 0.9991645
1341845846.318706 -0.1455648 0.5839427 0.0860918 -0.0530105 -0.0035987 0.0251897 0.9982697
1341845847.390176 -0.1282371 0.4330483 0.0671674 -0.0331137 0.0039195 0.0204254 0.9992352
1341845847.893697 -0.1304010 0.2848791 0.0250927 -0.0368494 -0.0038204 0.0225083 0.9990600
1341845848.871829 -0.1183591 0.1389025 -0.0150357 -0.0374587 -0.0126119 0.0275175 0.9988396
1341845849.133777 -0.1032475 0.1321848 0.0266067 -0.0179294 0.0129716 0.0248415 0.9994465
1341845850.038041 -0.1313834 0.1417961 0.2694858 -0.0267013 0.0332951 0.0134991 0.9989976
1341845850.877766 -0.1217764 0.1390698 0.4414825 -0.0241903 0.0274427 0.0106046 0.9992744
1341845851.881832 -0.1048841 0.1556536 0.5781285 -0.0311408 0.0124355 0.0225696 0.9991828
1341845853.925836 -0.1966588 0.1718552 0.1519031 -0.0205555 0.0168980 0.0159004 0.9995194
1341845859.253689 -0.1934976 0.1751912 -0.3479203 -0.0706175 0.0114349 -0.0024112 0.9974350
1341845860.294553 -0.1886982 0.1379806 -0.3684683 -0.0395816 0.0067983 -0.0248136 0.9988851
