1341846313.592026 0.000000000 0.000000000 0.000000000 -0.000000000 -0.000000000 -0.000000000 1.000000000
1341846313.654184 0.006555358 -0.002313565 -0.003782382 -0.001223832 -0.003361329 0.005205332 0.999980032
1341846313.686156 0.015280182 -0.001261765 0.001665823 0.000091975 -0.005862822 0.004537729 0.999972522
1341846313.721918 0.022136306 0.002933161 -0.000781954 0.000472776 -0.007060321 0.005593462 0.999959350
1341846313.753994 0.029719494 0.000150719 0.002353851 -0.000429206 -0.007864092 0.006873597 0.999945343
1341846313.789969 0.038145073 0.000752991 0.001565329 0.000813543 -0.008672438 0.005477055 0.999947071
1341846313.822075 0.050189320 0.007244025 0.000881282 0.001555530 -0.008328000 0.004531233 0.999953866
1341846313.853928 0.060113702 0.003442340 0.002364301 0.000443639 -0.006717945 0.003740639 0.999970376
1341846313.890011 0.064357080 0.005629952 0.002531241 0.000404500 -0.004634825 0.004721682 0.999978065
1341846313.922055 0.074108757 0.012244251 -0.004237924 -0.000990442 -0.004915621 0.005853488 0.999970317
1341846313.957927 0.105900951 0.010696482 0.015108904 -0.003107290 -0.003970946 0.006583485 0.999965608
1341846313.990058 0.079254396 0.008757934 0.010777440 -0.004611558 0.007351808 0.007053695 0.999937475
1341846314.022042 0.087999448 0.014723641 0.000454971 -0.006584419 0.008394303 0.009179439 0.999900997
1341846314.057816 0.115544997 0.020192113 0.011276490 -0.009325413 0.007808282 0.011892366 0.999855399
1341846314.089801 0.113557488 0.011570454 0.017359944 -0.009245038 0.015267240 0.010411070 0.999786556
1341846314.122037 0.109401703 0.023992497 0.013365330 -0.009099262 0.020209512 0.012711528 0.999673545
1341846314.157989 0.125462279 0.025154090 0.014697226 -0.011128885 0.021388700 0.014343890 0.999606431
1341846314.190094 0.147139043 0.018450331 0.008116614 -0.012322206 0.022787495 0.017347544 0.999513865
1341846314.225969 0.144759253 0.021880388 0.005306412 -0.014856039 0.025797458 0.019543687 0.999365747
1341846314.257923 0.149816558 0.015372752 0.012655048 -0.017490923 0.027953593 0.019400962 0.999267876
1341846314.290052 0.152870938 0.014024575 0.008012318 -0.016477142 0.029709263 0.018196471 0.999257147
1341846314.325981 0.154009283 0.022459673 0.006583768 -0.016234057 0.031656347 0.016359501 0.999233127
1341846314.357905 0.168954805 0.011564579 0.012337247 -0.018580463 0.033356450 0.015866905 0.999144852
1341846314.389899 0.168363407 0.020847334 0.011207390 -0.015319420 0.037025027 0.014361364 0.999093771
1341846314.427905 0.165392995 0.017851610 0.004630525 -0.016257107 0.040461119 0.013029720 0.998963952
1341846314.493987 0.179768294 0.017391678 0.013737471 -0.014668782 0.049949765 0.005846860 0.998626947
1341846314.526085 0.188276395 0.015317673 -0.000402879 -0.015063168 0.051893797 0.005217425 0.998525441
1341846314.558292 0.211147055 0.022644455 0.014180637 -0.015217050 0.051342785 0.006250506 0.998545647
1341846314.594085 0.214722708 0.016014924 0.013800942 -0.014431137 0.056642424 0.005660492 0.998274267
1341846314.626096 0.215656832 0.022024844 0.011192024 -0.013679709 0.061257619 0.007155298 0.998002589
1341846314.658455 0.216968268 0.025235025 0.009870580 -0.015071145 0.063906766 0.005389330 0.997827530
1341846314.694004 0.232792988 0.018197285 0.015356420 -0.015576987 0.066625401 0.004647199 0.997645676
1341846314.725910 0.242278695 0.012546169 0.028377432 -0.011816721 0.068847433 0.008456393 0.997521400
1341846314.761942 0.245046511 0.014636877 0.026324820 -0.007974556 0.069158010 0.012573927 0.997494638
1341846314.794030 0.258280963 0.022115445 0.028058408 -0.003669449 0.070726767 0.014033952 0.997390330
1341846314.826092 0.269589812 0.023625450 0.021190710 -0.001566753 0.074321903 0.015188447 0.997117460
1341846314.862145 0.283808887 0.019327965 0.005670262 -0.002513904 0.076446347 0.016910689 0.996927142
1341846314.894072 0.288664550 0.021294156 0.010550365 -0.002342460 0.080575258 0.018682109 0.996570766
1341846314.925969 0.292328268 0.020731514 0.005988295 -0.002690482 0.083404891 0.023186227 0.996242344
1341846314.961937 0.294878840 0.029618979 -0.001996292 -0.004993799 0.083698377 0.028352965 0.996075273
1341846314.994564 0.298871607 0.033605006 0.013288694 -0.007672197 0.084786184 0.025377184 0.996046424
1341846315.029900 0.312506258 0.031429175 0.016976772 -0.008060278 0.087783918 0.023154931 0.995837808
1341846315.061965 0.312200367 0.031434044 0.020334685 -0.008845701 0.090541378 0.027416471 0.995475948
1341846315.094388 0.319889277 0.027273592 0.023331422 -0.009089058 0.088994384 0.028345278 0.995587289
1341846315.129851 0.334492028 0.024056561 0.015386032 -0.007578929 0.087900087 0.027586700 0.995718360
1341846315.161941 0.327642679 0.049380124 0.002342903 -0.007387960 0.088943608 0.029837145 0.995562255
1341846315.197984 0.322475076 0.040137306 0.003345018 -0.015091632 0.088157646 0.024430748 0.995692551
1341846315.230076 0.342826873 0.034761157 0.006535483 -0.019363714 0.084750675 0.023060329 0.995947123
1341846315.262069 0.345170587 0.036271174 0.011509280 -0.022551838 0.082131267 0.026540013 0.996012807
1341846315.298000 0.350337148 0.030334402 0.024965579 -0.025038525 0.078245156 0.027712630 0.996234298
1341846315.329931 0.367968649 0.015289048 0.033301782 -0.022825127 0.075050846 0.030052539 0.996465385
1341846315.361981 0.369350553 0.020177703 0.026795479 -0.017045667 0.074749492 0.032528657 0.996525943
1341846315.397962 0.374406725 0.021798873 0.021016352 -0.013857332 0.074719965 0.035611771 0.996472180
1341846315.429923 0.376220644 0.025348147 0.019726606 -0.010467431 0.077093422 0.036315270 0.996307313
1341846315.466047 0.399358243 0.034617029 0.014649161 -0.008490864 0.078082636 0.039016813 0.996146977
1341846315.497883 0.400781631 0.034129590 0.020695496 -0.010111964 0.081397958 0.045055360 0.995611429
1341846315.530008 0.402398914 0.035825942 0.024239480 -0.009803010 0.082948603 0.045518998 0.995465457
1341846315.566108 0.402064919 0.037514552 0.022759456 -0.010515599 0.084755115 0.046227921 0.995273352
1341846315.597986 0.404705882 0.037556294 0.026561001 -0.010528344 0.085963130 0.045359537 0.995209515
1341846315.630109 0.405164301 0.036271792 0.023158088 -0.010618715 0.087396801 0.044617303 0.995117307
1341846315.666042 0.406866938 0.043635741 0.022095909 -0.010683267 0.088876903 0.043490663 0.995035410
1341846315.698114 0.418364882 0.050752673 0.002123355 -0.015478402 0.091025509 0.043950818 0.994757831
1341846315.733985 0.398007214 0.034799907 0.013104337 -0.019734539 0.096658692 0.044024140 0.994147658
1341846315.766041 0.388473064 0.039073180 0.015035749 -0.018854542 0.095272817 0.045268711 0.994242668
1341846315.798188 0.394810289 0.033481598 0.007570641 -0.020583870 0.093843408 0.044449214 0.994381189
1341846315.834140 0.392793447 0.028281199 0.015047019 -0.019869840 0.096309803 0.042135663 0.994260669
1341846315.866751 0.386584550 0.026709110 0.011614390 -0.017617425 0.098661914 0.041279737 0.994108438
1341846315.898492 0.382785618 0.024073653 0.017268669 -0.016699878 0.099430397 0.041084826 0.994055748
1341846315.936901 0.379284292 0.016191946 0.006859418 -0.014701100 0.101186782 0.039877106 0.993959248
1341846315.966572 0.385488391 0.016057551 0.018790796 -0.011470829 0.100748651 0.039508797 0.994060934
1341846316.034204 0.378135741 0.010883474 0.012631385 -0.008451396 0.100370474 0.039269168 0.994138956
1341846316.066113 0.368836313 0.009942174 0.014291173 -0.005941293 0.100991368 0.039158650 0.994098663
1341846316.101867 0.357254952 0.013800540 0.010638452 -0.004027119 0.100278124 0.039602537 0.994162798
1341846316.134066 0.349398047 0.015931603 0.012066856 -0.004756151 0.097287424 0.036715414 0.994567513
1341846316.202049 0.331129521 0.004715202 0.020931188 -0.005571430 0.093668886 0.031570077 0.995087206
1341846316.233979 0.323426813 0.009756812 0.004815943 -0.004093087 0.092769280 0.029465409 0.995243192
1341846316.270052 0.318697780 0.009144988 0.008821446 -0.005576986 0.093916543 0.026422000 0.995213866
1341846316.301915 0.311450630 -0.000963199 0.012087240 -0.006254147 0.095287912 0.024440832 0.995130062
1341846316.334208 0.304626256 0.001201585 0.020912915 -0.004039474 0.094603069 0.026262909 0.995160401
1341846316.370006 0.308205187 -0.000768314 0.022739163 -0.002159481 0.091939889 0.027552634 0.995380938
1341846316.401994 0.308303028 0.001472368 0.021755736 -0.000079440 0.090235651 0.030834235 0.995443046
1341846316.438069 0.286193222 -0.001498835 0.019946646 0.002316911 0.092242092 0.031120161 0.995247483
1341846316.470076 0.274911016 -0.006593317 0.020427074 0.006439969 0.092120610 0.033215098 0.995172918
1341846316.502034 0.259082615 0.011689640 0.010506123 0.010289591 0.090710543 0.033898089 0.995247006
1341846316.537975 0.259369224 0.013448519 0.005745936 0.007680608 0.086545840 0.033013392 0.995671153
1341846316.570121 0.249285653 -0.001479017 0.009368045 0.005940039 0.087079182 0.029198514 0.995755732
1341846316.601885 0.242912173 -0.001330030 0.011948879 0.008326715 0.086530745 0.028404936 0.995809376
1341846316.638009 0.228330478 -0.006418528 0.010248736 0.010190216 0.086241111 0.029727511 0.995778561
1341846316.669925 0.225384831 -0.010952980 0.020086605 0.012283892 0.085441798 0.029648278 0.995826185
1341846316.705941 0.232941583 -0.012662038 0.021496899 0.016713725 0.083713524 0.031109219 0.995863914
1341846316.738062 0.212427437 -0.009486817 0.012167580 0.019063374 0.084805258 0.033470437 0.995652795
1341846316.770433 0.197087213 -0.000492050 0.010340256 0.019195726 0.084933139 0.033045229 0.995653570
1341846316.805932 0.189502642 -0.012423839 0.014052496 0.018703768 0.085417546 0.031752560 0.995663524
1341846316.838029 0.180955827 -0.009606473 0.021174429 0.020309534 0.083860070 0.033639140 0.995702505
1341846316.870034 0.171936721 -0.013507572 0.023096757 0.020518707 0.080606975 0.035009261 0.995919645
1341846316.906344 0.162890732 -0.011718582 0.020441201 0.021997102 0.077345632 0.034127869 0.996177256
1341846316.937940 0.158172578 -0.007389410 0.015542679 0.022328831 0.076072231 0.031011235 0.996369839
1341846316.973994 0.144985169 -0.006613115 0.021218130 0.021814775 0.075195372 0.031195164 0.996442020
1341846317.005913 0.135785639 -0.012076578 0.023194760 0.019965807 0.072736464 0.031210134 0.996662855
1341846317.037936 0.134433240 -0.012784435 0.026060572 0.020694667 0.069260828 0.031044004 0.996900737
1341846317.073972 0.131392971 -0.021713087 0.023768803 0.020606784 0.067162342 0.032371432 0.997003853
1341846317.106113 0.126304805 -0.023245092 0.024615355 0.022867272 0.065172441 0.037325412 0.996913493
1341846317.137887 0.106464654 -0.019615097 0.018436182 0.026871879 0.059961449 0.039756246 0.997046649
1341846317.173970 0.104778551 -0.018659793 0.016491966 0.027837506 0.052057475 0.041373126 0.997398317
1341846317.205887 0.099086292 -0.019503511 0.021295562 0.027921440 0.048908345 0.042080797 0.997525752
1341846317.248131 0.093349420 -0.017439723 0.034047823 0.029683258 0.045922816 0.044651020 0.997505069
1341846317.306289 0.074707314 -0.018039262 0.025691060 0.031165468 0.040329020 0.047904063 0.997550726
1341846317.348137 0.074355610 -0.022761367 0.025421154 0.031977605 0.041318391 0.049605604 0.997401416
1341846317.410120 0.051632889 -0.017220302 0.026720842 0.034315247 0.041723449 0.054631971 0.997044086
1341846317.442569 0.051716559 -0.026435319 0.021372991 0.036452934 0.041227732 0.057927504 0.996802866
1341846317.474010 0.041242737 -0.028264605 0.030128628 0.041920297 0.042376719 0.059949692 0.996420085
1341846317.509927 0.031034136 -0.020556113 0.020437056 0.045630395 0.040214859 0.064442560 0.996066213
1341846317.542282 0.014489932 -0.017584352 0.018803990 0.044875395 0.038445052 0.064264677 0.996181846
1341846317.573943 0.009030207 -0.026088307 0.018913021 0.043765057 0.039646119 0.062551849 0.996293187
1341846317.610159 0.000271346 -0.031501949 0.016333787 0.046229515 0.041646376 0.063813619 0.996020257
1341846317.643553 -0.012922583 -0.023510037 0.016290553 0.049561396 0.041500289 0.066455498 0.995693266
1341846317.677993 -0.025568681 -0.027506785 0.023249779 0.050143611 0.038869027 0.068684682 0.995619059
1341846317.709996 -0.028832665 -0.025342295 0.026982103 0.053226691 0.035737164 0.068937756 0.995558858
1341846317.741834 -0.036568947 -0.018356686 0.025488440 0.053724412 0.034764770 0.068097495 0.995624423
1341846317.777923 -0.050586686 -0.023087274 0.022260766 0.051373310 0.034242369 0.067191988 0.995828092
1341846317.810021 -0.060100339 -0.026419438 0.031025395 0.050463371 0.032762960 0.064607464 0.996095359
1341846317.841886 -0.064410523 -0.020658247 0.031546984 0.050313149 0.031468354 0.062889464 0.996254623
1341846317.878017 -0.077725932 -0.021433614 0.030713143 0.047599893 0.032119270 0.058054477 0.996660650
1341846317.909910 -0.077987313 -0.023761960 0.030496720 0.046769012 0.032545064 0.055050291 0.996856570
1341846317.946031 -0.089034609 -0.028829362 0.035092521 0.047748715 0.033804473 0.056755796 0.996672511
1341846317.978041 -0.103132322 -0.032606613 0.034344614 0.049668558 0.033296846 0.056429386 0.996614337
1341846318.009897 -0.106885903 -0.029223265 0.029348288 0.052362576 0.033207230 0.054851595 0.996567488
1341846318.045949 -0.115706570 -0.020927066 0.033458292 0.053163771 0.034190208 0.053214889 0.996580601
1341846318.078074 -0.121243417 -0.025434664 0.032673839 0.052115396 0.032182001 0.052171227 0.996758044
1341846318.109894 -0.139299273 -0.026926629 0.031009339 0.051470507 0.029425276 0.049538560 0.997011065
1341846318.145957 -0.144621566 -0.026931062 0.032619026 0.050567262 0.027196735 0.046262164 0.997277915
1341846318.178001 -0.149119318 -0.029368509 0.031828891 0.049785305 0.027139667 0.043957561 0.997423053
1341846318.214074 -0.150393426 -0.029965725 0.041394316 0.051085796 0.024290677 0.043817628 0.997436881
1341846318.245970 -0.183877200 -0.045050267 0.026714230 0.052487884 0.021169862 0.043968480 0.997428536
1341846318.278018 -0.184048682 -0.041098598 0.031859886 0.056916747 0.015462990 0.044813514 0.997252762
1341846318.313937 -0.190228924 -0.037541211 0.035089556 0.059342816 0.008952420 0.044012032 0.997226834
1341846318.345989 -0.209410623 -0.039509561 0.031107267 0.060871206 0.000547267 0.042450093 0.997242391
1341846318.382046 -0.213369191 -0.039252535 0.040023994 0.063178912 -0.006858480 0.042072892 0.997091413
1341846318.414072 -0.218154252 -0.043583982 0.034728359 0.064187542 -0.014426791 0.043402940 0.996889174
1341846318.446035 -0.238766536 -0.046539634 0.040754285 0.066456884 -0.018733561 0.042115003 0.996724069
1341846318.482196 -0.244013533 -0.039611761 0.034947339 0.068130523 -0.020640664 0.040801454 0.996628046
1341846318.514144 -0.248955563 -0.038877111 0.037386451 0.068504550 -0.022572747 0.042420726 0.996492922
1341846318.546259 -0.254931152 -0.044266019 0.037875388 0.069658861 -0.023840914 0.041936781 0.996403873
1341846318.582042 -0.271295696 -0.039222628 0.027877182 0.071568474 -0.022640182 0.040835664 0.996342242
1341846318.614115 -0.281084150 -0.041352469 0.026929498 0.070754059 -0.022917161 0.040947013 0.996389568
1341846318.650038 -0.287083596 -0.042643357 0.022316525 0.070293039 -0.023940016 0.038259223 0.996504962
1341846318.682350 -0.301840067 -0.040450700 0.026961826 0.070109211 -0.023390057 0.035555091 0.996631086
1341846318.714063 -0.313066244 -0.041600123 0.024528883 0.069530003 -0.024280164 0.035372429 0.996656895
1341846318.749905 -0.312580943 -0.046614427 0.034114759 0.070029885 -0.025106803 0.036618195 0.996556401
1341846318.782036 -0.325430840 -0.044581544 0.032761805 0.072002620 -0.025754543 0.038946547 0.996311009
1341846318.814121 -0.339477748 -0.046583287 0.034125175 0.071911857 -0.030185007 0.038190044 0.996222436
1341846318.850072 -0.346960127 -0.054333981 0.029979689 0.071717769 -0.036355291 0.035936862 0.996114135
1341846318.883516 -0.375960886 -0.058646452 0.017678589 0.074180961 -0.041531313 0.032620367 0.995845497
1341846318.918047 -0.375909775 -0.050385401 0.021006400 0.078597650 -0.055951122 0.033449497 0.994772851
1341846318.950044 -0.378607839 -0.052429684 0.015150063 0.080418415 -0.065819323 0.029041950 0.994161665
1341846318.982028 -0.395921826 -0.050209843 0.011800829 0.081859060 -0.068634145 0.025466224 0.993951678
1341846319.018123 -0.412138492 -0.051860251 0.017638316 0.081456378 -0.073455855 0.025606716 0.993636489
1341846319.050745 -0.407620639 -0.059574924 0.022210076 0.082339421 -0.081421152 0.024435105 0.992972195
1341846319.081905 -0.408483744 -0.055278964 0.006031477 0.088311635 -0.081552371 0.022468852 0.992494524
1341846319.117976 -0.433344632 -0.050933991 0.001019502 0.090981685 -0.079736792 0.027483920 0.992274702
1341846319.150093 -0.439289242 -0.053191807 0.005675277 0.092701070 -0.084665030 0.034925345 0.991472960
1341846319.186069 -0.433193624 -0.037325315 0.002572749 0.095539458 -0.086576857 0.034733873 0.991045058
1341846319.218149 -0.432083100 -0.019256692 0.011237854 0.093262024 -0.082099453 0.033086959 0.991699100
1341846319.250034 -0.447148293 -0.024325272 0.007459508 0.086667746 -0.075005211 0.032102667 0.992890894
1341846319.286594 -0.455028266 -0.037023962 0.014068669 0.083765335 -0.072174810 0.036276046 0.993206024
1341846319.318034 -0.458905220 -0.037224717 0.010993779 0.084335484 -0.071808062 0.040543772 0.993019283
1341846319.350268 -0.476537615 -0.041527212 0.011882452 0.084944807 -0.070659369 0.046357084 0.992795408
1341846319.386163 -0.495171547 -0.044826165 -0.001688065 0.086702615 -0.074211925 0.053771887 0.992009997
1341846319.418386 -0.496493608 -0.042256456 -0.002224876 0.087943971 -0.080358364 0.054690052 0.991371512
1341846319.453961 -0.496431053 -0.039699979 -0.001052058 0.088740669 -0.082643896 0.051078334 0.991305232
1341846319.486271 -0.513972700 -0.039454170 -0.003950565 0.087768994 -0.082226135 0.049756832 0.991493702
1341846319.554083 -0.528792977 -0.039587907 0.010860823 0.082535699 -0.088961326 0.048554391 0.991421282
1341846319.586296 -0.541778684 -0.040378299 0.009460633 0.082903191 -0.087995574 0.044775497 0.991654694
1341846319.622031 -0.560528517 -0.040685594 -0.007794551 0.081147522 -0.090828300 0.041896582 0.991670310
1341846319.653962 -0.565429330 -0.049238760 0.003003372 0.080019370 -0.096108764 0.040845994 0.991308093
1341846319.686352 -0.575628400 -0.050010428 0.002363474 0.081878692 -0.099707671 0.042188711 0.990744352
1341846319.721992 -0.581974983 -0.041803643 -0.002227612 0.083022423 -0.104046479 0.043057639 0.990165472
1341846319.754063 -0.586628914 -0.026328584 0.001747759 0.080919050 -0.106611967 0.042247236 0.990101635
1341846319.786397 -0.591044247 -0.031740915 0.004021165 0.075886473 -0.106723398 0.046125203 0.990315020
1341846319.822008 -0.598970056 -0.029677967 0.002810535 0.072690792 -0.107226364 0.050182227 0.990303159
1341846319.853917 -0.602347851 -0.028535945 0.006815195 0.067675389 -0.108471923 0.054316726 0.990304887
1341846319.889942 -0.607072055 -0.042456008 0.006273914 0.063523978 -0.109061286 0.058975182 0.990248680
1341846319.922039 -0.618023038 -0.051772818 -0.007500761 0.062346511 -0.112717226 0.061281178 0.989773989
1341846319.953946 -0.613423705 -0.053269178 0.007645423 0.063145272 -0.119949467 0.057792474 0.989082873
1341846319.990054 -0.613149107 -0.050832424 0.011328949 0.066070646 -0.123088799 0.050423540 0.988909185
1341846320.028122 -0.617529035 -0.051614441 0.000769538 0.068154708 -0.126336530 0.048801612 0.988439381
1341846320.090047 -0.599353611 -0.040846400 0.007210382 0.074271642 -0.135162771 0.049241606 0.986808002
1341846320.122011 -0.588861763 -0.037998632 0.014818118 0.075262435 -0.133383393 0.050504368 0.986911237
1341846320.157952 -0.581369817 -0.039037950 0.022896409 0.075698406 -0.130943611 0.050604913 0.987199426
1341846320.190003 -0.563893616 -0.050391085 0.008064958 0.077739440 -0.127466723 0.048956994 0.987578928
1341846320.221941 -0.558319271 -0.052650787 0.016608462 0.081782728 -0.123973444 0.050687648 0.987609684
1341846320.258015 -0.547939479 -0.061088026 0.018784685 0.085028909 -0.123737670 0.054253727 0.987175643
1341846320.289887 -0.542517304 -0.068036720 0.008687228 0.089857288 -0.124047026 0.054323319 0.986705124
1341846320.321954 -0.527781487 -0.060494900 0.020770714 0.100410476 -0.125958979 0.054159176 0.985453606
1341846320.357890 -0.510233402 -0.048901796 0.025754884 0.106523126 -0.126146808 0.054971315 0.984742641
1341846320.390064 -0.487125009 -0.050919250 0.012935091 0.107528746 -0.122776575 0.055667751 0.985020101
1341846320.426544 -0.461728036 -0.048883978 0.053741291 0.110913113 -0.116462819 0.051768627 0.985624075
1341846320.458122 -0.467991203 -0.049247604 0.049563829 0.111923248 -0.107872874 0.049385417 0.986609221
1341846320.490186 -0.443771303 -0.061224423 0.045099452 0.114590973 -0.101120099 0.049423084 0.987016201
1341846320.525911 -0.441154152 -0.055385418 0.033168644 0.118746951 -0.092269517 0.046939868 0.987513125
1341846320.558091 -0.427543283 -0.053679086 0.019447576 0.119543158 -0.088552065 0.043439504 0.987917542
1341846320.594093 -0.406329125 -0.059367571 0.020541918 0.120172232 -0.084157526 0.040456116 0.988351941
1341846320.631955 -0.394250542 -0.050974935 0.039157316 0.123980947 -0.076429680 0.038961079 0.988569319
1341846320.664916 -0.381657213 -0.047989581 0.030599410 0.123792827 -0.074491814 0.037737325 0.988788307
1341846320.699927 -0.365099013 -0.056084443 0.032766290 0.123462126 -0.070719056 0.035781421 0.989179313
1341846320.731822 -0.352739811 -0.051146682 0.029574994 0.125902325 -0.063731797 0.035778340 0.989346623
1341846320.763877 -0.359575421 -0.021542443 0.021092195 0.124678254 -0.061813898 0.036108654 0.989611387
1341846320.799999 -0.339960873 -0.049481858 0.028187025 0.115994252 -0.064044639 0.031270787 0.990689576
1341846320.831871 -0.272125930 -0.054945104 0.036236737 0.117436759 -0.056593437 0.027895033 0.991074026
1341846320.863887 -0.332253963 -0.034146190 0.038538154 0.117619455 -0.043154728 0.026946420 0.991754651
1341846320.900014 -0.322677076 -0.044178925 0.035617955 0.109753385 -0.048613854 0.032551926 0.992235482
1341846320.931889 -0.281807214 -0.055947661 0.039207004 0.110452309 -0.050230131 0.031722289 0.992104352
1341846320.967866 -0.292911708 -0.026222821 0.038348176 0.111672647 -0.043321941 0.027625769 0.992415905
1341846321.000017 -0.290236026 -0.033688478 0.038140886 0.104765296 -0.043002382 0.026126150 0.993223310
1341846321.031860 -0.267955452 -0.045372009 0.037925012 0.102088012 -0.043119997 0.024585871 0.993536234
1341846321.068047 -0.262798727 -0.036950555 0.032880578 0.103001438 -0.039110750 0.021700444 0.993675113
1341846321.099840 -0.259494454 -0.038529191 0.029179577 0.100297913 -0.037519958 0.022427019 0.993996799
1341846321.131821 -0.230969429 -0.048763275 0.042387016 0.100278363 -0.037077710 0.024173040 0.993974447
1341846321.167887 -0.225597233 -0.044204511 0.040010832 0.103233576 -0.032979466 0.024984721 0.993796289
1341846321.200042 -0.221074820 -0.039834447 0.039027892 0.103705883 -0.030157940 0.024513464 0.993848443
1341846321.231950 -0.211064756 -0.047470018 0.039737847 0.102663539 -0.029382929 0.023499891 0.994004309
1341846321.267939 -0.195031732 -0.041064393 0.034277134 0.103489332 -0.027564121 0.018398253 0.994078338
1341846321.299948 -0.183664292 -0.043044660 0.043774366 0.102090068 -0.023202043 0.012637925 0.994424284
1341846321.331858 -0.183378831 -0.048058946 0.042753257 0.102047227 -0.019722970 0.008925826 0.994544029
1341846321.367913 -0.160249546 -0.057279505 0.030663237 0.102664538 -0.017973179 0.005430222 0.994538844
1341846321.399897 -0.156468287 -0.052380595 0.032284275 0.104870573 -0.012448996 0.004511537 0.994397759
1341846321.435994 -0.153803602 -0.057627611 0.036191657 0.106143616 -0.008724879 0.004067420 0.994304299
1341846321.467946 -0.144210875 -0.060078394 0.036583204 0.107841969 -0.006063620 0.004739330 0.994138300
1341846321.499882 -0.128125057 -0.057377573 0.043122243 0.109546751 -0.003557194 0.005197596 0.993961751
1341846321.536109 -0.098391145 -0.043561079 0.032299392 0.109778404 0.000454971 0.001950838 0.993954122
1341846321.568960 -0.117995277 -0.033176422 0.055314206 0.107545786 0.009130181 -0.001254598 0.994157434
1341846321.603938 -0.108003341 -0.039516628 0.055101108 0.103716843 0.011139167 -0.001148944 0.994543910
1341846321.637163 -0.070769422 -0.038142864 0.036073025 0.100621231 0.014534451 -0.000145277 0.994818687
1341846321.668306 -0.083591536 -0.033907883 0.057921521 0.096326679 0.025226416 0.002429961 0.995027065
1341846321.704411 -0.099700406 -0.035939459 0.064572535 0.093067937 0.027479978 0.009548411 0.995234668
1341846321.736861 -0.087291814 -0.035171080 0.063616283 0.092033200 0.024280161 0.017357081 0.995308578
1341846321.771881 -0.074259162 -0.018290492 0.059971362 0.090568587 0.024133252 0.022448502 0.995344698
1341846321.804114 -0.064326100 -0.023598801 0.063671499 0.085769862 0.026005970 0.025832701 0.995640457
1341846321.836152 -0.060627952 -0.016421247 0.065430216 0.083001480 0.028121199 0.025809990 0.995818257
1341846321.871882 -0.059310615 -0.005153086 0.056856491 0.078367531 0.029663181 0.024529487 0.996181190
1341846321.904074 -0.050358992 -0.011714403 0.065989129 0.071158186 0.030797122 0.020970700 0.996768951
1341846321.939847 -0.048283715 -0.015616741 0.074957892 0.066889688 0.034212656 0.017405529 0.997021735
1341846322.004094 -0.053080302 -0.021654362 0.074650355 0.059393052 0.032113373 0.017101506 0.997571409
1341846322.066178 -0.036556751 -0.027326467 0.073754311 0.054525033 0.036736481 0.014264281 0.997734427
1341846322.107979 -0.037654743 -0.044067614 0.074779779 0.051303308 0.038765844 0.012999940 0.997845829
1341846322.166164 -0.036375683 -0.066945225 0.071913384 0.054206613 0.038308762 0.013153370 0.997707903
1341846322.202932 -0.033201773 -0.072259665 0.069229066 0.055463742 0.035622910 0.013722482 0.997730732
1341846322.234093 -0.033600021 -0.074466765 0.067946702 0.054544333 0.034355573 0.011256877 0.997856677
1341846322.265941 -0.035189085 -0.083986364 0.067703106 0.051930938 0.031645767 0.011377860 0.998084307
1341846322.301996 -0.015256363 -0.099299006 0.065720774 0.049371351 0.028300097 0.013270546 0.998291254
1341846322.333949 -0.031962458 -0.114610486 0.065100625 0.048401259 0.027569398 0.012628498 0.998367548
1341846322.369871 -0.025774654 -0.130627379 0.066157632 0.048984006 0.021795088 0.009437407 0.998517156
1341846322.402292 -0.007294742 -0.142161831 0.061146062 0.050956976 0.022784317 0.003965077 0.998433113
1341846322.433955 -0.021499060 -0.166364834 0.067894325 0.055588473 0.025621312 -0.000396393 0.998124897
1341846322.470030 -0.020965485 -0.172443852 0.070674546 0.064514935 0.021029808 0.003749009 0.997688115
1341846322.502433 -0.007624797 -0.193365797 0.069032341 0.069796897 0.016531110 0.005791483 0.997407436
1341846322.534002 -0.003217192 -0.208709776 0.069297314 0.078567058 0.016323440 0.007184693 0.996749341
1341846322.570196 -0.001958592 -0.218516201 0.069968753 0.088185422 0.015855795 0.009158006 0.995935798
1341846322.601920 -0.009486116 -0.228831410 0.067673489 0.093674436 0.013264960 0.013672465 0.995420635
1341846322.638119 0.004718038 -0.241534486 0.072707973 0.099318050 0.009197819 0.012910459 0.994929552
1341846322.669947 0.013913191 -0.247410849 0.070752092 0.104378268 0.012091249 0.012247529 0.994388759
1341846322.702026 0.002884430 -0.263471037 0.066594981 0.106702447 0.014570762 0.013848392 0.994087815
1341846322.738006 0.007900076 -0.262068987 0.073223829 0.108874291 0.011296649 0.015328986 0.993873119
1341846322.770087 0.019008148 -0.286007643 0.071299396 0.107938476 0.011342822 0.015268122 0.993975580
1341846322.806047 0.008191952 -0.295491636 0.073506929 0.111976117 0.011866805 0.016380934 0.993505061
1341846322.838063 0.004829089 -0.302731305 0.075858563 0.113927983 0.007514700 0.018750940 0.993283629
1341846322.870081 0.009609041 -0.320133150 0.079687066 0.115609065 0.002283506 0.019155106 0.993107498
1341846322.906018 0.022094430 -0.323297292 0.083987378 0.120900646 -0.000043001 0.019967245 0.992463768
1341846322.938349 0.019623840 -0.307455659 0.085987955 0.122277886 0.001168048 0.021231545 0.992268085
1341846322.970069 0.019216865 -0.314304978 0.086558394 0.117252171 0.000926183 0.022893559 0.992837846
1341846323.011820 0.023999320 -0.331864536 0.090407364 0.114084087 0.001055375 0.023651363 0.993188977
1341846323.073951 0.024220973 -0.327628195 0.091613948 0.111697905 0.000508383 0.027841004 0.993352056
1341846323.105962 0.027501684 -0.349237770 0.091846727 0.107851669 0.000411945 0.028060561 0.993770838
1341846323.138158 0.026097568 -0.350715131 0.092866756 0.108613953 0.000532874 0.024249842 0.993788123
1341846323.174092 0.024123212 -0.356213540 0.093362451 0.106295846 0.000441115 0.023092773 0.994066298
1341846323.206059 0.030060522 -0.359763145 0.093496464 0.103565276 -0.000481630 0.020586176 0.994409502
1341846323.238053 0.037464850 -0.359836966 0.093064047 0.101155676 0.002196049 0.018572344 0.994694889
1341846323.273997 0.015252388 -0.360265374 0.095601350 0.097249001 0.003832275 0.019085193 0.995069742
1341846323.305946 0.022729388 -0.371022701 0.095831111 0.091542512 -0.000824360 0.020257257 0.995594800
1341846323.342027 0.051884711 -0.392603725 0.101861358 0.088710785 -0.000664076 0.018845813 0.995878935
1341846323.374048 0.024809359 -0.398109883 0.106894433 0.089422628 0.004719051 0.019970898 0.995782375
1341846323.405987 0.007295549 -0.409174442 0.089753419 0.089247391 0.001370284 0.024840700 0.995698750
1341846323.441956 0.029622141 -0.420355678 0.097332597 0.090242662 -0.004418275 0.027194941 0.995538652
1341846323.473878 0.033180628 -0.434888542 0.095822833 0.094021708 -0.002976016 0.025730697 0.995233178
1341846323.506129 0.028554555 -0.428665280 0.090990603 0.096969940 -0.002726485 0.023409350 0.995008230
1341846323.541972 0.036489118 -0.426574171 0.094653882 0.095862761 -0.003289738 0.021295615 0.995161295
1341846323.573913 0.060029339 -0.450074226 0.078232259 0.093940116 -0.000077821 0.015692720 0.995454192
1341846323.609927 0.043536700 -0.445515424 0.093603276 0.095110469 0.007296523 0.012424273 0.995362461
1341846323.642014 0.031533506 -0.456818193 0.093145408 0.093735419 0.009478793 0.012902616 0.995468438
1341846323.674081 0.028494256 -0.469729543 0.090878323 0.093544185 0.007998195 0.015131533 0.995468020
1341846323.710069 0.032316715 -0.489870042 0.087782279 0.094487719 0.006399504 0.019192267 0.995320439
1341846323.742111 0.031753510 -0.502839625 0.087672688 0.099031314 0.004272565 0.019894617 0.994876325
1341846323.774928 0.031685159 -0.497082740 0.082900211 0.103206798 0.002013171 0.016845873 0.994515240
1341846323.810012 0.032433685 -0.503281057 0.088653140 0.104487427 0.000822065 0.013510518 0.994434118
1341846323.842207 0.034809735 -0.502574623 0.082565002 0.106087118 0.000924413 0.008942443 0.994316220
1341846323.878019 0.026539380 -0.519500852 0.074478462 0.106344521 0.000795329 0.004486361 0.994318962
1341846323.909826 0.031808786 -0.534524500 0.073596224 0.109581783 -0.001238783 0.000080612 0.993977010
1341846323.942459 0.028946439 -0.534867525 0.069348544 0.113388777 -0.001166429 -0.000177718 0.993550003
1341846323.978055 0.021093041 -0.538844585 0.076270379 0.115995064 -0.003616947 0.001349934 0.993242323
1341846324.015934 0.030218784 -0.544881940 0.070146844 0.119283192 -0.006231640 0.000899630 0.992840350
1341846324.047722 0.033026185 -0.535549462 0.068440445 0.123107672 -0.004961560 0.000356129 0.992380917
1341846324.083904 0.032880139 -0.518165052 0.071171217 0.124107681 -0.003416050 -0.000021447 0.992262959
1341846324.115968 0.037814476 -0.518525422 0.062495496 0.121461377 -0.001983271 -0.001917530 0.992592335
1341846324.151967 0.047151048 -0.510390162 0.062699385 0.121136837 0.000547031 -0.005826556 0.992618561
1341846324.183941 0.037065327 -0.495405674 0.071275592 0.118839853 0.005478499 -0.010006589 0.992847919
1341846324.219984 0.028518181 -0.489619076 0.076390944 0.114659667 0.007726298 -0.009096617 0.993333101
1341846324.251968 0.027303422 -0.492595345 0.076068126 0.113588892 0.007848927 -0.008925242 0.993456781
1341846324.284052 0.019923819 -0.476022899 0.082901262 0.114686951 0.007380214 -0.010147446 0.993322432
1341846324.319880 0.016778860 -0.462257534 0.073962227 0.113460146 0.003957815 -0.010682927 0.993477225
1341846324.351917 0.019929890 -0.444612116 0.075879790 0.110392980 0.000404651 -0.012557749 0.993808627
1341846324.388001 0.033587549 -0.433850795 0.071317188 0.106028296 -0.000181088 -0.015626511 0.994240284
1341846324.419908 0.025170179 -0.417371780 0.084067211 0.101547211 0.002440201 -0.018323192 0.994659007
1341846324.452027 0.022027919 -0.417672813 0.086074002 0.096510045 0.002702069 -0.018417619 0.995158017
1341846324.487928 0.019145045 -0.412590861 0.084499985 0.094671085 0.002473645 -0.016370425 0.995370924
1341846324.519985 0.004360110 -0.400189042 0.092005976 0.093656145 0.001066815 -0.012188361 0.995529473
1341846324.556001 0.007171399 -0.378655523 0.094407484 0.092475161 -0.004492900 -0.007436153 0.995677114
1341846324.587888 0.010364669 -0.364111871 0.098971404 0.089128710 -0.007959659 -0.005579671 0.995972753
1341846324.620086 0.009661915 -0.360471457 0.098753974 0.086488701 -0.010585811 -0.007742374 0.996166527
1341846324.655955 0.019447487 -0.351769298 0.089619555 0.085016787 -0.012116665 -0.008616509 0.996268570
1341846324.688082 0.014949636 -0.349957019 0.100278325 0.084111087 -0.011740693 -0.007802273 0.996356666
1341846324.755922 -0.002955415 -0.308292300 0.098492034 0.086629860 -0.014086939 -0.004823758 0.996129394
1341846324.814016 0.013557795 -0.268279225 0.104311168 0.082007922 -0.021004798 -0.007731220 0.996380329
1341846324.849979 0.007318051 -0.261658341 0.109180674 0.075736575 -0.017549366 -0.009767123 0.996925592
1341846324.881924 0.001427231 -0.262421727 0.107455485 0.072360620 -0.018432381 -0.010190173 0.997156203
1341846324.913902 0.006045063 -0.251709938 0.113158904 0.071577162 -0.020346098 -0.007335679 0.997200608
1341846324.949999 0.004803776 -0.255978107 0.111192323 0.071548156 -0.020420501 -0.004386327 0.997218490
1341846324.981922 -0.008237442 -0.250032395 0.117119230 0.076136291 -0.022342669 -0.000431509 0.996846974
1341846325.018013 -0.010902921 -0.233587652 0.118344218 0.081146054 -0.027293004 0.000914991 0.996328115
1341846325.050079 -0.014282153 -0.219567165 0.105082482 0.082967453 -0.032288011 0.000301669 0.996029019
1341846325.081901 -0.012563909 -0.200165734 0.108146548 0.082677424 -0.037696220 -0.001921671 0.995861292
1341846325.118531 -0.006089064 -0.177467346 0.103737786 0.078903675 -0.039597370 -0.003758751 0.996088445
1341846325.149933 -0.010638989 -0.179219052 0.106257819 0.072555609 -0.036826991 -0.006016127 0.996666133
1341846325.181925 -0.014626452 -0.171817750 0.108894579 0.069583319 -0.035696819 -0.003690749 0.996930420
1341846325.218055 -0.014690168 -0.160409272 0.111772262 0.066938363 -0.035368338 0.001090350 0.997129500
1341846325.249811 -0.015882775 -0.155282930 0.116739042 0.064658001 -0.035975862 0.004669189 0.997247875
1341846325.285925 -0.013041466 -0.143382937 0.112132005 0.062162898 -0.036688898 0.007339018 0.997364461
1341846325.317988 -0.000587084 -0.144264862 0.113166988 0.059455395 -0.034687184 0.010773485 0.997570038
1341846325.349844 -0.003351532 -0.149057060 0.117438808 0.062054969 -0.029579919 0.012876261 0.997551203
1341846325.387302 -0.005018759 -0.133534595 0.119736716 0.067572139 -0.026656915 0.015529297 0.997237384
1341846325.417931 0.007208138 -0.129782841 0.121878743 0.070096448 -0.022407388 0.018357579 0.997119546
1341846325.450747 0.009517580 -0.135261536 0.129272521 0.074847408 -0.013819330 0.019474352 0.996909082
1341846325.485954 -0.010662623 -0.113236904 0.133183032 0.084644780 -0.005722533 0.021508778 0.996162593
1341846325.517875 -0.008911610 -0.108512588 0.131987885 0.087774254 -0.003183861 0.024618298 0.995831072
1341846325.553859 -0.006883855 -0.103587836 0.130064204 0.090676390 0.000279091 0.024131747 0.995588005
1341846325.585855 -0.013873439 -0.082909465 0.127098605 0.093662694 0.003803166 0.022653805 0.995338976
1341846325.617990 -0.010911713 -0.061076373 0.128609702 0.091287896 0.005160747 0.021831457 0.995571852
1341846325.653982 -0.014456566 -0.074519515 0.138772681 0.087554596 0.007146987 0.019306837 0.995947003
1341846325.685819 -0.012937964 -0.080695927 0.138260245 0.092557542 0.008042736 0.020972678 0.995453954
1341846325.717857 -0.018392852 -0.059143960 0.141619742 0.098058350 0.009673228 0.027358750 0.994757533
1341846325.754083 -0.022942143 -0.059760489 0.144622654 0.100869067 0.009934809 0.031523231 0.994350612
1341846325.786087 -0.012967777 -0.056570768 0.143402547 0.107512183 0.009407277 0.032949694 0.993613124
1341846325.821856 -0.017256994 -0.037385367 0.144500792 0.111875534 0.011697819 0.034441773 0.993056297
1341846325.853827 -0.027469670 -0.025077270 0.150180027 0.112976372 0.012958457 0.038345173 0.992772937
1341846325.885958 -0.041083463 -0.013140294 0.151345223 0.113537714 0.010842352 0.043246161 0.992532849
1341846325.921984 -0.037505340 -0.007274780 0.162249193 0.112758264 0.006461265 0.047586914 0.992461264
1341846325.953899 -0.025373265 -0.004955808 0.161621630 0.115653962 0.006164791 0.049536925 0.992034435
1341846325.985823 -0.029555140 0.005281634 0.160397053 0.118499130 0.009519323 0.053434908 0.991469681
1341846326.021991 -0.030861903 0.004988419 0.165852442 0.121024452 0.009466087 0.059067890 0.990845382
1341846326.054055 -0.029809302 0.017012306 0.161361292 0.126378924 0.008569161 0.062660329 0.989963949
1341846326.089984 -0.023535328 0.039696138 0.158814386 0.129824907 0.010237982 0.061558403 0.989571214
1341846326.121822 -0.024975536 0.050989676 0.168381646 0.129470140 0.014363698 0.060122274 0.989654720
1341846326.154079 -0.030973466 0.051930048 0.173370808 0.129873365 0.017184656 0.058338460 0.989663720
1341846326.190178 -0.035062999 0.066678204 0.175158516 0.132529452 0.016888430 0.060926482 0.989160657
1341846326.222162 -0.040058628 0.084148385 0.175653651 0.132414028 0.015315964 0.066279270 0.988857448
1341846326.259181 -0.042073753 0.096526831 0.183194920 0.129409283 0.012710463 0.070015937 0.989034712
1341846326.322766 -0.036087774 0.121258080 0.187019393 0.121971734 0.011777777 0.069384851 0.990035355
1341846326.359773 -0.034409381 0.127231300 0.187252402 0.117720693 0.013281484 0.067314439 0.990673721
1341846326.392109 -0.031902403 0.118769161 0.192231238 0.115574323 0.015096507 0.067854501 0.990863562
1341846326.423985 -0.036818266 0.124626420 0.194305375 0.119917423 0.016189067 0.073621705 0.989917994
1341846326.459869 -0.043131780 0.144624144 0.196785092 0.122900419 0.013925880 0.076909855 0.989336371
1341846326.526163 -0.019471021 0.183636203 0.202233046 0.123529732 0.013523684 0.077088110 0.989249706
1341846326.560211 -0.023461323 0.191925436 0.211912394 0.118122250 0.017853048 0.077088907 0.989841282
1341846326.591828 -0.025591992 0.195760593 0.216795132 0.114653289 0.019859217 0.078659602 0.990087330
1341846326.627027 -0.022775901 0.209984288 0.215597302 0.114801429 0.021306934 0.078522593 0.990050912
1341846326.658442 -0.020052996 0.230396450 0.219656616 0.113238230 0.024828093 0.077220082 0.990251422
1341846326.694856 -0.027315756 0.240045682 0.220486462 0.109260917 0.028680503 0.077161275 0.990598679
1341846326.726206 -0.029712796 0.256910414 0.222283244 0.103382215 0.030268013 0.074034035 0.991420686
1341846326.762753 -0.024724323 0.276304096 0.222662896 0.097962908 0.032363191 0.071962759 0.992057085
1341846326.826821 -0.030793108 0.307257891 0.226796493 0.082498603 0.039035652 0.066763774 0.993585825
1341846326.858887 -0.027535876 0.318953127 0.231210008 0.074657410 0.039804921 0.066570692 0.994188249
1341846326.895360 -0.036749892 0.315353245 0.232400790 0.071850516 0.040241573 0.067642264 0.994305134
1341846326.926897 -0.042976350 0.306316942 0.241482869 0.072939247 0.036742646 0.070088543 0.994191885
1341846326.958888 -0.034383748 0.320193470 0.237635329 0.075522058 0.034032367 0.073146708 0.993875206
1341846326.994594 -0.029021597 0.334394574 0.232282192 0.076330222 0.033778831 0.075620681 0.993636906
1341846327.026301 -0.029378196 0.350952685 0.233796477 0.074758500 0.035248581 0.074146435 0.993816435
1341846327.063945 -0.029250078 0.358752698 0.245158225 0.071896695 0.037725039 0.071053989 0.994162500
1341846327.094662 -0.032213964 0.368870795 0.244917884 0.071495488 0.040227026 0.068963736 0.994240522
1341846327.128901 -0.033561207 0.378075361 0.252225846 0.070428744 0.040483136 0.067403309 0.994413316
1341846327.161940 -0.031655557 0.395338356 0.248591065 0.070226178 0.038723290 0.067006961 0.994524479
1341846327.193867 -0.023971338 0.399731159 0.254098386 0.069046080 0.039867330 0.065575257 0.994657278
1341846327.229885 -0.021327559 0.412476629 0.256239235 0.070024066 0.042973105 0.064026207 0.994560599
1341846327.262014 -0.013127780 0.425075084 0.270795226 0.069620132 0.047218923 0.060947210 0.994589806
1341846327.294023 -0.019721616 0.428948581 0.265783429 0.072504714 0.061292309 0.056854770 0.993858099
1341846327.330015 -0.015391296 0.449402750 0.236280411 0.074776143 0.069741428 0.052692033 0.993362129
1341846327.361939 -0.006473538 0.476052910 0.274790049 0.074186094 0.074866943 0.049086936 0.993217945
1341846327.393887 -0.006423658 0.487142414 0.279655933 0.072929628 0.077179953 0.042582653 0.993434131
1341846327.429966 -0.037283417 0.512906551 0.265430152 0.070624702 0.079552688 0.039179146 0.993553519
1341846327.461965 -0.045097765 0.520211995 0.273936927 0.061520882 0.076000869 0.037802748 0.994489849
1341846327.497931 -0.029203121 0.522374272 0.281752646 0.056922186 0.072883345 0.037596930 0.995004714
1341846327.530068 -0.034937717 0.538284481 0.284622163 0.055896305 0.074145414 0.041700143 0.994806111
1341846327.561895 -0.038690805 0.553819418 0.299991131 0.055434003 0.071834184 0.046512604 0.994788229
1341846327.598010 -0.044781655 0.549920261 0.300293952 0.055795513 0.069278941 0.050020158 0.994779050
1341846327.629945 -0.048844833 0.564721763 0.299199462 0.056566767 0.064221986 0.050828800 0.995033741
1341846327.662003 -0.046029117 0.566100955 0.303068012 0.055755388 0.060492981 0.046091013 0.995543897
1341846327.697919 -0.047370851 0.585573196 0.296074837 0.058396444 0.060321219 0.045854952 0.995413780
1341846327.730075 -0.046337105 0.622513890 0.304475099 0.057446349 0.058220219 0.048237760 0.995481491
1341846327.766017 -0.042842705 0.626564860 0.306373566 0.052110314 0.057018850 0.049281493 0.995793521
1341846327.797917 -0.042122804 0.652320743 0.311224639 0.048865970 0.056133229 0.051326055 0.995905042
1341846327.830054 -0.043693345 0.648369133 0.309124559 0.039516360 0.056183364 0.051221553 0.996322393
1341846327.865944 -0.040441886 0.654588580 0.308175534 0.035097275 0.057111315 0.051018022 0.996445537
1341846327.898010 -0.049035978 0.669090450 0.315444887 0.033230118 0.058868375 0.052392516 0.996335983
1341846327.929991 -0.046579011 0.679466844 0.316125780 0.028882518 0.057047483 0.050321400 0.996684074
1341846327.966065 -0.044660065 0.698464811 0.312740356 0.025294518 0.057156622 0.047871929 0.996895969
1341846327.998073 -0.044092607 0.707510293 0.312944770 0.018708829 0.057950228 0.045352213 0.997113347
1341846328.034045 -0.044615403 0.708005309 0.311488539 0.011733461 0.059264395 0.043081738 0.997243285
1341846328.065993 -0.048058305 0.710028350 0.312073737 0.006262431 0.060366053 0.044007886 0.997186124
1341846328.098045 -0.048647925 0.696379721 0.314314693 0.003825772 0.060986154 0.044723131 0.997128844
1341846328.133967 -0.050809324 0.692111552 0.313786954 0.006575380 0.059892431 0.048122566 0.997022510
1341846328.166023 -0.056861013 0.684863985 0.313082516 0.005453543 0.057639003 0.048611879 0.997138381
1341846328.198018 -0.053587154 0.668401241 0.305635273 0.004307809 0.054444626 0.045895781 0.997452199
1341846328.234044 -0.049973216 0.661314726 0.299540728 0.007729202 0.052323636 0.045407385 0.997567415
1341846328.265899 -0.052407593 0.645344973 0.299161881 0.008615405 0.050900672 0.045674082 0.997621596
1341846328.302051 -0.050087076 0.625715137 0.300587177 0.011114781 0.050365519 0.045762625 0.997619927
1341846328.333917 -0.052267458 0.608249128 0.295248896 0.013607620 0.050545234 0.048356097 0.997457623
1341846328.366008 -0.051951088 0.587066531 0.297232836 0.018377736 0.050884157 0.044278946 0.997553229
1341846328.402010 -0.051624630 0.551413655 0.292754233 0.030312346 0.052534293 0.046518728 0.997074366
1341846328.433920 -0.049096391 0.545898855 0.285786688 0.034273192 0.050101236 0.047373738 0.997031093
1341846328.470003 -0.040170807 0.518954635 0.282251000 0.033552933 0.048320167 0.039980307 0.997467339
1341846328.502194 -0.035291750 0.493579000 0.273569524 0.034449153 0.050336421 0.033010010 0.997592032
1341846328.534033 -0.030516865 0.472611368 0.274456233 0.035153970 0.052382357 0.031091306 0.997523785
1341846328.570125 -0.034431718 0.447663635 0.272482365 0.036439601 0.053602960 0.032160692 0.997378886
1341846328.602804 -0.039979603 0.422506601 0.251378864 0.041955929 0.048306666 0.035132855 0.997332454
1341846328.672663 -0.035891958 0.376607001 0.256256104 0.050819695 0.035544973 0.032460038 0.997547150
1341846328.702975 -0.021789089 0.360400200 0.260440916 0.053290602 0.030522699 0.032584306 0.997580469
1341846328.770129 -0.010112473 0.324657768 0.245222867 0.061598238 0.026932890 0.028633581 0.997326672
1341846328.802331 -0.008444317 0.304716289 0.253822803 0.062320158 0.023478679 0.029047132 0.997357130
1341846328.838051 -0.011835748 0.290862173 0.250553370 0.066235274 0.022229947 0.025573127 0.997228503
1341846328.869939 -0.009144609 0.294593453 0.245014191 0.067078382 0.021010788 0.024799163 0.997218192
1341846328.904486 -0.011630692 0.273263544 0.244181529 0.061762106 0.018216312 0.024927381 0.997613311
1341846328.939814 -0.000499095 0.242786333 0.245168060 0.063734859 0.014114166 0.025658062 0.997537136
1341846328.970217 0.002097616 0.239479080 0.233970985 0.068293154 0.012325423 0.027778635 0.997202396
1341846329.006232 0.005107656 0.224396482 0.233265772 0.068910159 0.009444729 0.032561440 0.997046649
1341846329.038243 0.010180444 0.204117149 0.224863365 0.072134100 0.008372864 0.032142747 0.996841729
1341846329.106125 0.009842220 0.199780196 0.212335497 0.075470872 0.008625453 0.031018866 0.996628106
1341846329.138340 0.014214533 0.182416588 0.212985680 0.076554500 0.007431739 0.029179256 0.996610641
1341846329.169991 0.012326593 0.182362884 0.203512460 0.078909434 0.006731381 0.027977047 0.996466458
1341846329.208656 0.015847955 0.174251378 0.202211916 0.079499051 0.005326397 0.026904844 0.996457577
1341846329.238169 0.020288596 0.175209776 0.201676995 0.079494357 0.003896709 0.026317829 0.996480286
1341846329.273827 0.012600531 0.153540164 0.200221300 0.076700002 0.003947803 0.027325219 0.996671975
1341846329.306052 0.010593917 0.153070360 0.198378250 0.077563748 0.001577429 0.026642766 0.996630132
1341846329.338104 0.025347475 0.156179518 0.188741326 0.074419022 -0.001545533 0.024689017 0.996920228
1341846329.373907 0.024210230 0.130064398 0.188491374 0.069639176 -0.002062118 0.022754095 0.997310638
1341846329.405985 0.024771424 0.120297812 0.179545686 0.070953555 -0.003262518 0.019148961 0.997290492
1341846329.442057 0.023604633 0.118819393 0.179427981 0.070742525 -0.003616536 0.015875680 0.997361720
1341846329.473950 0.022952093 0.103139587 0.178552628 0.069100983 -0.004867196 0.010183283 0.997545838
1341846329.506147 0.014550474 0.092558555 0.178337231 0.069095753 -0.005696403 0.007203349 0.997567832
1341846329.542121 0.011852707 0.079987310 0.172961876 0.067009382 -0.008674585 0.006973737 0.997690380
1341846329.574086 0.014968992 0.060497183 0.173453555 0.068912812 -0.011036467 0.005623375 0.997545838
1341846329.606387 0.016072676 0.059447736 0.168311924 0.071763389 -0.011607941 0.004344107 0.997344732
1341846329.641955 0.011717346 0.055884346 0.162361011 0.071770079 -0.012359785 0.004350598 0.997335136
1341846329.681570 0.010424314 0.044172000 0.163076639 0.070750795 -0.015513129 0.004538936 0.997363031
1341846329.748113 0.016499661 0.038047370 0.156569347 0.072938077 -0.015742974 0.002205396 0.997209787
1341846329.810175 0.017206986 0.009942061 0.155659020 0.070146300 -0.012593444 0.007253322 0.997430861
1341846329.842255 0.015049698 -0.002689969 0.153078333 0.071322605 -0.012316951 0.010501500 0.997322023
1341846329.874044 0.010566524 -0.008309222 0.154818326 0.073431201 -0.011993118 0.013726449 0.997133732
1341846329.910073 0.014586817 -0.000712211 0.153971910 0.074167140 -0.013039391 0.016070861 0.997031093
1341846329.942009 0.013714083 -0.004447683 0.151745021 0.069225267 -0.013626995 0.021369027 0.997279108
1341846329.978087 0.013785576 -0.027823443 0.150926739 0.066681497 -0.013876568 0.022632426 0.997421086
1341846330.016305 0.018436369 -0.022564797 0.146090731 0.068919174 -0.013155202 0.020856395 0.997317493
1341846330.048192 0.010000614 -0.013559497 0.148507729 0.065588735 -0.010958413 0.021450598 0.997556031
1341846330.080418 0.012638686 -0.036318384 0.143758982 0.060261581 -0.011409238 0.023913933 0.997830927
1341846330.115886 0.012978134 -0.053943250 0.145526469 0.062639207 -0.009892260 0.025042109 0.997672975
1341846330.147839 0.011460839 -0.035411943 0.145121619 0.066214845 -0.009674215 0.026307492 0.997411668
1341846330.181257 0.007781421 -0.022762284 0.143571690 0.061821707 -0.010328521 0.030077888 0.997580469
1341846330.215852 0.010220968 -0.040798154 0.145421743 0.054380774 -0.009487008 0.029615616 0.998035908
1341846330.247833 0.003819387 -0.046478301 0.141522571 0.052452210 -0.008558077 0.028279375 0.998186290
1341846330.283913 0.007587344 -0.031465419 0.138182238 0.049652785 -0.009468781 0.028928397 0.998302698
1341846330.316011 0.006304349 -0.045306422 0.143722787 0.042484120 -0.010392671 0.027803611 0.998656154
1341846330.347868 -0.000281710 -0.056240093 0.135312378 0.039616808 -0.011557266 0.027168183 0.998778701
1341846330.383835 0.008755181 -0.055099625 0.141771421 0.038124461 -0.012794304 0.027626775 0.998809159
1341846330.415934 0.007340906 -0.070997588 0.144955173 0.037031133 -0.011849751 0.025896484 0.998908222
1341846330.452561 0.001494271 -0.075133704 0.142880812 0.039741389 -0.011882027 0.024565842 0.998837352
1341846330.483903 -0.003685063 -0.068842866 0.135670573 0.040292714 -0.013374744 0.026686884 0.998741925
1341846330.515970 -0.001244666 -0.079578549 0.128760055 0.038079642 -0.015910177 0.030226292 0.998690724
1341846330.552099 0.000637755 -0.082363904 0.129659042 0.039677024 -0.017499600 0.032703776 0.998523951
1341846330.583876 -0.008703866 -0.073832236 0.128346816 0.039512157 -0.017087983 0.032956913 0.998529255
1341846330.619992 -0.012219153 -0.062630035 0.124905989 0.035502810 -0.018175710 0.032309126 0.998681843
1341846330.652136 -0.008563524 -0.073417142 0.119703680 0.028065195 -0.019956609 0.030481873 0.998941958
1341846330.683796 -0.010868584 -0.076086834 0.121219881 0.023368698 -0.019750601 0.029270742 0.999103189
1341846330.719991 -0.015329366 -0.092144690 0.115050994 0.019958910 -0.022111854 0.030801335 0.999081612
1341846330.752103 -0.017459320 -0.095775016 0.112679765 0.021775845 -0.026362045 0.035500042 0.998784602
1341846330.787952 -0.025961952 -0.088042788 0.108639561 0.023382165 -0.030505890 0.038444635 0.998521268
1341846330.819823 -0.021553895 -0.087033823 0.103838064 0.023085611 -0.035434529 0.039335478 0.998330712
1341846330.852208 -0.020594176 -0.080125898 0.101977453 0.022829136 -0.037395868 0.039998394 0.998238742
1341846330.914111 -0.028025907 -0.068147041 0.093578912 0.013759202 -0.040388148 0.039566498 0.998305619
1341846330.949903 -0.031540915 -0.081273638 0.091853008 0.010244138 -0.041183561 0.039446097 0.998320103
1341846330.981986 -0.038688175 -0.079303406 0.084918834 0.011226787 -0.045479055 0.040333476 0.998087585
1341846331.014111 -0.042953748 -0.072714105 0.085183218 0.011123784 -0.049352478 0.040316235 0.997905433
1341846331.082139 -0.042869434 -0.076736711 0.082885839 0.012879340 -0.052546464 0.037274878 0.997839510
1341846331.114334 -0.040726997 -0.071170576 0.082254529 0.012989542 -0.054900020 0.036720656 0.997731864
1341846331.149989 -0.042502604 -0.079965003 0.079823047 0.012904645 -0.055752639 0.035558417 0.997727811
1341846331.181954 -0.043972723 -0.080950424 0.075444929 0.016206220 -0.055758767 0.034454871 0.997718036
1341846331.218151 -0.050128564 -0.063098907 0.077430762 0.017013598 -0.058683105 0.035543852 0.997498631
1341846331.249914 -0.039128475 -0.076494023 0.073446393 0.013720590 -0.061193548 0.034365159 0.997439802
1341846331.318141 -0.037045348 -0.077138156 0.067542754 0.024470627 -0.051020447 0.030205263 0.997940779
1341846331.349926 -0.024698041 -0.075294182 0.069633588 0.023536239 -0.049621128 0.029970726 0.998040915
1341846331.382003 0.006988854 -0.099068165 0.083457410 0.024052214 -0.045935128 0.029531829 0.998218060
1341846331.418008 -0.007495259 -0.084151454 0.085628442 0.033202004 -0.033582952 0.028267758 0.998484254
1341846331.450327 -0.014830677 -0.077940665 0.089745760 0.034995906 -0.027944196 0.028816836 0.998581052
1341846331.486219 -0.028319560 -0.065963253 0.103139482 0.036239516 -0.024344223 0.029579932 0.998608649
1341846331.518344 -0.018717699 -0.068435967 0.103721693 0.034729663 -0.024412977 0.028739197 0.998685122
1341846331.550202 -0.011951203 -0.076194078 0.109040253 0.036705423 -0.020039279 0.027247984 0.998753607
1341846331.586139 -0.017844258 -0.064718656 0.112167880 0.039323904 -0.018560311 0.028004246 0.998661578
1341846331.617931 -0.012956652 -0.062931716 0.119902328 0.038437061 -0.018926198 0.027795797 0.998695076
1341846331.654027 -0.003077783 -0.068742335 0.130945444 0.038686354 -0.016883083 0.028066674 0.998714507
1341846331.686123 -0.011536333 -0.059277251 0.139192715 0.041624304 -0.013379897 0.030454854 0.998579502
1341846331.717954 -0.021226443 -0.043185282 0.144508615 0.039497674 -0.013588357 0.029403131 0.998694539
1341846331.754076 -0.005377893 -0.061402138 0.157242522 0.035863496 -0.014188641 0.029176656 0.998829901
1341846331.785920 -0.005676443 -0.062402759 0.167286351 0.038858581 -0.011070161 0.027465589 0.998805881
1341846331.818053 -0.007595446 -0.048273429 0.179763377 0.040111929 -0.009271858 0.027950533 0.998761177
1341846331.853849 -0.006580987 -0.056561377 0.186531842 0.038223051 -0.008996626 0.027301298 0.998855710
1341846331.885987 0.002458169 -0.058299553 0.202663466 0.041318383 -0.006695898 0.025518790 0.998797715
1341846331.922014 -0.000978049 -0.051825136 0.209988043 0.043454524 -0.003025600 0.024910314 0.998740256
1341846331.954037 0.003946543 -0.050448012 0.223855302 0.043412711 -0.000499527 0.025533769 0.998730838
1341846331.986135 0.009880695 -0.065908954 0.227513418 0.044785913 0.004790788 0.026759000 0.998626649
1341846332.022364 -0.000969518 -0.063021019 0.257338822 0.052564334 0.010766627 0.026768604 0.998200655
1341846332.054175 -0.004349727 -0.063472964 0.266131461 0.058626380 0.011152074 0.028405681 0.997813463
1341846332.086502 -0.001980560 -0.058222424 0.278094649 0.061841279 0.010956720 0.029957864 0.997576177
1341846332.122051 -0.005913779 -0.055032611 0.283564061 0.063632317 0.012483045 0.028929995 0.997475982
1341846332.153983 -0.010272050 -0.037281234 0.303757608 0.062814109 0.011840742 0.026973035 0.997590482
1341846332.190165 -0.008580831 -0.036526002 0.318507046 0.056122120 0.009908237 0.025571303 0.998047233
1341846332.254145 -0.011166357 -0.058297627 0.346512288 0.055220712 0.010752202 0.022648299 0.998159349
1341846332.289948 -0.014368335 -0.051858585 0.353850812 0.057645198 0.010591008 0.024705155 0.997975230
1341846332.322172 -0.012529723 -0.054431908 0.364481986 0.058340155 0.009733865 0.027120300 0.997880876
1341846332.354003 0.001728613 -0.062417045 0.371003389 0.060171317 0.010330731 0.024418876 0.997835875
1341846332.390180 0.000915078 -0.048388433 0.378425747 0.062706880 0.015182699 0.021291161 0.997689366
1341846332.422055 -0.003254063 -0.047387753 0.391904980 0.060712468 0.017910633 0.018366897 0.997825563
1341846332.458114 0.001615915 -0.051867634 0.401946753 0.059721928 0.020011520 0.014260000 0.997912586
1341846332.489993 -0.009633646 -0.045322165 0.408268839 0.061292939 0.023084577 0.015188724 0.997737288
1341846332.522130 -0.015726849 -0.041159391 0.428461879 0.060897589 0.019052245 0.021285782 0.997735202
1341846332.558114 -0.011231991 -0.045994218 0.429838061 0.060571384 0.013361756 0.027583977 0.997693241
1341846332.589874 -0.000896067 -0.029657515 0.441566676 0.061582096 0.009298029 0.032511882 0.997529089
1341846332.621889 0.000401823 -0.024868466 0.444525450 0.057199854 0.009277428 0.034424275 0.997726023
1341846332.658202 0.003498744 -0.029304314 0.454065382 0.052892700 0.009841375 0.032813951 0.998012483
1341846332.690001 0.005145153 -0.025426902 0.467363447 0.051363342 0.010683571 0.033408858 0.998063922
1341846332.726000 0.002914008 -0.030478902 0.475968868 0.049951836 0.009819877 0.037931211 0.997982800
1341846332.758386 0.010485005 -0.027848430 0.487926543 0.050869234 0.006583107 0.038979489 0.997922719
1341846332.789937 0.020773316 -0.020295521 0.494865507 0.050672464 0.006665765 0.038128201 0.997965097
1341846332.825925 0.016443832 -0.023244467 0.508992970 0.047668371 0.010202086 0.036307409 0.998151004
1341846332.857898 0.016978575 -0.024782330 0.516513765 0.048350915 0.011626597 0.035628520 0.998127043
1341846332.894069 0.019725101 -0.011015603 0.524974406 0.049142823 0.011037215 0.036338415 0.998069465
1341846332.926029 0.025547963 -0.007293510 0.534424245 0.045811910 0.011340582 0.034340091 0.998295248
1341846332.958015 0.029429218 -0.003650469 0.543879688 0.043191407 0.013815220 0.031616896 0.998470902
1341846332.994073 0.033521272 -0.002109112 0.553399563 0.039929707 0.014542936 0.030580834 0.998628557
1341846333.026545 0.038089324 -0.001690636 0.560706198 0.037387073 0.015540803 0.028587691 0.998771012
1341846333.057998 0.045061141 -0.001486880 0.567682266 0.035977155 0.017371219 0.028617714 0.998791754
1341846333.094024 0.049424648 -0.000819953 0.578820586 0.036650855 0.018639848 0.032626860 0.998621464
1341846333.126095 0.056154996 0.003495093 0.584859669 0.037430208 0.019791109 0.035038974 0.998488665
1341846333.161973 0.056392454 0.010188275 0.580721200 0.036236137 0.022757815 0.035766579 0.998443663
1341846333.195660 0.054126482 0.009908545 0.586058617 0.033536296 0.025160901 0.037662469 0.998410702
1341846333.226331 0.056268841 0.010957992 0.590808272 0.032123230 0.025784504 0.036820862 0.998472631
1341846333.262056 0.060857650 0.019451274 0.599240541 0.029560873 0.025746115 0.035537761 0.998599231
1341846333.294147 0.063777648 0.016073227 0.611547589 0.025713727 0.025620239 0.034725517 0.998737454
1341846333.326100 0.067779988 0.018874845 0.613612056 0.024310924 0.023818148 0.033628277 0.998854756
1341846333.362100 0.070092142 0.025392743 0.612367392 0.021392465 0.022930361 0.032076318 0.998993337
1341846333.394119 0.068916999 0.019184884 0.620597601 0.017449152 0.022210503 0.031544290 0.999103248
1341846333.429974 0.071837038 0.021052498 0.617933929 0.016745543 0.020028375 0.031185932 0.999172628
1341846333.462115 0.074424259 0.016092813 0.622162223 0.015676135 0.020227000 0.029458793 0.999238372
1341846333.494040 0.075256296 0.020351075 0.622707903 0.017396567 0.020829428 0.028636133 0.999221444
1341846333.529953 0.064711370 0.015101923 0.618827701 0.017162738 0.024526311 0.027760129 0.999166369
1341846333.562063 0.077239029 0.024968944 0.625757277 0.019810122 0.024286527 0.030209729 0.999052167
1341846333.594090 0.069194995 0.033599965 0.627010345 0.019343922 0.024655793 0.031177215 0.999022484
1341846333.629994 0.071542963 0.031836182 0.624299586 0.015107245 0.021442341 0.029876452 0.999209404
1341846333.662127 0.072602212 0.032461628 0.622980893 0.012175882 0.020172963 0.029385995 0.999290407
1341846333.697964 0.074001007 0.020573018 0.621179163 0.008811112 0.020206366 0.030261671 0.999298930
1341846333.730092 0.075359859 0.020183617 0.618787587 0.011602481 0.020182366 0.031031603 0.999247313
1341846333.762089 0.073224545 0.021445476 0.614709973 0.013240729 0.021207476 0.032656837 0.999153912
1341846333.798006 0.068957932 0.019688245 0.612587631 0.015013223 0.022344787 0.031822354 0.999130964
1341846333.830055 0.070924111 0.019566696 0.607563078 0.017549226 0.023332912 0.029928239 0.999125600
1341846333.866045 0.066983759 0.020550240 0.603073001 0.018830093 0.024953425 0.028690062 0.999099433
1341846333.897987 0.064813003 0.016771212 0.599313915 0.020153783 0.025154982 0.027619338 0.999098718
1341846333.930099 0.063850343 0.013405825 0.592820883 0.022970745 0.026102202 0.026363106 0.999047577
1341846333.965889 0.060943641 0.013422568 0.587022901 0.025204483 0.027231153 0.026202198 0.998967826
1341846333.997985 0.062791474 0.010126195 0.583656967 0.027955005 0.027944403 0.025929447 0.998882055
1341846334.030076 0.059510451 0.011387901 0.577464402 0.031137655 0.029299663 0.027525816 0.998706341
1341846334.066000 0.057569172 0.010323204 0.568081856 0.032750957 0.028787371 0.029206621 0.998621941
1341846334.097932 0.058255352 0.007403689 0.562757075 0.034390770 0.028702620 0.028408656 0.998592257
1341846334.133884 0.055672511 0.008983259 0.556734800 0.036102053 0.029544782 0.029099552 0.998487413
1341846334.166115 0.044125661 0.009568403 0.552245378 0.036585473 0.029664630 0.029435201 0.998456419
1341846334.198072 0.045662895 0.008472134 0.541235268 0.037109707 0.027570084 0.028435024 0.998526096
1341846334.234097 0.048437208 0.010517045 0.536476195 0.037650298 0.027635721 0.027443662 0.998531759
1341846334.266045 0.039248366 0.007821690 0.529488444 0.037594061 0.030086026 0.027753225 0.998454511
1341846334.297946 0.032718670 0.008922401 0.523901701 0.039064042 0.028804192 0.029102797 0.998397410
1341846334.334036 0.033666711 0.009792068 0.516292274 0.039389763 0.026698599 0.029530022 0.998430610
1341846334.365871 0.033078294 0.011302091 0.508513987 0.039068803 0.026764004 0.028239965 0.998478770
1341846334.401845 0.023353880 0.010757226 0.499640614 0.037647560 0.028654251 0.025963224 0.998542726
1341846334.433864 0.014419066 0.007303047 0.493950427 0.037507225 0.028202297 0.026824119 0.998538136
1341846334.466105 0.011131646 0.010979154 0.486668587 0.038623549 0.026756335 0.027488738 0.998517275
1341846334.502142 0.006146770 0.012987975 0.481767207 0.037514586 0.025499664 0.028165076 0.998573601
1341846334.540153 0.007893825 0.007313815 0.467268229 0.036553260 0.024224529 0.027202247 0.998667657
1341846334.602351 -0.003792921 0.015826974 0.450612158 0.032318871 0.020982943 0.020166539 0.999053836
1341846334.670161 -0.006806946 0.009070203 0.435918868 0.026468158 0.018129179 0.013025112 0.999400437
1341846334.702085 -0.015318939 0.007483373 0.429016292 0.025374331 0.016564129 0.012684469 0.999460280
1341846334.734751 -0.018398704 0.005009836 0.421113640 0.025457045 0.013945334 0.014451955 0.999474227
1341846334.770889 -0.023282358 0.004686378 0.409517109 0.025237884 0.012613907 0.017334040 0.999451637
1341846334.802194 -0.027774921 0.006962357 0.399539232 0.024920957 0.009923021 0.018230801 0.999473989
1341846334.833908 -0.025478257 0.009347205 0.391763449 0.024731940 0.007991132 0.016451281 0.999526858
1341846334.869874 -0.027762374 0.010092559 0.382965267 0.023205359 0.007544236 0.016328041 0.999568939
1341846334.902006 -0.031554192 0.007250737 0.368362814 0.020993788 0.005808379 0.017053267 0.999617338
1341846334.938010 -0.035952382 0.005776841 0.358080417 0.020502083 0.003002353 0.016390149 0.999650955
1341846334.970032 -0.031734761 0.004539331 0.351791054 0.020352162 0.001550345 0.015643714 0.999669313
1341846335.002203 -0.039441433 -0.000347017 0.340942770 0.021629713 0.002615037 0.016869672 0.999620318
1341846335.037880 -0.042899914 0.000719924 0.325862080 0.024376510 -0.000720769 0.019235773 0.999517560
1341846335.069990 -0.042318832 0.005226963 0.322240740 0.024952101 -0.003856413 0.018870104 0.999503076
1341846335.106038 -0.037718456 0.001328469 0.310802996 0.024699368 -0.003208915 0.017810831 0.999531090
1341846335.138045 -0.047510833 -0.000137024 0.301102400 0.026524929 -0.001102537 0.016851770 0.999505579
1341846335.169900 -0.053538941 0.004279607 0.285433948 0.027068660 -0.003499272 0.016471922 0.999491811
1341846335.206091 -0.047536619 0.003420840 0.276743114 0.026003240 -0.006222336 0.014545793 0.999536693
1341846335.239365 -0.047581032 -0.001634772 0.266872913 0.025643624 -0.005107048 0.012008392 0.999586046
1341846335.269948 -0.049451310 -0.003662798 0.255410910 0.027170815 -0.003814907 0.011171341 0.999561191
1341846335.305972 -0.057715863 -0.003529011 0.244866550 0.029248586 -0.004702940 0.011777892 0.999491811
1341846335.338012 -0.053349469 -0.004064023 0.237568110 0.030657554 -0.006759253 0.013344033 0.999418020
1341846335.374005 -0.047857057 -0.018151967 0.223634392 0.033793103 -0.005496914 0.015075579 0.999300063
1341846335.406025 -0.053893249 -0.012540067 0.215150401 0.041710112 -0.002115803 0.016711032 0.998987794
1341846335.438079 -0.060045287 -0.004778208 0.207735181 0.047075402 -0.001021337 0.020214172 0.998686314
1341846335.473998 -0.056462292 0.000162156 0.201927334 0.049701009 0.000212236 0.021218067 0.998538733
1341846335.507038 -0.059446108 0.004473438 0.188756004 0.050935380 0.003018756 0.019419733 0.998508632
1341846335.538040 -0.066757888 0.010230747 0.185478598 0.050635856 0.005987977 0.017140597 0.998552203
1341846335.574119 -0.071718320 0.015384463 0.175335601 0.048277639 0.006043916 0.017519597 0.998662055
1341846335.605970 -0.071576737 0.008715170 0.166835770 0.046446908 0.005165951 0.017052358 0.998761833
1341846335.641978 -0.069385596 0.008840933 0.154501751 0.047455255 0.006260541 0.014398267 0.998750031
1341846335.673993 -0.075087324 0.011660346 0.141930565 0.047356267 0.007256121 0.013974617 0.998754025
1341846335.706178 -0.079049245 0.011283717 0.134084255 0.046752933 0.006115814 0.014726734 0.998779178
1341846335.741982 -0.073878624 0.009192226 0.120141931 0.047022145 0.005417042 0.014144746 0.998779058
1341846335.773960 -0.077801429 0.016985953 0.109686941 0.047667339 0.006172563 0.013679522 0.998750567
1341846335.806271 -0.082819581 0.021427171 0.099810399 0.045927808 0.005809159 0.013197210 0.998840749
1341846335.842031 -0.078079611 0.015627561 0.091308169 0.043264147 0.006149210 0.014127749 0.998944938
1341846335.873966 -0.079836980 0.013424447 0.077304132 0.044091139 0.007901549 0.013051746 0.998911083
1341846335.910005 -0.087157167 0.021627672 0.069556080 0.044173196 0.008167474 0.014814133 0.998880744
1341846335.941936 -0.088746659 0.018963814 0.055461582 0.042823758 0.006088232 0.015800152 0.998939157
1341846335.974198 -0.088377148 0.019769110 0.046632007 0.042675700 0.005109151 0.013648187 0.998982728
1341846336.010032 -0.093888432 0.020868374 0.037385814 0.042625301 0.005457915 0.012074318 0.999003291
1341846336.042129 -0.095485486 0.020548081 0.023965649 0.041443314 0.003739981 0.012971496 0.999049723
1341846336.078076 -0.096686110 0.017692063 0.015859606 0.041223187 0.001817112 0.012079041 0.999075353
1341846336.110739 -0.096477464 0.019910416 0.010365285 0.041852772 0.001458358 0.010795466 0.999064386
1341846336.142002 -0.102185778 0.019838588 -0.003533534 0.041758522 0.001670640 0.011198176 0.999063611
1341846336.183953 -0.108321548 0.024361918 -0.014433806 0.041654717 -0.000694235 0.011964289 0.999060214
1341846336.241891 -0.106099017 0.025740096 -0.020196576 0.039726894 -0.001944684 0.011999737 0.999136627
1341846336.277946 -0.114304580 0.019486178 -0.027049176 0.039704990 -0.001245699 0.013910069 0.999113858
1341846336.309977 -0.120183386 0.017969439 -0.035998300 0.042427663 -0.003511564 0.016832665 0.998951614
1341846336.346143 -0.118846402 0.023968363 -0.048165489 0.044695653 -0.005019547 0.017826978 0.998828948
1341846336.377975 -0.118975654 0.023277208 -0.056507602 0.045373637 -0.004852742 0.017383628 0.998807073
1341846336.410032 -0.122883871 0.026964350 -0.066815093 0.046602957 -0.003986754 0.017173436 0.998757958
1341846336.446041 -0.126944825 0.030427393 -0.078534469 0.046154577 -0.004426215 0.017248051 0.998775661
1341846336.477990 -0.126714423 0.029750424 -0.079509944 0.045048904 -0.004476863 0.016984195 0.998830378
1341846336.510056 -0.126788348 0.027987283 -0.084510304 0.045199629 -0.004062925 0.017934509 0.998808742
1341846336.546024 -0.130303964 0.028985802 -0.091752835 0.046427064 -0.003748550 0.019364502 0.998726964
1341846336.578003 -0.131569102 0.036354151 -0.100589260 0.046453264 -0.004243110 0.021024318 0.998690188
1341846336.614020 -0.128961325 0.037862498 -0.101202197 0.045869898 -0.003758048 0.020418596 0.998731673
1341846336.645982 -0.135460347 0.041058477 -0.111241393 0.044758175 -0.002134644 0.019798446 0.998799384
1341846336.678036 -0.141528547 0.034623519 -0.119199783 0.042471375 -0.003760139 0.019908363 0.998892248
1341846336.714024 -0.142117202 0.028241774 -0.122459278 0.043717682 -0.006101089 0.019746311 0.998830140
1341846336.746016 -0.147018179 0.022139056 -0.136333600 0.047103982 -0.007974079 0.021838065 0.998619437
1341846336.778014 -0.152406290 0.031444017 -0.145834222 0.050470617 -0.011787452 0.025071668 0.998341262
1341846336.820006 -0.151929736 0.033599522 -0.150285408 0.051128168 -0.015802937 0.026963087 0.998203039
1341846336.882056 -0.159009188 0.033581723 -0.159184664 0.054062992 -0.017709490 0.025831694 0.998046219
1341846336.914273 -0.164130658 0.024985537 -0.170514792 0.055574577 -0.022228817 0.027860520 0.997818232
1341846336.945998 -0.160457224 0.023250924 -0.161638513 0.062641487 -0.029167216 0.029845517 0.997163296
1341846336.981980 -0.166628957 0.046174280 -0.176642597 0.066854216 -0.032546181 0.027558545 0.996850967
1341846337.014238 -0.165056154 0.050598443 -0.183214843 0.063969806 -0.035464391 0.024762349 0.997014046
1341846337.046017 -0.162743628 0.045515046 -0.179340750 0.061274797 -0.036814511 0.020967368 0.997221351
1341846337.082104 -0.167186558 0.047184695 -0.187762573 0.060581565 -0.036978707 0.018049153 0.997314751
1341846337.114317 -0.169374347 0.048604578 -0.190464318 0.058873098 -0.039381031 0.017838454 0.997328937
1341846337.150037 -0.167330697 0.045684285 -0.191082835 0.057110552 -0.041214328 0.015984906 0.997388721
1341846337.181873 -0.163073212 0.046956476 -0.192778721 0.056732047 -0.041186880 0.012898329 0.997456193
1341846337.214073 -0.169134423 0.058492653 -0.194555059 0.055093791 -0.039405927 0.010817705 0.997644663
1341846337.250087 -0.177001581 0.041526515 -0.207113102 0.051013559 -0.040553726 0.012371754 0.997797549
1341846337.282028 -0.175425798 0.041604336 -0.207114443 0.052198272 -0.045039341 0.015800290 0.997495472
1341846337.317920 -0.169941962 0.046740200 -0.197265893 0.052184507 -0.047020618 0.016342510 0.997395992
1341846337.350018 -0.174634784 0.057456307 -0.199244976 0.051329769 -0.046127107 0.016266979 0.997483313
1341846337.382159 -0.169993937 0.047635611 -0.205447122 0.047839679 -0.045901835 0.013827287 0.997703969
1341846337.417941 -0.174499497 0.039326444 -0.211303532 0.048296269 -0.045026392 0.014226288 0.997716308
1341846337.450137 -0.176285028 0.049523525 -0.223698795 0.049380105 -0.046827611 0.015051356 0.997568190
1341846337.482096 -0.171136901 0.047685906 -0.220958278 0.047775541 -0.047424402 0.015962481 0.997604012
1341846337.518008 -0.172048390 0.039681353 -0.217436239 0.048347764 -0.047880817 0.016119791 0.997552097
1341846337.549978 -0.174635157 0.051723052 -0.227445796 0.049241155 -0.048369873 0.014276476 0.997512877
1341846337.585971 -0.174569204 0.048121415 -0.224362522 0.046148427 -0.048802335 0.013358487 0.997652352
1341846337.617903 -0.168690950 0.028273124 -0.224376410 0.046211764 -0.049762506 0.014373737 0.997587860
1341846337.650141 -0.170123458 0.045896348 -0.226061776 0.049877435 -0.049959138 0.013435627 0.997414589
1341846337.686352 -0.172874331 0.049010035 -0.224006459 0.048060019 -0.049522862 0.013694081 0.997522056
1341846337.718002 -0.167578667 0.045940749 -0.219596907 0.046206892 -0.049319945 0.013564437 0.997621417
1341846337.749920 -0.164570525 0.053723216 -0.213970542 0.046382409 -0.047439668 0.012951146 0.997712612
1341846337.786157 -0.165156409 0.058405627 -0.214822233 0.043237481 -0.044577792 0.013116531 0.997983634
1341846337.817945 -0.161527082 0.052975129 -0.206333891 0.040650830 -0.042648550 0.014449859 0.998158216
1341846337.854071 -0.160455465 0.056765851 -0.208484620 0.039562404 -0.039194785 0.013652681 0.998354733
1341846337.885951 -0.164348364 0.061974145 -0.204125658 0.036541533 -0.036524452 0.012135133 0.998590767
1341846337.918223 -0.159920618 0.063216470 -0.195562348 0.032270398 -0.035547744 0.009704085 0.998799741
1341846337.954120 -0.161464691 0.057810999 -0.190683916 0.029417958 -0.033848148 0.009205138 0.998951554
1341846337.985994 -0.158356234 0.070326179 -0.182251468 0.027410766 -0.033212420 0.009566878 0.999026597
1341846338.018107 -0.155644834 0.064617299 -0.173131585 0.023582954 -0.031587925 0.010462965 0.999167979
1341846338.054055 -0.149607703 0.069319256 -0.170382053 0.021283166 -0.030589702 0.009811017 0.999257267
1341846338.085986 -0.144354776 0.067134753 -0.159934461 0.017581850 -0.027615778 0.009447848 0.999419332
1341846338.121875 -0.149922803 0.061829839 -0.149612203 0.015349032 -0.024759084 0.011283463 0.999511898
1341846338.154089 -0.149827436 0.064980619 -0.141732246 0.014668178 -0.024311602 0.014975334 0.999484658
1341846338.186029 -0.146377325 0.063741185 -0.134185448 0.013351756 -0.024878621 0.017101854 0.999455035
1341846338.222071 -0.138767675 0.067843936 -0.126732707 0.012213693 -0.024174696 0.016702015 0.999493599
1341846338.254107 -0.141792625 0.063305974 -0.116208516 0.010289690 -0.022072868 0.017099429 0.999557197
1341846338.290130 -0.137968689 0.063236758 -0.105733432 0.010764253 -0.022329375 0.018761018 0.999516666
1341846338.321952 -0.137155503 0.068700336 -0.098128401 0.011101813 -0.021439599 0.020773405 0.999492645
1341846338.354022 -0.132280305 0.067431867 -0.086708590 0.010428048 -0.021236515 0.021172779 0.999495924
1341846338.389969 -0.132628381 0.071834326 -0.079708554 0.010108761 -0.020187208 0.021711513 0.999509335
1341846338.422377 -0.131746680 0.070008546 -0.068755262 0.008258319 -0.019774927 0.021498462 0.999539196
1341846338.454010 -0.131148860 0.073910587 -0.060875785 0.007550234 -0.020105585 0.020623460 0.999556661
1341846338.489894 -0.130554706 0.068915576 -0.050637409 0.005407676 -0.020535847 0.020723606 0.999559700
1341846338.522066 -0.122924976 0.066009969 -0.038091723 0.005932416 -0.020879267 0.021037500 0.999543011
1341846338.558058 -0.127504632 0.076203845 -0.034871738 0.005877457 -0.020325251 0.019877819 0.999578595
1341846338.589842 -0.119880021 0.073847272 -0.018292924 0.003613763 -0.021229971 0.019682584 0.999574304
1341846338.622019 -0.115244836 0.071773753 -0.005126709 0.004300563 -0.020478783 0.020849781 0.999563634
1341846338.657984 -0.121604331 0.079231873 -0.004379106 0.005089237 -0.020000318 0.022637501 0.999530733
1341846338.690198 -0.117460050 0.080580667 0.005125972 0.003040178 -0.020955516 0.022200488 0.999529302
1341846338.722454 -0.107339971 0.073197372 0.023411181 0.001702293 -0.020745855 0.023105495 0.999516368
1341846338.757945 -0.117070630 0.081154615 0.024469931 0.002563140 -0.019626427 0.024193201 0.999511361
1341846338.790039 -0.111012764 0.079252139 0.037038278 0.000020506 -0.022408629 0.024969075 0.999437034
1341846338.826048 -0.103238150 0.075707205 0.048399616 0.000219494 -0.021834338 0.023351472 0.999488890
1341846338.858027 -0.109507121 0.084596112 0.052592587 0.000917823 -0.019446438 0.022049600 0.999567389
1341846338.889902 -0.106314220 0.084039852 0.062979877 -0.001881259 -0.020688001 0.021673448 0.999549270
1341846338.925948 -0.098110035 0.080565818 0.076426499 -0.002833220 -0.020564228 0.019710174 0.999590218
1341846338.958108 -0.098104231 0.080673344 0.086946912 -0.002556053 -0.018318065 0.018839370 0.999651492
1341846338.990057 -0.090828732 0.078136019 0.100130133 -0.002412233 -0.019100763 0.020089198 0.999612808
1341846339.025928 -0.087696061 0.077786185 0.113906980 -0.000150127 -0.018158492 0.020416640 0.999626696
1341846339.057939 -0.086289987 0.085482493 0.122224547 0.003256105 -0.015634390 0.020068724 0.999671042
1341846339.093927 -0.097389825 0.090975620 0.122163877 0.002247789 -0.015000538 0.020915290 0.999666214
1341846339.126562 -0.086533114 0.095215008 0.135798648 -0.000696215 -0.017029749 0.020094579 0.999652863
1341846339.157969 -0.075502522 0.098991700 0.155273527 -0.002691402 -0.015168610 0.018531850 0.999709606
1341846339.194113 -0.083822735 0.101425178 0.155322418 -0.004847080 -0.012977619 0.019527817 0.999713361
1341846339.228165 -0.080309808 0.104279369 0.169201121 -0.008373101 -0.015666462 0.022390226 0.999591470
1341846339.257998 -0.072343744 0.098239221 0.184946254 -0.011537748 -0.015177479 0.022108639 0.999573827
1341846339.294132 -0.071899951 0.102758951 0.197250515 -0.011405950 -0.012782078 0.024049683 0.999564052
1341846339.326577 -0.074405454 0.109800473 0.198036924 -0.015229505 -0.014690203 0.027714320 0.999391913
1341846339.362269 -0.062853172 0.105476215 0.209503934 -0.019883081 -0.017744996 0.025036350 0.999331295
1341846339.394725 -0.053622480 0.108031482 0.218520612 -0.020358179 -0.016304765 0.024744695 0.999353528
1341846339.462186 -0.048365861 0.107444987 0.237281770 -0.023897212 -0.017301213 0.023832882 0.999280512
1341846339.496743 -0.034080978 0.104312092 0.247008577 -0.021481600 -0.014773334 0.022108890 0.999415576
1341846339.562052 -0.040539563 0.103003301 0.267233789 -0.020210186 -0.010468280 0.023894619 0.999455392
1341846339.595122 -0.028917084 0.104555249 0.275940895 -0.017919183 -0.010783473 0.023549408 0.999503911
1341846339.632085 -0.024387103 0.109002493 0.287245005 -0.016121965 -0.007260607 0.021290636 0.999616981
1341846339.664568 -0.024157111 0.109545819 0.295288861 -0.015679250 -0.004189370 0.019078536 0.999686301
1341846339.698896 -0.026304835 0.104982577 0.299131632 -0.016240824 -0.002641072 0.018491620 0.999693632
1341846339.731977 -0.022297613 0.104164027 0.310170442 -0.016018813 -0.002494659 0.016953325 0.999724865
1341846339.762241 -0.015703836 0.101633258 0.318542212 -0.015917743 -0.001860924 0.017415129 0.999719918
1341846339.797873 -0.017483307 0.103798836 0.322639555 -0.015506459 -0.000692600 0.017917208 0.999719024
1341846339.830245 -0.009928495 0.099152029 0.334470242 -0.016564254 -0.002087519 0.018583622 0.999687910
1341846339.862015 -0.009197592 0.100259207 0.339734942 -0.016798355 -0.001567575 0.018089214 0.999694049
1341846339.897797 -0.002913162 0.099210843 0.348771572 -0.017933615 -0.001052383 0.018007036 0.999676466
1341846339.929916 -0.000553583 0.094165720 0.358149797 -0.018840462 0.000112462 0.019691093 0.999628663
1341846339.961960 0.001813100 0.091470413 0.364365548 -0.017689703 -0.000579394 0.020743284 0.999628186
1341846339.997845 0.009818014 0.091852047 0.368358493 -0.016198166 -0.000012236 0.020565573 0.999657333
1341846340.029925 0.011867543 0.094240323 0.377778381 -0.014824895 0.002432556 0.021804970 0.999649405
1341846340.066044 0.013984462 0.091183692 0.382186025 -0.012957242 0.003569255 0.023679147 0.999629319
1341846340.098009 0.013180207 0.092108011 0.385644466 -0.012004252 0.004488842 0.024207672 0.999624848
1341846340.130102 0.014986501 0.092286259 0.393486291 -0.012663860 0.004442125 0.022955611 0.999646485
1341846340.166041 0.024965782 0.089603655 0.402355522 -0.011823158 0.005825558 0.021002945 0.999692559
1341846340.197867 0.020911321 0.092411436 0.409131736 -0.010324039 0.008998901 0.021362789 0.999678016
1341846340.229904 0.022528775 0.095035784 0.416066319 -0.011383886 0.008837488 0.021391945 0.999667287
1341846340.265859 0.028369097 0.089120202 0.422628462 -0.012478056 0.009628233 0.020355612 0.999668658
1341846340.298061 0.030224947 0.090879083 0.428836554 -0.010067334 0.011994634 0.020832796 0.999660313
1341846340.334063 0.023980333 0.097967476 0.434583575 -0.010369170 0.012043484 0.022554599 0.999619365
1341846340.366064 0.033126034 0.091186538 0.443445027 -0.012826654 0.008999983 0.022114020 0.999632657
1341846340.397995 0.038164061 0.089909360 0.448143512 -0.010941127 0.009225850 0.021784279 0.999660254
1341846340.433895 0.037732959 0.092275620 0.449989557 -0.010238227 0.009254010 0.022552807 0.999650419
1341846340.465959 0.037093010 0.091594219 0.454368323 -0.009480045 0.007147368 0.024420802 0.999631286
1341846340.501858 0.041239377 0.091758549 0.454135418 -0.008640178 0.003439675 0.024608210 0.999653995
1341846340.534329 0.047793072 0.092779949 0.455151975 -0.008026395 0.001294354 0.024310218 0.999671459
1341846340.566041 0.050519623 0.088554375 0.455479652 -0.007315227 0.000526578 0.024496444 0.999673069
1341846340.601909 0.056387305 0.088392809 0.453135788 -0.004593721 -0.000451687 0.025159258 0.999672830
1341846340.634005 0.058969442 0.092253231 0.449295849 -0.003559144 -0.001113273 0.024057388 0.999703646
1341846340.666028 0.061769776 0.088950574 0.447161466 -0.004012940 -0.000703009 0.021932289 0.999751210
1341846340.701946 0.067653380 0.085780971 0.446341217 -0.002503880 0.000358066 0.020100737 0.999794781
1341846340.733954 0.068117313 0.093599141 0.446011454 -0.000444811 0.002206390 0.017938530 0.999836564
1341846340.770081 0.071744874 0.091834471 0.443642348 -0.001626073 0.002127792 0.015753973 0.999872386
1341846340.801980 0.072838910 0.088002920 0.438980043 -0.002012916 0.003500722 0.010253018 0.999939263
1341846340.833999 0.073400490 0.095722608 0.441120684 -0.001226174 0.005785191 0.006618416 0.999960661
1341846340.870013 0.071871243 0.092085734 0.443730593 -0.003101300 0.005956831 0.005032096 0.999964833
1341846340.901955 0.074632406 0.089608416 0.436850399 -0.002445638 0.005499951 0.004921786 0.999969780
1341846340.933918 0.071112096 0.089760154 0.439015746 -0.000289186 0.005467486 0.006889381 0.999961317
1341846340.970122 0.071248360 0.091923140 0.436369061 0.001185508 0.002013273 0.012213983 0.999922693
1341846341.001922 0.072681755 0.086864352 0.432091683 0.001947672 -0.002446715 0.017633140 0.999839723
1341846341.037923 0.074089840 0.090490744 0.424564242 0.003387622 -0.005008192 0.019838560 0.999784946
1341846341.070300 0.074302420 0.088561878 0.421010017 0.003836471 -0.005673529 0.020075634 0.999775052
1341846341.102028 0.070517592 0.088414513 0.419962406 0.003747047 -0.006582896 0.020366959 0.999763906
1341846341.137982 0.072825968 0.086972438 0.415512949 0.003612557 -0.008758563 0.020121427 0.999752641
1341846341.170048 0.075029753 0.085661277 0.414665043 0.004084749 -0.009600260 0.021708971 0.999709904
1341846341.202110 0.074831352 0.084373146 0.413445592 0.005555268 -0.009805736 0.022906942 0.999674082
1341846341.237996 0.076103769 0.084368132 0.411574304 0.007386891 -0.009942796 0.023712274 0.999642074
1341846341.269883 0.075194784 0.085236326 0.408817589 0.008580614 -0.009238127 0.024680628 0.999615967
1341846341.306107 0.073561355 0.084437311 0.405356586 0.009109117 -0.009770229 0.023653129 0.999630988
1341846341.338109 0.073741086 0.084137768 0.403149486 0.009974717 -0.009202973 0.021625705 0.999674082
1341846341.370120 0.077010803 0.085192025 0.402873695 0.010635252 -0.008332629 0.019326948 0.999721944
1341846341.406074 0.070164904 0.084358700 0.403591186 0.010657880 -0.007062526 0.018109834 0.999754250
1341846341.438113 0.069457807 0.076787196 0.402194232 0.010982322 -0.008913670 0.018397251 0.999730766
1341846341.470024 0.073696502 0.080558062 0.397659630 0.014412580 -0.009577553 0.016997123 0.999705791
1341846341.506077 0.069338739 0.087873787 0.398494840 0.014951373 -0.008160475 0.015576956 0.999733627
1341846341.538156 0.062797904 0.082991503 0.400681704 0.013598426 -0.009268073 0.015433725 0.999745548
1341846341.574016 0.067767061 0.082176797 0.397812277 0.014516459 -0.012190313 0.016804470 0.999679089
1341846341.612466 0.065799475 0.084363669 0.394369513 0.015164995 -0.012622257 0.017242195 0.999656677
1341846341.643972 0.063708991 0.086512163 0.396070570 0.014485603 -0.013978572 0.016225155 0.999665737
1341846341.679982 0.060780425 0.086210616 0.395764560 0.014264777 -0.015070503 0.016514307 0.999648333
1341846341.712332 0.056358662 0.084393449 0.394070119 0.014890444 -0.016892739 0.019144775 0.999563098
1341846341.744185 0.062123206 0.085715227 0.391950101 0.015314599 -0.019797390 0.021851849 0.999447882
1341846341.780061 0.061135273 0.086683691 0.390223145 0.015994161 -0.020098496 0.022946561 0.999406755
1341846341.842595 0.066018723 0.078227885 0.386479676 0.017449211 -0.021462779 0.027777189 0.999231398
1341846341.906227 0.065713406 0.075473689 0.380472898 0.020811211 -0.022053452 0.033096965 0.998992085
1341846341.942069 0.071220979 0.065669902 0.374164909 0.022745976 -0.022854520 0.034205291 0.998894513
1341846341.974775 0.072059102 0.066111997 0.371971458 0.026135059 -0.023159886 0.035850137 0.998746932
1341846342.010161 0.068080358 0.068093807 0.371563554 0.027248379 -0.024194166 0.037734084 0.998623192
1341846342.042024 0.075032875 0.061676979 0.369066507 0.028408527 -0.025489405 0.037796117 0.998556316
1341846342.080032 0.077862337 0.066374764 0.366679907 0.031034725 -0.023326458 0.037530400 0.998541057
1341846342.112265 0.069908060 0.066204458 0.364416540 0.031595960 -0.021470267 0.039520517 0.998488307
1341846342.147954 0.070923530 0.061134823 0.366260141 0.033595372 -0.022970717 0.042054720 0.998286068
1341846342.179852 0.075270660 0.062619209 0.359959573 0.036699869 -0.022829607 0.043643821 0.998111784
1341846342.211848 0.073841155 0.063352145 0.364701748 0.037493315 -0.021984570 0.042992711 0.998129547
1341846342.247920 0.074919008 0.060822338 0.364645898 0.038596790 -0.021897594 0.041664928 0.998145759
1341846342.279870 0.076760300 0.059739772 0.363474011 0.039962113 -0.021732824 0.042444173 0.998062730
1341846342.316068 0.075860649 0.062159985 0.359217465 0.041401379 -0.021390919 0.043589372 0.997962117
1341846342.347894 0.077112176 0.064222418 0.357677132 0.042075377 -0.021492397 0.043137480 0.997951388
1341846342.379953 0.077576131 0.061441615 0.356467932 0.041969337 -0.020646518 0.043174557 0.997972071
1341846342.416195 0.077217169 0.062441625 0.357967168 0.042747870 -0.020520909 0.044240993 0.997894943
