1341846313.592026 0.000000000 0.000000000 0.000000000 -0.000000000 -0.000000000 -0.000000000 1.000000000
1341846313.654184 0.010037150 -0.000917342 -0.003727422 -0.001101731 -0.003880228 0.005407321 0.999977231
1341846313.686156 0.016297089 0.001778539 -0.003178495 0.000548528 -0.005919633 0.004796985 0.999970853
1341846313.721918 0.023031684 0.004824185 -0.005593647 0.000783107 -0.007184717 0.005886989 0.999956548
1341846313.753994 0.026857894 0.002935776 -0.002291733 -0.000038955 -0.007446844 0.007083729 0.999947190
1341846313.789969 0.031648107 0.007044654 -0.003880972 0.001953614 -0.007546152 0.005328557 0.999955475
1341846313.822075 0.027247844 0.012206619 -0.006351711 0.002747584 -0.004684357 0.003154118 0.999980271
1341846313.853928 0.026818831 0.013815396 -0.000839251 0.002428963 -0.001438743 0.002006172 0.999993980
1341846313.890011 0.004319473 0.015079788 -0.007670614 0.002353770 0.005515357 0.002067523 0.999979913
1341846313.922055 -0.011280198 0.016845426 -0.009611515 0.000342993 0.009540655 0.002161462 0.999952137
1341846313.957927 -0.041962977 0.019324608 -0.014526181 -0.001498980 0.020998040 0.003247725 0.999773145
1341846313.990058 -0.058097992 0.017584510 -0.011336786 -0.003065191 0.030282635 0.004365100 0.999527216
1341846314.022042 -0.091709122 0.017279485 -0.013593425 -0.005690547 0.038441464 0.006514027 0.999223471
1341846314.057816 -0.128063336 0.027291659 -0.011599529 -0.006958168 0.049383186 0.008442327 0.998719990
1341846314.089801 -0.147563398 0.026015429 -0.006564066 -0.006152668 0.058976397 0.008303084 0.998205960
1341846314.122037 -0.162541613 0.020756757 -0.004746635 -0.008911761 0.066089414 0.010595891 0.997717679
1341846314.157989 -0.190222159 0.038097482 -0.005000724 -0.007280897 0.075570166 0.010136425 0.997062385
1341846314.190094 -0.203726873 0.039997764 -0.004417562 -0.006881038 0.082707763 0.011204167 0.996487141
1341846314.225969 -0.222653463 0.038240962 -0.006619636 -0.010519842 0.088780686 0.013992944 0.995897353
1341846314.257923 -0.223817497 0.046637330 0.003485585 -0.010557645 0.092085652 0.014393605 0.995591104
1341846314.290052 -0.223128676 0.046168528 0.002402450 -0.009449633 0.093777023 0.012683338 0.995467603
1341846314.325981 -0.258212835 0.070754178 -0.005759834 -0.006110255 0.102164254 0.009791533 0.994700611
1341846314.357905 -0.254465133 0.073879980 0.002620588 -0.006038636 0.105893075 0.009398297 0.994314790
1341846314.389899 -0.249903351 0.077489726 0.004645885 -0.004059252 0.108512737 0.008448897 0.994050920
1341846314.427905 -0.276067674 0.088855825 -0.000410667 -0.002355150 0.115936063 0.005863500 0.993236601
1341846314.493987 -0.276353180 0.093128033 -0.000092496 -0.000105187 0.127752259 -0.002102209 0.991803885
1341846314.526085 -0.294683576 0.099388823 -0.009838326 0.000727224 0.133569852 -0.004160291 0.991030455
1341846314.558292 -0.281846344 0.099573858 -0.005001750 -0.000648457 0.135771617 -0.004173309 0.990731180
1341846314.594085 -0.299668014 0.105737343 -0.002197381 0.002416701 0.145210624 -0.005391518 0.989383161
1341846314.626096 -0.328039438 0.107282005 -0.014567452 0.002781217 0.153724223 -0.003632863 0.988103211
1341846314.658455 -0.351403236 0.112456687 -0.025801286 0.001270671 0.160183817 -0.004002782 0.987078309
1341846314.694004 -0.309017062 0.114593908 -0.003779857 0.002640166 0.159163192 -0.007857080 0.987217486
1341846314.725910 -0.317569256 0.112519495 -0.007864358 0.007780323 0.163493395 -0.002863578 0.986509621
1341846314.761942 -0.303131908 0.110305987 -0.008103888 0.010859790 0.162041754 0.001506980 0.986723006
1341846314.794030 -0.323153406 0.125619411 -0.012254721 0.017031915 0.168809220 0.000556663 0.985501409
1341846314.826092 -0.344767809 0.131483957 -0.023009896 0.019961625 0.176998124 0.000897007 0.984008312
1341846314.862145 -0.343423635 0.138436794 -0.013778020 0.021321161 0.182089850 0.000496900 0.983050585
1341846314.894072 -0.345031619 0.137771159 -0.019645149 0.021202730 0.186768964 0.003152635 0.982169986
1341846314.925969 -0.371491820 0.137602359 -0.014284111 0.021257924 0.194764435 0.006841855 0.980595827
1341846314.961937 -0.389360219 0.139037386 -0.019078610 0.018403925 0.198540330 0.012492438 0.979840279
1341846314.994564 -0.385938495 0.147518575 -0.019565357 0.016319150 0.199976280 0.010118986 0.979612589
1341846315.029900 -0.431108207 0.167062506 -0.015096100 0.020023858 0.212802678 0.008251566 0.976855159
1341846315.061965 -0.441313714 0.166240424 -0.018889645 0.019661881 0.216875613 0.012695233 0.975918710
1341846315.094388 -0.434533834 0.163401261 -0.019299522 0.018993525 0.215065181 0.013237693 0.976325333
1341846315.129851 -0.466926426 0.190743119 -0.011291835 0.026070436 0.221865624 0.010526398 0.974671841
1341846315.161941 -0.486025065 0.186502472 -0.020115051 0.021763096 0.224532321 0.014863126 0.974110305
1341846315.197984 -0.465788960 0.194288492 -0.017808605 0.016064843 0.219923213 0.010300645 0.975330532
1341846315.230076 -0.516001105 0.220227167 -0.020562137 0.016922690 0.228165194 0.009913858 0.973424852
1341846315.262069 -0.511215270 0.210085228 -0.024762167 0.012258542 0.224745974 0.013339690 0.974249005
1341846315.298000 -0.515065491 0.225207582 -0.020441698 0.013512746 0.222730085 0.013517811 0.974692762
1341846315.329931 -0.545188069 0.264955699 -0.010685574 0.025527287 0.227927461 0.012695413 0.973260641
1341846315.361981 -0.559160054 0.265055865 -0.011425857 0.030717295 0.229858577 0.014747576 0.972627342
1341846315.397962 -0.568396151 0.284258395 -0.004095856 0.037905473 0.232256055 0.016525835 0.971775293
1341846315.429923 -0.609151959 0.294040143 0.000494268 0.042144872 0.241279513 0.018621424 0.969361305
1341846315.466047 -0.645049274 0.309245169 0.005605139 0.045489956 0.251845568 0.019469365 0.966501713
1341846315.497883 -0.651338875 0.298960060 0.011237413 0.043569908 0.256072879 0.025480593 0.965338886
1341846315.530008 -0.645778418 0.301353514 0.011825673 0.044526357 0.256539136 0.026166406 0.965153039
1341846315.566108 -0.660239458 0.296951354 0.013928540 0.042732425 0.260576874 0.028480288 0.964086354
1341846315.597986 -0.649490654 0.295970589 0.014429126 0.042518314 0.260455728 0.027312964 0.964162409
1341846315.630109 -0.641561508 0.299153924 0.015034731 0.042965785 0.260770708 0.025925461 0.964095652
1341846315.666042 -0.678559482 0.321779191 0.018504255 0.045687761 0.268603593 0.023799609 0.961872339
1341846315.698114 -0.701877832 0.329670697 0.025421191 0.041008040 0.276425600 0.022846926 0.959888220
1341846315.733985 -0.680884659 0.314967155 0.021449115 0.036670584 0.275338739 0.025960980 0.960296810
1341846315.766041 -0.645644963 0.298186094 0.005566332 0.034545608 0.265618324 0.027714146 0.963060498
1341846315.798188 -0.646555960 0.306902319 0.013586484 0.034815259 0.266107351 0.026817415 0.962941170
1341846315.834140 -0.654252410 0.310489476 0.022711923 0.036575805 0.269958586 0.025292594 0.961844563
1341846315.866751 -0.650109053 0.314595044 0.015488014 0.039764542 0.269824982 0.023812475 0.961793244
1341846315.898492 -0.635678470 0.300755978 0.008018531 0.038273968 0.267224789 0.024901917 0.962551773
1341846315.936901 -0.635930538 0.307379484 0.016571436 0.042896219 0.269233823 0.022967745 0.961844862
1341846315.966572 -0.639066935 0.309493035 0.016820759 0.046768125 0.270440310 0.022048833 0.961347342
1341846316.034204 -0.635816932 0.313878894 0.002910752 0.050696637 0.267518938 0.019313084 0.962024212
1341846316.066113 -0.646876097 0.316761315 0.017442878 0.054488283 0.268819273 0.020778580 0.961423695
1341846316.101867 -0.646884739 0.314898133 0.018220130 0.055381898 0.266423464 0.021878641 0.962014973
1341846316.134066 -0.647793591 0.307191253 0.008527271 0.052333150 0.262161583 0.019892840 0.963398576
1341846316.202049 -0.676844835 0.304424465 0.032835223 0.052074451 0.261256099 0.015301071 0.963742375
1341846316.233979 -0.662971973 0.298024267 0.026551779 0.050446756 0.256895125 0.013617342 0.965025723
1341846316.270052 -0.681853771 0.292881399 0.031798147 0.047838666 0.260724425 0.010504876 0.964170039
1341846316.301915 -0.704342246 0.275524765 0.047548525 0.045663908 0.265472740 0.008690161 0.962997198
1341846316.334208 -0.717498541 0.293455601 0.049974967 0.050965797 0.265352935 0.009107790 0.962760270
1341846316.370006 -0.716569781 0.279130965 0.045196149 0.051699348 0.262898654 0.012885685 0.963351190
1341846316.401994 -0.708071351 0.277811497 0.048627567 0.053399988 0.259914994 0.014882758 0.964039028
1341846316.438069 -0.714380801 0.272233605 0.047599327 0.055521596 0.259490192 0.016726846 0.964003384
1341846316.470076 -0.700907826 0.261867076 0.053210475 0.058752898 0.255789191 0.017589282 0.964785337
1341846316.502034 -0.616813183 0.221537396 0.013302911 0.052233279 0.236244753 0.021030672 0.970060766
1341846316.537975 -0.585904241 0.210612804 0.009475281 0.046870731 0.227868721 0.018897455 0.972379506
1341846316.570121 -0.546810269 0.222083792 0.001239764 0.048788246 0.219457880 0.015618975 0.974276185
1341846316.601885 -0.531641543 0.222963735 0.006887220 0.051510230 0.215872154 0.014302306 0.974957108
1341846316.638009 -0.495403379 0.219467118 0.006052387 0.053546719 0.207534760 0.013731291 0.976664543
1341846316.669925 -0.462619960 0.214260995 0.002018465 0.055227831 0.200256348 0.011842645 0.978114069
1341846316.705941 -0.443438143 0.217328876 0.007573781 0.060626868 0.195997745 0.013865191 0.978630185
1341846316.738062 -0.423369557 0.212228104 -0.000832359 0.061542857 0.189992145 0.015807150 0.979727328
1341846316.770433 -0.419079036 0.188738644 -0.006305358 0.056032367 0.187048569 0.018524637 0.980576456
1341846316.805932 -0.370162070 0.191802502 -0.001588766 0.057667185 0.178642124 0.015338568 0.982102990
1341846316.838029 -0.342425764 0.196624264 -0.002409465 0.059805669 0.170342132 0.017301906 0.983416319
1341846316.870034 -0.323356926 0.192834899 -0.003419884 0.059793856 0.162191883 0.018313026 0.984775662
1341846316.906344 -0.323007792 0.191474617 -0.013679606 0.060156848 0.157766610 0.017844547 0.985480785
1341846316.937940 -0.310076922 0.169210047 -0.015688175 0.055333573 0.153123945 0.015450956 0.986535609
1341846316.973994 -0.308394313 0.174891964 -0.021134684 0.055511493 0.149523556 0.017722936 0.987039566
1341846317.005913 -0.312044948 0.181802571 -0.022842962 0.055931687 0.146218672 0.019002959 0.987487078
1341846317.037936 -0.313450634 0.184817255 -0.030437168 0.057618514 0.142061576 0.018345164 0.988009155
1341846317.073972 -0.336891145 0.184747741 -0.015812799 0.058930203 0.144781455 0.017739382 0.987547934
1341846317.106113 -0.356041461 0.178684086 -0.006674405 0.061133150 0.145100296 0.020587936 0.987311900
1341846317.137887 -0.361217856 0.185463399 -0.013647802 0.065812536 0.137171641 0.024245482 0.988061190
1341846317.173970 -0.357963890 0.179314703 -0.019902088 0.065133713 0.128195763 0.025016380 0.989291549
1341846317.205887 -0.380137831 0.174056947 -0.009568464 0.064478680 0.128539428 0.026820680 0.989242613
1341846317.248131 -0.406061530 0.180034131 -0.011093028 0.067493089 0.128506839 0.027893377 0.989015996
1341846317.306289 -0.418199003 0.177719265 -0.021184605 0.068448044 0.121186540 0.032334182 0.989739001
1341846317.348137 -0.427884668 0.168574184 -0.022594692 0.068716407 0.123220809 0.033157550 0.989441931
1341846317.410120 -0.453783602 0.182755306 -0.024586657 0.073892146 0.123885229 0.039251119 0.988762796
1341846317.442569 -0.463937014 0.175459817 -0.020812197 0.075646080 0.125521064 0.040789846 0.988361418
1341846317.474010 -0.472733349 0.178731203 -0.022974135 0.082524158 0.125523075 0.043047674 0.987714887
1341846317.509927 -0.479687154 0.179654643 -0.015197922 0.084622763 0.123597108 0.046088398 0.987642944
1341846317.542282 -0.476508439 0.183857709 -0.012459921 0.084571742 0.118888803 0.047846317 0.988141596
1341846317.573943 -0.483654171 0.175742209 -0.008161224 0.083177797 0.120622404 0.046489146 0.988114655
1341846317.610159 -0.509364724 0.170849800 0.001496367 0.085323595 0.126146764 0.045335807 0.987295091
1341846317.643553 -0.514554143 0.175359279 -0.000009467 0.088737138 0.124476023 0.049562942 0.987003088
1341846317.677993 -0.523977458 0.182002991 0.010802548 0.090882279 0.121229708 0.052686527 0.987050116
1341846317.709996 -0.520151794 0.178478077 0.000681241 0.092538998 0.117409788 0.051018644 0.987445474
1341846317.741834 -0.520713866 0.185208455 -0.002015735 0.093571402 0.115195438 0.051937204 0.987561166
1341846317.777923 -0.520776749 0.197239310 0.005036245 0.093887940 0.112717822 0.053746395 0.987720132
1341846317.810021 -0.522976696 0.188724592 0.012436269 0.091920435 0.110809855 0.050327063 0.988301098
1341846317.841886 -0.517819405 0.195798352 0.003305269 0.092342049 0.107756488 0.051569272 0.988535345
1341846317.878017 -0.490728825 0.191892996 -0.004220479 0.087942347 0.101805948 0.047602214 0.989765525
1341846317.909910 -0.484459609 0.192254126 -0.000231615 0.087557711 0.100925662 0.043658320 0.990071535
1341846317.946031 -0.463197529 0.192968249 0.001959618 0.089081831 0.096994743 0.045619197 0.990240037
1341846317.978041 -0.422525585 0.185319468 -0.000330073 0.089464903 0.087038204 0.042098928 0.991286099
1341846318.009897 -0.413727582 0.184984192 0.000071999 0.091638923 0.085381940 0.039151378 0.991352379
1341846318.045949 -0.407449722 0.172163680 -0.007407290 0.088774987 0.083937675 0.039192196 0.991734624
1341846318.078074 -0.382577270 0.165139928 -0.008072129 0.086280867 0.077082381 0.037434675 0.992578745
1341846318.109894 -0.343065947 0.158129424 -0.013200739 0.083818913 0.064505629 0.032308035 0.993866026
1341846318.145957 -0.335461050 0.157492250 -0.006600637 0.083210789 0.060499106 0.028892433 0.994274139
1341846318.178001 -0.332228869 0.159208581 -0.004886284 0.082932025 0.059469443 0.026504681 0.994426072
1341846318.214074 -0.311476797 0.155319124 -0.004419112 0.082749240 0.053294461 0.024044633 0.994853854
1341846318.245970 -0.283131510 0.156396329 -0.005432615 0.085936464 0.040853389 0.023462418 0.995186150
1341846318.278018 -0.288783222 0.157906875 -0.008658807 0.089818463 0.036141369 0.023717029 0.995019615
1341846318.313937 -0.262602925 0.166361630 -0.020272892 0.093210496 0.022546543 0.023868961 0.995104909
1341846318.345989 -0.249663100 0.167011186 -0.021032767 0.094582051 0.009592813 0.022299947 0.995221078
1341846318.382046 -0.244459048 0.169687226 -0.015657300 0.097480886 0.000433942 0.022377184 0.994985700
1341846318.414072 -0.232959479 0.178188100 -0.023551371 0.100517213 -0.010020765 0.024963586 0.994571626
1341846318.446035 -0.209989041 0.172543928 -0.018230716 0.101329595 -0.021121696 0.019536417 0.994436800
1341846318.482196 -0.204697996 0.168679982 -0.020988109 0.101504669 -0.025050096 0.018565468 0.994346380
1341846318.514144 -0.190420017 0.174941868 -0.026308466 0.102563232 -0.030695377 0.020512780 0.994041145
1341846318.546259 -0.210309535 0.169877455 -0.025113260 0.104057193 -0.028459148 0.021455888 0.993932545
1341846318.582042 -0.173436895 0.161989748 -0.029484466 0.102859110 -0.036981184 0.021200553 0.993782163
1341846318.614115 -0.171124026 0.162711978 -0.039195940 0.102435559 -0.039385471 0.021373646 0.993729830
1341846318.650038 -0.168837279 0.153104916 -0.040785819 0.100928381 -0.041598123 0.021313574 0.993795156
1341846318.682350 -0.179863974 0.150944710 -0.041621715 0.100277364 -0.041519679 0.020357838 0.993884385
1341846318.714063 -0.178155318 0.156815007 -0.058716748 0.101530626 -0.044977207 0.022532748 0.993559718
1341846318.749905 -0.193092808 0.161916822 -0.053448260 0.104067408 -0.043166190 0.026299210 0.993284941
1341846318.782036 -0.186730251 0.173227459 -0.070295542 0.107640393 -0.047739111 0.028369604 0.992637753
1341846318.814121 -0.195879787 0.175035089 -0.077171929 0.107575037 -0.053758617 0.026776796 0.992381275
1341846318.850072 -0.217407569 0.170415565 -0.074871741 0.107897080 -0.057834763 0.024381865 0.992178917
1341846318.883516 -0.241798207 0.171941638 -0.081952751 0.111064352 -0.062912829 0.022848684 0.991556644
1341846318.918047 -0.252306253 0.182626992 -0.085651554 0.115646116 -0.074354842 0.026110660 0.990159392
1341846318.950044 -0.258738518 0.175257877 -0.086909480 0.116449215 -0.084333718 0.020364542 0.989400148
1341846318.982028 -0.263551503 0.173756316 -0.090340048 0.117229059 -0.088177256 0.018574687 0.989008188
1341846319.018123 -0.253286302 0.188046709 -0.103549398 0.119906113 -0.097924262 0.022410274 0.987689853
1341846319.050745 -0.254885346 0.180459529 -0.093096010 0.120835021 -0.104556262 0.017727267 0.986991704
1341846319.081905 -0.281634510 0.172379792 -0.083776221 0.124690108 -0.100183561 0.014424978 0.987019539
1341846319.117976 -0.307108670 0.171815038 -0.089927524 0.126112774 -0.097788282 0.021259723 0.986955464
1341846319.150093 -0.341392398 0.164274827 -0.089594282 0.127188370 -0.098268911 0.027436487 0.986617267
1341846319.186069 -0.355164766 0.177130640 -0.101642631 0.129906148 -0.097415082 0.025736181 0.986393631
1341846319.218149 -0.385155201 0.183544770 -0.114605121 0.126924768 -0.089576274 0.025351251 0.987534046
1341846319.250034 -0.422333539 0.188442647 -0.118748412 0.121496327 -0.079736635 0.025862798 0.989045918
1341846319.286594 -0.456916839 0.186804891 -0.118230626 0.119737759 -0.072994381 0.030078458 0.989661574
1341846319.318034 -0.489676237 0.186548293 -0.125688940 0.120854028 -0.068097718 0.031828064 0.989820182
1341846319.350268 -0.514329612 0.177505493 -0.110774726 0.121308587 -0.066043779 0.039178856 0.989640057
1341846319.386163 -0.536881328 0.171435282 -0.118114479 0.122144178 -0.068555012 0.047873106 0.988983929
1341846319.418386 -0.547225475 0.180045292 -0.125104502 0.124607049 -0.072387666 0.047214173 0.988435090
1341846319.453961 -0.561108053 0.189171851 -0.131796315 0.126210764 -0.072535470 0.042296927 0.988443434
1341846319.486271 -0.564392149 0.188578725 -0.138141796 0.124267392 -0.074117422 0.044314176 0.988483965
1341846319.554083 -0.560295761 0.177800462 -0.133260846 0.118125543 -0.083230607 0.046420082 0.988415003
1341846319.586296 -0.586412430 0.172910362 -0.142135873 0.117091462 -0.079425164 0.042390462 0.989032030
1341846319.622031 -0.606221259 0.172960430 -0.157348752 0.115203723 -0.081393450 0.041390315 0.989136100
1341846319.653962 -0.610029936 0.162720650 -0.138088509 0.113863468 -0.086917579 0.039962888 0.988879919
1341846319.686352 -0.623451710 0.161823347 -0.138506636 0.115638621 -0.089771844 0.041317768 0.988363087
1341846319.721992 -0.643075526 0.180380851 -0.136299536 0.118757293 -0.092289664 0.041559093 0.987751067
1341846319.754063 -0.643393874 0.211951435 -0.135653466 0.119442709 -0.095642947 0.041121300 0.987367690
1341846319.786397 -0.648875058 0.202294379 -0.128833935 0.113671705 -0.095532089 0.045174744 0.987882435
1341846319.822008 -0.662291586 0.197477683 -0.138241172 0.109633617 -0.095298879 0.050238006 0.988116801
1341846319.853917 -0.658104897 0.199461862 -0.137846574 0.104791678 -0.097967833 0.054459669 0.988157451
1341846319.889942 -0.669027686 0.189895794 -0.115248263 0.101431616 -0.097750977 0.059213676 0.988256097
1341846319.922039 -0.684872329 0.168683216 -0.129929632 0.098402545 -0.100574434 0.061592259 0.988133669
1341846319.953946 -0.671265602 0.159378588 -0.132444546 0.097296722 -0.108872510 0.058102194 0.987574935
1341846319.990054 -0.677540243 0.162913665 -0.131618664 0.100923583 -0.110567488 0.050688289 0.987431049
1341846320.028122 -0.688828051 0.164568022 -0.133972958 0.103202231 -0.112735614 0.048855949 0.987042606
1341846320.090047 -0.659553707 0.189705715 -0.121877648 0.111441940 -0.123790495 0.047919702 0.984865606
1341846320.122011 -0.649259508 0.183203742 -0.142362475 0.110769987 -0.121445067 0.048382111 0.985210776
1341846320.157952 -0.638118923 0.183555052 -0.136925220 0.111117788 -0.119696662 0.048079420 0.985400438
1341846320.190003 -0.600465238 0.165127844 -0.122687601 0.111858107 -0.120659962 0.047408674 0.985231638
1341846320.221941 -0.606618345 0.173192710 -0.113974795 0.117717855 -0.115663327 0.047034338 0.985166132
1341846320.258015 -0.599547029 0.160413086 -0.123407111 0.119978696 -0.115034685 0.049765203 0.984832764
1341846320.289887 -0.559329927 0.151529491 -0.118098132 0.123933300 -0.120920636 0.051900383 0.983526886
1341846320.321954 -0.537024677 0.147341639 -0.117901176 0.132505044 -0.124102935 0.050860453 0.982066274
1341846320.357890 -0.526797771 0.165937215 -0.122832395 0.140106499 -0.123417482 0.049138170 0.981184900
1341846320.390064 -0.498379827 0.158970192 -0.136267856 0.140205771 -0.121829078 0.048987906 0.981376708
1341846320.426544 -0.443369985 0.156493843 -0.120252527 0.142730534 -0.119686559 0.045497060 0.981444418
1341846320.458122 -0.389260620 0.160966247 -0.104926944 0.144571126 -0.117457308 0.041499469 0.981621504
1341846320.490186 -0.318271190 0.161618114 -0.094516240 0.147883877 -0.117532611 0.039849695 0.981187284
1341846320.525911 -0.261851192 0.164775714 -0.086517677 0.151773170 -0.115061082 0.037525870 0.980977952
1341846320.558091 -0.225166336 0.177517414 -0.066661626 0.155039817 -0.113709003 0.032322161 0.980809987
1341846320.594093 -0.168828130 0.182057396 -0.050233006 0.157162815 -0.114368692 0.027275354 0.980548680
1341846320.631955 -0.143142730 0.183293730 -0.032481626 0.160789296 -0.108229749 0.024694026 0.980725944
1341846320.664916 -0.141246110 0.186589509 -0.035788916 0.161476225 -0.104572430 0.023671189 0.981035054
1341846320.699927 -0.147832617 0.186043650 -0.016247576 0.162745133 -0.100943446 0.022275433 0.981238127
1341846320.731822 -0.139255002 0.191106945 -0.018996624 0.165161535 -0.094868988 0.021663001 0.981454134
1341846320.763877 -0.124673963 0.208521023 -0.027928326 0.164319798 -0.092982516 0.022898566 0.981747866
1341846320.799999 -0.124155901 0.198155537 -0.017962558 0.156111419 -0.095020629 0.017853560 0.982996225
1341846320.831871 -0.091528095 0.191929042 -0.016117606 0.157908574 -0.086447641 0.011413272 0.983596206
1341846320.863887 -0.098360650 0.198064342 -0.004282877 0.157462791 -0.077439800 0.015603731 0.984360218
1341846320.900014 -0.071486764 0.190446198 0.021020137 0.149892136 -0.085512757 0.020264139 0.984788954
1341846320.931889 -0.034025881 0.183226079 0.014156187 0.150157750 -0.087461911 0.016248262 0.984651744
1341846320.967866 -0.092620678 0.212180763 -0.036547478 0.151226133 -0.074861452 0.016192744 0.985527396
1341846321.000017 -0.102888018 0.211199224 -0.045899861 0.144774854 -0.071916379 0.013571419 0.986754358
1341846321.031860 -0.067285225 0.205031499 -0.016986106 0.142759562 -0.074826390 0.010048024 0.986873746
1341846321.068047 -0.032820780 0.212781042 -0.013928644 0.144065484 -0.075180210 0.008047728 0.986675382
1341846321.099840 0.003410275 0.211293161 0.006102011 0.141402930 -0.078884579 0.010404285 0.986749291
1341846321.131821 0.037119724 0.204517141 0.019001264 0.141345739 -0.080420725 0.009114171 0.986646235
1341846321.167887 0.036472719 0.223663732 0.025920492 0.146998942 -0.075451024 0.009531645 0.986208737
1341846321.200042 0.078167625 0.231127962 0.042029873 0.148246571 -0.078584954 0.010182003 0.985770643
1341846321.231950 0.086758733 0.233690113 0.062823273 0.149032578 -0.077992998 0.009010150 0.985710502
1341846321.267939 0.116059594 0.240372971 0.074677870 0.151257932 -0.078345902 0.004485186 0.985374451
1341846321.299948 0.121778995 0.234818518 0.067715228 0.149278671 -0.073029444 -0.002381908 0.986091733
1341846321.331858 0.126474977 0.235816106 0.073962688 0.150252625 -0.070160627 -0.006318613 0.986134827
1341846321.367913 0.148175851 0.221640959 0.080926925 0.150686860 -0.068707503 -0.012011136 0.986117899
1341846321.399897 0.175063819 0.239521161 0.099748142 0.155644953 -0.066799894 -0.011606446 0.985483527
1341846321.435994 0.176183715 0.238843516 0.112641469 0.158052057 -0.063267656 -0.012993030 0.985316157
1341846321.467946 0.189443231 0.241696745 0.131431282 0.161034748 -0.061794415 -0.012539225 0.984932482
1341846321.499882 0.215347558 0.240618825 0.145939633 0.163031727 -0.060766421 -0.013031919 0.984661520
1341846321.536109 0.237134308 0.246976718 0.131071448 0.162963539 -0.056917988 -0.017126847 0.984840035
1341846321.568960 0.221270874 0.264713347 0.148835033 0.162651807 -0.048486225 -0.018781016 0.985312521
1341846321.603938 0.213915050 0.261469275 0.158104390 0.159837380 -0.044018380 -0.019314229 0.985972285
1341846321.637163 0.281942517 0.258786768 0.144992828 0.156166226 -0.045142125 -0.021140438 0.986472189
1341846321.668306 0.256876230 0.257357895 0.147380769 0.151193142 -0.033485267 -0.017847156 0.987775743
1341846321.704411 0.245220333 0.256358713 0.153987050 0.148189887 -0.032012541 -0.009209376 0.988397777
1341846321.736861 0.256296307 0.246630296 0.159372270 0.145273626 -0.035405636 -0.001950792 0.988755941
1341846321.771881 0.279919833 0.265292913 0.160741597 0.144381717 -0.037834093 0.002464829 0.988795459
1341846321.804114 0.284445554 0.264189452 0.156468108 0.140026748 -0.034642659 0.003576788 0.989535034
1341846321.836152 0.285147548 0.277451426 0.168171838 0.139185876 -0.032536317 0.003536356 0.989725292
1341846321.871882 0.278535008 0.286723375 0.172640592 0.135001019 -0.029614404 0.000457708 0.990402699
1341846321.904074 0.289450824 0.284357727 0.167615995 0.128409863 -0.028380791 -0.001985024 0.991313040
1341846321.939847 0.305731803 0.278005719 0.171738952 0.123676710 -0.027544251 -0.005904734 0.991922617
1341846322.004094 0.302772790 0.261990160 0.169699758 0.114029869 -0.028658722 -0.004639532 0.993053019
1341846322.066178 0.328130543 0.246581897 0.166404173 0.107925355 -0.025584275 -0.007740611 0.993799627
1341846322.107979 0.323710978 0.232226938 0.179214537 0.105208285 -0.023560556 -0.009265088 0.994127870
1341846322.166164 0.328273833 0.197143570 0.165896535 0.105395108 -0.024518058 -0.009175302 0.994085789
1341846322.202932 0.330299288 0.194631338 0.167766690 0.106572911 -0.027457017 -0.008593294 0.993888557
1341846322.234093 0.333293021 0.190228820 0.167942494 0.105227970 -0.028971588 -0.010668186 0.993968785
1341846322.265941 0.326112032 0.177599162 0.166004106 0.101996936 -0.030859875 -0.009766094 0.994257987
1341846322.301996 0.341902465 0.152405724 0.169494048 0.097708546 -0.034751460 -0.008415545 0.994572580
1341846322.333949 0.332456291 0.147123724 0.171574697 0.097367428 -0.035927162 -0.006561315 0.994578242
1341846322.369871 0.338499308 0.116740704 0.168588385 0.095575847 -0.041457579 -0.010133566 0.994506836
1341846322.402292 0.377359867 0.070637658 0.167525753 0.092641599 -0.044277143 -0.017735796 0.994556487
1341846322.433955 0.349718302 0.013158732 0.156907275 0.091418073 -0.039662994 -0.019336324 0.994834483
1341846322.470030 0.355720907 0.006741683 0.159785107 0.100212723 -0.045616172 -0.015067032 0.993805587
1341846322.502433 0.372936487 -0.022293329 0.153212950 0.103428125 -0.050519120 -0.010160391 0.993301153
1341846322.534002 0.376662225 -0.058168560 0.155324847 0.108383350 -0.051352523 -0.008457516 0.992745936
1341846322.570196 0.368563086 -0.085723281 0.149840325 0.114787512 -0.050658301 -0.006054962 0.992079079
1341846322.601920 0.359412163 -0.069594420 0.149773702 0.124579683 -0.053290132 -0.003440661 0.990771532
1341846322.638119 0.396034122 -0.102034450 0.155791819 0.126553610 -0.061124444 -0.002055189 0.990072608
1341846322.669947 0.411778539 -0.098467901 0.155501708 0.132702991 -0.059703141 -0.003265821 0.989350677
1341846322.702026 0.405490726 -0.120912835 0.149960741 0.133389384 -0.057924375 -0.000765820 0.989369273
1341846322.738006 0.407553971 -0.119409211 0.138401613 0.135183707 -0.060810819 0.000817607 0.988952339
1341846322.770087 0.411865413 -0.146293998 0.144654259 0.133542389 -0.060480453 0.001466261 0.989194810
1341846322.806047 0.395010978 -0.168417603 0.144566029 0.134319440 -0.058690049 0.004419310 0.989188731
1341846322.838063 0.393172503 -0.160430893 0.149045780 0.138499752 -0.063243456 0.005327756 0.988326728
1341846322.870081 0.411968559 -0.202734664 0.152680859 0.136321798 -0.070741102 0.005172103 0.988122165
1341846322.906018 0.419989258 -0.212320298 0.160004288 0.140687481 -0.072948679 0.005545537 0.987347364
1341846322.938349 0.416219145 -0.165038183 0.160412699 0.146992832 -0.071645819 0.006437680 0.986518383
1341846322.970069 0.419727594 -0.176177874 0.161218673 0.141457736 -0.072508097 0.008322377 0.987250268
1341846323.011820 0.441396266 -0.211600244 0.164401740 0.135325432 -0.075155206 0.008342358 0.987911522
1341846323.073951 0.446305841 -0.206728727 0.176019564 0.133027449 -0.076507278 0.014343322 0.988050938
1341846323.105962 0.445923030 -0.243740067 0.177376568 0.126557782 -0.076103479 0.012451717 0.988957226
1341846323.138158 0.444071770 -0.242787719 0.177853569 0.128024593 -0.075852849 0.008802623 0.988826931
1341846323.174092 0.442986310 -0.237194449 0.168929830 0.127011284 -0.076440334 0.007968030 0.988919377
1341846323.206059 0.440176010 -0.256052762 0.175125420 0.122247227 -0.075717382 0.004660246 0.989596248
1341846323.238053 0.446806192 -0.256627381 0.176912799 0.120241247 -0.073284119 0.001549251 0.990034878
1341846323.273997 0.413607270 -0.247411877 0.163495749 0.117198795 -0.069130741 0.003114572 0.990694582
1341846323.305946 0.405340791 -0.249470532 0.168630168 0.113254279 -0.071503028 0.002323831 0.990987062
1341846323.342027 0.466064066 -0.304598629 0.174151078 0.104658313 -0.076870278 0.000795398 0.991532624
1341846323.374048 0.421848506 -0.304971516 0.170429498 0.105774485 -0.068272531 0.002048041 0.992041528
1341846323.405987 0.435876846 -0.330130517 0.167862996 0.102360673 -0.076020665 0.008870413 0.991798639
1341846323.441956 0.450136960 -0.346891999 0.175629884 0.102245972 -0.081376284 0.010018407 0.991374493
1341846323.473878 0.450318575 -0.345028311 0.175012469 0.108783431 -0.079416998 0.008859412 0.990848422
1341846323.506129 0.451862782 -0.356663138 0.169391811 0.108799718 -0.080475315 0.007491373 0.990772545
1341846323.541972 0.464568555 -0.359318495 0.176138461 0.107352100 -0.081596956 0.003821738 0.990859628
1341846323.573913 0.510413408 -0.370710582 0.180527106 0.108202323 -0.082746170 -0.000395126 0.990679145
1341846323.609927 0.506702244 -0.364926428 0.178149506 0.110206686 -0.076811217 -0.002158681 0.990933836
1341846323.642014 0.474765331 -0.348494321 0.173594400 0.113514990 -0.071711875 -0.003623842 0.990938246
1341846323.674081 0.480707645 -0.375308394 0.175368235 0.110166937 -0.074526452 0.000777342 0.991114736
1341846323.710069 0.484539300 -0.412801355 0.167291015 0.107671954 -0.076269507 0.004502854 0.991246402
1341846323.742111 0.481169343 -0.423081398 0.175670281 0.112708189 -0.078633159 0.003713241 0.990504861
1341846323.774928 0.473782152 -0.463787228 0.165027902 0.109291442 -0.079110734 0.000049535 0.990856647
1341846323.810012 0.457494050 -0.483349085 0.164265007 0.108590782 -0.077749878 -0.003975037 0.991033435
1341846323.842207 0.457041889 -0.494047016 0.165692627 0.109134264 -0.077330194 -0.008764643 0.990975797
1341846323.878019 0.476558447 -0.541704655 0.167592615 0.103773125 -0.081897646 -0.011840387 0.991152704
1341846323.909826 0.463919699 -0.561882854 0.159049496 0.106133819 -0.081408978 -0.016921274 0.990869224
1341846323.942459 0.462774575 -0.552896202 0.156965673 0.111096650 -0.081635550 -0.015282520 0.990333080
1341846323.978055 0.462791860 -0.559510827 0.165897861 0.112899944 -0.085668512 -0.012709307 0.989824712
1341846324.015934 0.465572745 -0.573408723 0.159967780 0.115172133 -0.087315068 -0.014205185 0.989398658
1341846324.047722 0.488839030 -0.570464313 0.155780002 0.118473649 -0.088837124 -0.014194644 0.988873363
1341846324.083904 0.488029331 -0.539380312 0.158504769 0.121570386 -0.087043688 -0.013851077 0.988661826
1341846324.115968 0.488653392 -0.527928114 0.161096692 0.121238194 -0.085303657 -0.015512520 0.988829613
1341846324.151967 0.481142610 -0.515219152 0.162656084 0.122707933 -0.080780074 -0.021737732 0.988910973
1341846324.183941 0.478634447 -0.488820136 0.166226864 0.122536466 -0.076597109 -0.025393238 0.989177883
1341846324.219984 0.469653785 -0.478246093 0.160253212 0.118957907 -0.073132053 -0.023927115 0.989913225
1341846324.251968 0.487788558 -0.507378340 0.159132138 0.113845602 -0.076276764 -0.024453141 0.990264177
1341846324.284052 0.483420312 -0.474701107 0.164022759 0.117957875 -0.077042021 -0.025304804 0.989702046
1341846324.319880 0.483807445 -0.461917907 0.168639138 0.116078325 -0.081352316 -0.024240488 0.989606023
1341846324.351917 0.448758096 -0.423396438 0.160307705 0.116466843 -0.078468010 -0.027467938 0.989708960
1341846324.388001 0.473677427 -0.396962851 0.158305779 0.115725294 -0.080475256 -0.030565487 0.989543915
1341846324.419908 0.485295743 -0.384503663 0.158458278 0.111538723 -0.080161914 -0.033238538 0.989963830
1341846324.452027 0.451687604 -0.352980196 0.170562685 0.110984646 -0.075269714 -0.033289127 0.990408361
1341846324.487928 0.463377088 -0.353484452 0.175365105 0.108276762 -0.078078881 -0.031593159 0.990546167
1341846324.519985 0.454897135 -0.347637683 0.169551045 0.105308458 -0.080070920 -0.025319615 0.990887344
1341846324.556001 0.447176099 -0.301734298 0.171907231 0.108137526 -0.084006764 -0.022496067 0.990324736
1341846324.587888 0.422635674 -0.274371535 0.165905789 0.107037522 -0.082790904 -0.022735378 0.990541160
1341846324.620086 0.437949181 -0.266799241 0.175439417 0.105582796 -0.087691046 -0.025199059 0.990215957
1341846324.655955 0.424419671 -0.237541765 0.175976560 0.107243426 -0.085948877 -0.026481779 0.990156710
1341846324.688082 0.410389543 -0.247533754 0.177700147 0.104128338 -0.084187277 -0.025959909 0.990654290
1341846324.755922 0.396907628 -0.165837318 0.183414206 0.112696759 -0.086863331 -0.020485828 0.989613354
1341846324.814016 0.411681205 -0.123317584 0.168344125 0.110366575 -0.091869749 -0.025724666 0.989301503
1341846324.849979 0.406062037 -0.110587381 0.182384536 0.105460770 -0.088887356 -0.028604046 0.990029752
1341846324.881924 0.399275094 -0.106199250 0.189383686 0.102382727 -0.090190873 -0.028409889 0.990240514
1341846324.913902 0.395153403 -0.090358369 0.186426908 0.102152616 -0.090585709 -0.026766518 0.990274012
1341846324.949999 0.392207384 -0.093227036 0.195988327 0.102093667 -0.090683863 -0.023340546 0.990357816
1341846324.981922 0.375877231 -0.087474607 0.190122560 0.106006697 -0.091727026 -0.019279422 0.989937901
1341846325.018013 0.357232362 -0.049217340 0.187590197 0.114424832 -0.093927115 -0.017574450 0.988825440
1341846325.050079 0.373519123 -0.024016924 0.177287221 0.118030936 -0.101726390 -0.018086215 0.987620056
1341846325.081901 0.350974768 0.009317921 0.178566709 0.120064601 -0.102874301 -0.021826334 0.987180412
1341846325.118531 0.363630146 0.017345022 0.171145722 0.115599461 -0.105154134 -0.023851557 0.987426221
1341846325.149933 0.361398339 0.024837311 0.179029897 0.110639729 -0.102496348 -0.027377473 0.988182127
1341846325.181925 0.362420499 0.033877779 0.181341931 0.107838176 -0.102039687 -0.024127373 0.988623738
1341846325.218055 0.357563198 0.052710362 0.188118920 0.106397942 -0.101329982 -0.020884408 0.988926530
1341846325.249811 0.356228411 0.065407284 0.185386106 0.104840115 -0.101667710 -0.016495664 0.989141107
1341846325.285925 0.358707458 0.078020833 0.189067289 0.103156179 -0.102280654 -0.014378598 0.989288032
1341846325.317988 0.381882370 0.070065528 0.197638646 0.099475555 -0.102760896 -0.012132686 0.989645183
1341846325.349844 0.362387002 0.068813190 0.204339176 0.102704287 -0.095491350 -0.010113935 0.990066111
1341846325.387302 0.362111360 0.083977044 0.209314570 0.108454168 -0.092986055 -0.007234269 0.989716589
1341846325.417931 0.396406561 0.094843030 0.206199378 0.111623384 -0.092534713 -0.003651976 0.989426196
1341846325.450747 0.390253037 0.081221230 0.212183177 0.114664502 -0.083248459 -0.001360063 0.989909112
1341846325.485954 0.359983802 0.123112746 0.218698531 0.128791198 -0.072363757 0.000952743 0.989027500
1341846325.517875 0.360853463 0.148783043 0.215305686 0.135256320 -0.070367195 0.002007769 0.988306761
1341846325.553859 0.367102176 0.157207862 0.225948438 0.139203280 -0.067579091 0.003138867 0.987950265
1341846325.585855 0.343732655 0.198220134 0.223573059 0.145926565 -0.061476875 0.000512310 0.987383306
1341846325.617990 0.345322251 0.212547168 0.206607357 0.142717078 -0.059296761 0.000779884 0.987985432
1341846325.653982 0.334411144 0.193532929 0.217195258 0.138736427 -0.055876218 -0.003284538 0.988746345
1341846325.685819 0.329616785 0.193784192 0.217869848 0.143860474 -0.053981435 -0.002267276 0.988121986
1341846325.717857 0.315578818 0.219835907 0.223778725 0.150962248 -0.051633164 0.003708412 0.987183213
1341846325.754083 0.314580202 0.214827016 0.210645586 0.151774302 -0.052260958 0.008484836 0.986996174
1341846325.786087 0.328429908 0.225208819 0.224852636 0.159793705 -0.053618047 0.009946415 0.985643029
1341846325.821856 0.312983721 0.259199709 0.228268698 0.167589501 -0.050064057 0.009866868 0.984535456
1341846325.853827 0.296391308 0.269363821 0.228049487 0.168994322 -0.047975861 0.013788712 0.984352112
1341846325.885958 0.284389049 0.297635972 0.229874149 0.171798900 -0.049506538 0.020067489 0.983682692
1341846325.921984 0.301212788 0.301912546 0.242287099 0.171201468 -0.056391738 0.023622751 0.983337224
1341846325.953899 0.317455053 0.303460509 0.243324488 0.173592165 -0.058161233 0.025916325 0.982757032
1341846325.985823 0.320863187 0.320743591 0.247390226 0.176946387 -0.056358099 0.031576492 0.982098162
1341846326.021991 0.307712585 0.317538828 0.241268665 0.178681910 -0.054921322 0.037144843 0.981670380
1341846326.054055 0.317805439 0.351790339 0.257993311 0.188103899 -0.057463974 0.040522445 0.979628921
1341846326.089984 0.334737241 0.388095349 0.267750889 0.194563553 -0.057635248 0.039058223 0.978415906
1341846326.121822 0.323199272 0.407345206 0.273957789 0.196420714 -0.051695317 0.036196720 0.978486776
1341846326.154079 0.323557943 0.406818032 0.279437274 0.196412206 -0.049780980 0.036643714 0.978571117
1341846326.190178 0.310299009 0.432683289 0.279992551 0.201031372 -0.048297748 0.039064407 0.977613270
1341846326.222162 0.305397749 0.458619833 0.282429010 0.201978475 -0.049981527 0.045284074 0.977065027
1341846326.259181 0.295498133 0.467428684 0.286725909 0.196937680 -0.052157067 0.051328160 0.977681279
1341846326.322766 0.289323479 0.516288459 0.296806574 0.195402279 -0.050420921 0.045774959 0.978355944
1341846326.359773 0.301891834 0.523908198 0.300739825 0.191876799 -0.050857339 0.046166539 0.979012489
1341846326.392109 0.311217338 0.512730777 0.312059671 0.189384669 -0.050357085 0.047147404 0.979476750
1341846326.423985 0.287000775 0.522996843 0.317684472 0.194370046 -0.046726491 0.051557485 0.978457391
1341846326.459869 0.286460787 0.550283790 0.318266928 0.198721871 -0.050142825 0.056265067 0.977153838
1341846326.526163 0.324818164 0.595646560 0.339042366 0.202648357 -0.053462274 0.056185529 0.976175487
1341846326.560211 0.310045123 0.619170547 0.347896367 0.200438127 -0.047761369 0.055833776 0.976947308
1341846326.591828 0.297870547 0.626529157 0.346462011 0.196746767 -0.043412566 0.056336220 0.977871358
1341846326.627027 0.303806156 0.643951595 0.351369679 0.197192177 -0.042375736 0.057622641 0.977752149
1341846326.658442 0.312824577 0.667647302 0.354839474 0.196357206 -0.040083911 0.060428143 0.977847457
1341846326.694856 0.304097474 0.683301806 0.363445193 0.193466723 -0.035970181 0.061997570 0.978485107
1341846326.726206 0.305698097 0.701880932 0.373094171 0.188808858 -0.034497757 0.057958324 0.979694843
1341846326.762753 0.315275133 0.730617821 0.379769713 0.185737953 -0.032592166 0.056014787 0.980459869
1341846326.826821 0.289892733 0.743368387 0.382800370 0.168717310 -0.022535572 0.052141957 0.984026372
1341846326.858887 0.306402802 0.722413063 0.384504199 0.156973690 -0.024069488 0.051894195 0.985944688
1341846326.895360 0.306519300 0.728689790 0.389712900 0.156273142 -0.025836090 0.055286340 0.985826910
1341846326.926897 0.305184901 0.755641341 0.399723172 0.162080169 -0.030280249 0.054749362 0.984792173
1341846326.958888 0.307275355 0.765207648 0.397909731 0.163594872 -0.031881146 0.057491452 0.984334886
1341846326.994594 0.321853876 0.777422011 0.398289621 0.163916320 -0.033873308 0.059804291 0.984076977
1341846327.026301 0.310733050 0.777816117 0.400809526 0.158951864 -0.029967774 0.057144687 0.985175490
1341846327.063945 0.264327765 0.798692465 0.391863197 0.159163952 -0.019656345 0.052089982 0.985681057
1341846327.094662 0.305176556 0.802914202 0.418663591 0.158428848 -0.023862349 0.050779171 0.985775054
1341846327.128901 0.293369979 0.798719168 0.414011657 0.154659018 -0.021925265 0.050090395 0.986453712
1341846327.161940 0.300307155 0.802260339 0.417839706 0.152120739 -0.024112048 0.049584940 0.986822844
1341846327.193867 0.271500230 0.824300408 0.408629358 0.154786646 -0.017077575 0.046415180 0.986709237
1341846327.229885 0.242726177 0.862708807 0.400298119 0.160809010 -0.008494971 0.044373486 0.985950947
1341846327.262014 0.192050025 0.867511749 0.386277318 0.159238249 0.007438443 0.038558569 0.986458898
1341846327.294023 0.133118883 0.879499912 0.380917102 0.164717004 0.031294066 0.034016162 0.985257328
1341846327.330015 0.114178635 0.889319360 0.360335559 0.164681017 0.044332005 0.029330695 0.984913468
1341846327.361939 0.090905257 0.918857872 0.352738529 0.164261445 0.051456437 0.023505637 0.984793365
1341846327.393887 0.074447453 0.936626852 0.345584631 0.164814338 0.056135673 0.018477311 0.984552503
1341846327.429966 0.022795320 0.945410132 0.323177814 0.159342110 0.065496624 0.014807886 0.984937072
1341846327.461965 0.003997582 0.923336625 0.308090538 0.143127948 0.063195661 0.009159965 0.987642050
1341846327.497931 -0.039560780 0.918178797 0.318991721 0.138162136 0.070870668 0.005869764 0.987853348
1341846327.530068 -0.086249329 0.921696007 0.314906776 0.134279668 0.078807659 0.007954095 0.987772822
1341846327.561895 -0.145824999 0.923477292 0.330724657 0.132079318 0.085765824 0.013296626 0.987432301
1341846327.598010 -0.167180955 0.931939781 0.336817801 0.134711161 0.086103171 0.016358919 0.987001359
1341846327.629945 -0.148470044 0.927024662 0.333405048 0.130385041 0.077191211 0.015992451 0.988324583
1341846327.662003 -0.174342513 0.920524299 0.342865378 0.128902584 0.080045417 0.012350212 0.988344252
1341846327.697919 -0.199179858 0.941589534 0.326473892 0.131083786 0.083671428 0.013046614 0.987747908
1341846327.730075 -0.245098665 0.938823402 0.326929510 0.122016080 0.090011843 0.013653887 0.988343835
1341846327.766017 -0.282732248 0.945168138 0.321859896 0.117499813 0.095688038 0.015085050 0.988336980
1341846327.797917 -0.290476114 0.944454193 0.326258212 0.108144537 0.096573055 0.015975593 0.989304423
1341846327.830054 -0.295528114 0.953280330 0.329940230 0.102345005 0.097417995 0.016249204 0.989833951
1341846327.865944 -0.305131346 0.958581030 0.334443927 0.098705761 0.101684466 0.016740419 0.989766240
1341846327.898010 -0.310593724 0.967434466 0.343725592 0.095107839 0.103074439 0.017588850 0.989960015
1341846327.929991 -0.310068309 0.975199342 0.345049560 0.090210870 0.101904303 0.015325695 0.990576923
1341846327.966065 -0.305580437 0.984347582 0.336966842 0.084782220 0.101845235 0.013587217 0.991087735
1341846327.998073 -0.333181143 0.982212186 0.345297843 0.075931251 0.108318307 0.010937859 0.991151869
1341846328.034045 -0.322848350 0.992941439 0.345629066 0.071102343 0.108208597 0.009182900 0.991539717
1341846328.065993 -0.328422695 0.989749908 0.345700055 0.064882994 0.109884359 0.010103053 0.991772950
1341846328.098045 -0.332575589 0.986536622 0.343799949 0.064898290 0.110543668 0.013741978 0.991654932
1341846328.133967 -0.353128880 0.986107588 0.350778937 0.068526231 0.112848729 0.016348369 0.991111577
1341846328.166023 -0.339414269 0.975689650 0.345230550 0.066271238 0.106578603 0.018650910 0.991917968
1341846328.198018 -0.343304902 0.971327126 0.348712772 0.067525394 0.104568541 0.015396379 0.992103219
1341846328.234044 -0.344201356 0.957795918 0.336847275 0.069216192 0.103280954 0.013905783 0.992143512
1341846328.265899 -0.368450224 0.945999742 0.340035498 0.071238734 0.105573662 0.014558580 0.991749644
1341846328.302051 -0.351372838 0.954835236 0.340148866 0.079944618 0.102120660 0.016374122 0.991419256
1341846328.333917 -0.386044055 0.935824215 0.346285373 0.082871877 0.107506871 0.018025294 0.990580499
1341846328.366008 -0.414676398 0.912304103 0.374480188 0.086898305 0.111555263 0.016475458 0.989814460
1341846328.402010 -0.468864620 0.884940863 0.383929491 0.097642757 0.122964278 0.017963145 0.987432539
1341846328.433920 -0.470071912 0.864795327 0.383080095 0.100020796 0.121384829 0.016627533 0.987413347
1341846328.470003 -0.497801214 0.853743672 0.399159908 0.101416990 0.125983268 0.009670774 0.986787379
1341846328.502194 -0.520612597 0.855365753 0.412079275 0.108446613 0.133270025 0.000318904 0.985128641
1341846328.534033 -0.556842148 0.835036635 0.423674852 0.109236173 0.143287569 -0.004013794 0.983626008
1341846328.570125 -0.574859560 0.826385915 0.437926829 0.114466973 0.147564515 -0.003056785 0.982401490
1341846328.602804 -0.583243310 0.823048055 0.450917482 0.124137878 0.143115059 0.001101210 0.981889307
1341846328.672663 -0.562165856 0.815383017 0.445527285 0.138867453 0.126546979 -0.005092388 0.982179105
1341846328.702975 -0.584477544 0.790423214 0.457037985 0.139588445 0.128498152 -0.007784442 0.981805861
1341846328.770129 -0.577401519 0.783862233 0.443658590 0.152783602 0.123878174 -0.012629425 0.980383515
1341846328.802331 -0.562638700 0.769621134 0.450403899 0.154372200 0.117981315 -0.011758321 0.980872750
1341846328.838051 -0.571421504 0.763493836 0.442692459 0.159148499 0.118053168 -0.017068328 0.980022371
1341846328.869939 -0.578456163 0.771393955 0.444775730 0.161176369 0.118405230 -0.018593330 0.979620695
1341846328.904486 -0.569932222 0.748917401 0.440755427 0.154776201 0.113295592 -0.017433299 0.981277049
1341846328.939814 -0.568082452 0.735453248 0.437341422 0.160446033 0.110601440 -0.017102033 0.980679333
1341846328.970217 -0.572343588 0.732100844 0.431175739 0.164369345 0.108516417 -0.013437758 0.980319560
1341846329.006232 -0.578022122 0.726264358 0.435291678 0.166683242 0.107151739 -0.009879444 0.980121195
1341846329.038243 -0.577674031 0.703085124 0.437933594 0.169249356 0.107157104 -0.009885988 0.979680717
1341846329.106125 -0.573759019 0.719167113 0.422351718 0.175575361 0.105357222 -0.012129427 0.978736937
1341846329.138340 -0.575646520 0.714412868 0.424158245 0.179160774 0.104921944 -0.013370787 0.978117585
1341846329.169991 -0.574439168 0.710674524 0.417566419 0.180213377 0.103545718 -0.014281505 0.978058040
1341846329.208656 -0.563092828 0.705892801 0.416344047 0.181189805 0.100673504 -0.014820434 0.978169441
1341846329.238169 -0.563741565 0.704802752 0.412927777 0.180805758 0.099738143 -0.014416523 0.978342354
1341846329.273827 -0.556078374 0.691256404 0.409618527 0.178654417 0.097215541 -0.012861889 0.979012907
1341846329.306052 -0.567973614 0.686004519 0.402994126 0.178615972 0.096736133 -0.015235019 0.979033411
1341846329.338104 -0.557322025 0.686633945 0.399795920 0.174798027 0.093925387 -0.016423976 0.979976535
1341846329.373907 -0.562325597 0.664102197 0.393564850 0.170531899 0.094028145 -0.017933920 0.980691612
1341846329.405985 -0.556143880 0.652848125 0.385969192 0.170717344 0.091563039 -0.020842807 0.980835080
1341846329.442057 -0.554987252 0.655031800 0.385231823 0.170656070 0.091623753 -0.025092667 0.980740547
1341846329.473950 -0.572607875 0.640803933 0.380395055 0.168824956 0.093764134 -0.031770580 0.980661571
1341846329.506147 -0.577458978 0.645882010 0.381166220 0.170579508 0.092634015 -0.034244116 0.980382025
1341846329.542121 -0.562393963 0.632400334 0.369653016 0.167976141 0.086117640 -0.034606773 0.981412292
1341846329.574086 -0.567065835 0.607830226 0.365328699 0.168594375 0.085053317 -0.035374384 0.981371760
1341846329.606387 -0.578678429 0.603830993 0.358116120 0.170156449 0.086620897 -0.037366774 0.980891109
1341846329.641955 -0.585336566 0.601152062 0.357046425 0.170324862 0.085729666 -0.036908127 0.980957568
1341846329.681570 -0.592479050 0.579798460 0.356388509 0.167711705 0.083900854 -0.036891002 0.981566370
1341846329.748113 -0.585317016 0.586334586 0.353786856 0.171728611 0.083308607 -0.039703559 0.980812252
1341846329.810175 -0.605711937 0.553480387 0.353789777 0.167935759 0.089246295 -0.034842420 0.981131315
1341846329.842255 -0.614723682 0.540856898 0.353322774 0.168703303 0.090347216 -0.031825371 0.981001377
1341846329.874044 -0.613118112 0.531414092 0.347553283 0.170633510 0.089090705 -0.028732251 0.980877936
1341846329.910073 -0.623803139 0.547352314 0.352384001 0.173438907 0.090566628 -0.026182637 0.980321944
1341846329.942009 -0.619739294 0.551128328 0.356672019 0.170741111 0.088600054 -0.021434834 0.981090248
1341846329.978087 -0.611204803 0.524066269 0.340597898 0.167430773 0.086578846 -0.020234084 0.981866419
1341846330.016305 -0.608868659 0.542711675 0.348821342 0.171956390 0.087947421 -0.021081012 0.980944395
1341846330.048192 -0.619930506 0.545836806 0.344130129 0.167768985 0.090297975 -0.020126613 0.981475830
1341846330.080418 -0.616656482 0.512521625 0.337355644 0.160607114 0.089468695 -0.017363660 0.982801735
1341846330.115886 -0.614458323 0.511706054 0.333430231 0.165932983 0.090312831 -0.016159944 0.981859803
1341846330.147839 -0.629424393 0.544166565 0.338334233 0.172539428 0.092054792 -0.014809692 0.980579853
1341846330.181257 -0.625694692 0.555438459 0.342402488 0.168330133 0.091264345 -0.012386001 0.981418550
1341846330.215852 -0.617895663 0.539611280 0.334812164 0.161247075 0.090820052 -0.013577928 0.982632637
1341846330.247833 -0.603847742 0.527735531 0.329234511 0.157798469 0.088059291 -0.013132093 0.983449399
1341846330.283913 -0.616594672 0.526071787 0.328837544 0.151633173 0.089790516 -0.008869201 0.984310150
1341846330.316011 -0.613903165 0.537925422 0.332541198 0.149788320 0.088372104 -0.012167061 0.984685659
1341846330.347868 -0.612856269 0.523205996 0.327721834 0.145944968 0.086149193 -0.012063478 0.985460758
1341846330.383835 -0.612822890 0.520756125 0.325133592 0.143955290 0.086300895 -0.011184451 0.985750437
1341846330.415934 -0.616965294 0.498712182 0.324298710 0.141571596 0.087935269 -0.013072501 0.985927999
1341846330.452561 -0.629012704 0.511444330 0.326764286 0.146914035 0.088873297 -0.014819701 0.985037148
1341846330.483903 -0.626381397 0.514726400 0.320865303 0.146839172 0.085577540 -0.012059385 0.985377789
1341846330.515970 -0.622466683 0.512113094 0.321693689 0.146571398 0.082103826 -0.008598453 0.985749424
1341846330.552099 -0.621999145 0.517582297 0.319989204 0.149660647 0.080592059 -0.006945796 0.985423028
1341846330.583876 -0.619034410 0.497717500 0.307428986 0.143467098 0.079351544 -0.006951270 0.986444235
1341846330.619992 -0.644700408 0.520701647 0.312286824 0.141681865 0.082025222 -0.008401504 0.986472309
1341846330.652136 -0.625234604 0.505010009 0.306134582 0.133127049 0.077691101 -0.008081451 0.988016188
1341846330.683796 -0.625307322 0.509207129 0.303978980 0.129654825 0.077502385 -0.007627305 0.988496304
1341846330.719991 -0.639631867 0.488196164 0.292167097 0.124719679 0.076340258 -0.006171154 0.989231586
1341846330.752103 -0.644161522 0.484505773 0.285260618 0.126686066 0.071943760 -0.002733225 0.989326715
1341846330.787952 -0.651296973 0.496721417 0.280857146 0.128953874 0.067000635 0.000927683 0.989384174
1341846330.819823 -0.653449774 0.492054582 0.285431117 0.127808750 0.063107394 -0.000078351 0.989789069
1341846330.852208 -0.654911816 0.514419913 0.283401340 0.130072996 0.061917856 0.000022708 0.989569247
1341846330.914111 -0.652086437 0.531545818 0.283980131 0.121944584 0.057833243 0.000129191 0.990850568
1341846330.949903 -0.661664128 0.514266670 0.281857878 0.117294990 0.057574667 -0.001157997 0.991426110
1341846330.981986 -0.667661607 0.527390897 0.276517510 0.119882099 0.052930530 -0.001625181 0.991374850
1341846331.014111 -0.667809427 0.530449271 0.280798286 0.119289570 0.049021836 -0.000208601 0.991648555
1341846331.082139 -0.677294195 0.518655241 0.269283563 0.118477926 0.047769114 -0.004062261 0.991798699
1341846331.114334 -0.678973615 0.538632095 0.268454880 0.121441722 0.045331851 -0.005257874 0.991549015
1341846331.149989 -0.674903989 0.511288106 0.264942259 0.117785670 0.044179767 -0.006058375 0.992037296
1341846331.181954 -0.680741608 0.516429007 0.260034412 0.121618725 0.044071525 -0.007418653 0.991570294
1341846331.218151 -0.694457591 0.534781873 0.253751427 0.122685693 0.042389151 -0.005519595 0.991524577
1341846331.249914 -0.683142126 0.561621010 0.264090568 0.126501337 0.040294711 -0.009212726 0.991104901
1341846331.318141 -0.724835277 0.541450799 0.249094576 0.133053824 0.057701021 -0.015149203 0.989311755
1341846331.349926 -0.752323568 0.520833433 0.234087542 0.127687082 0.066294722 -0.018531289 0.989422858
1341846331.382003 -0.815132260 0.482552826 0.231029093 0.125310391 0.087523125 -0.022259422 0.987998784
1341846331.418008 -0.803511322 0.522663414 0.232750788 0.139241174 0.092577174 -0.018707229 0.985744059
1341846331.450327 -0.822672904 0.535096884 0.231829554 0.141869858 0.099425197 -0.013102597 0.984792352
1341846331.486219 -0.841625512 0.537611604 0.237496242 0.141971499 0.104179874 -0.011458574 0.984306574
1341846331.518344 -0.861117840 0.518481791 0.228972331 0.137384564 0.110082678 -0.016118834 0.984249711
1341846331.550202 -0.884512722 0.521123588 0.240916535 0.141406149 0.119854264 -0.016026579 0.982538819
1341846331.586139 -0.907622278 0.540011227 0.248945519 0.145264030 0.123795606 -0.012928211 0.981532395
1341846331.617931 -0.903714299 0.541725755 0.254654288 0.144798607 0.124183141 -0.013658724 0.981542349
1341846331.654027 -0.888199449 0.559997320 0.262052506 0.149262279 0.125124037 -0.013536775 0.980755627
1341846331.686123 -0.884816051 0.586342156 0.271976411 0.155936196 0.126759648 -0.011947419 0.979527056
1341846331.717954 -0.856017470 0.603036165 0.266258299 0.154787645 0.120221280 -0.012167969 0.980530262
1341846331.754076 -0.848633051 0.591759622 0.278367251 0.152565509 0.121974282 -0.014924841 0.980623960
1341846331.785920 -0.874981105 0.596319914 0.303975463 0.157065898 0.130447596 -0.014130490 0.978833020
1341846331.818053 -0.884750962 0.594008565 0.313402057 0.156057075 0.133412912 -0.013680511 0.978601098
1341846331.853849 -0.893215775 0.595433772 0.318945616 0.155416906 0.136317238 -0.015854387 0.978269815
1341846331.885987 -0.915950119 0.590105712 0.333651334 0.157826677 0.144261047 -0.017870877 0.976708829
1341846331.922014 -0.912637413 0.585634410 0.338360876 0.158268020 0.147164926 -0.018958211 0.976183534
1341846331.954037 -0.915839136 0.582256496 0.354554832 0.158376306 0.151640683 -0.016862847 0.975519180
1341846331.986135 -0.933276713 0.574317992 0.359175295 0.161653519 0.161178127 -0.014696464 0.973485410
1341846332.022364 -0.948528528 0.570539355 0.378669769 0.168882519 0.167859331 -0.015116272 0.971119702
1341846332.054175 -0.951448619 0.573598146 0.376758367 0.175092325 0.167722180 -0.015568991 0.970035911
1341846332.086502 -0.954285979 0.577124059 0.389043570 0.178450301 0.169260010 -0.015051356 0.969164610
1341846332.122051 -0.949020565 0.580719829 0.403942674 0.180655032 0.170348927 -0.015164627 0.968563437
1341846332.153983 -0.963574290 0.568442523 0.408619612 0.174723312 0.173356608 -0.017234126 0.969083250
1341846332.190165 -0.990794539 0.563989997 0.406908154 0.166384563 0.177153379 -0.018397361 0.969842434
1341846332.254145 -0.996271670 0.565288365 0.448138744 0.171452522 0.181229070 -0.023297215 0.968099833
1341846332.289948 -0.989354968 0.564714789 0.452348739 0.173389301 0.179728851 -0.021933427 0.968066454
1341846332.322172 -1.003711581 0.573431969 0.462486327 0.176370025 0.182040378 -0.021511676 0.967105091
1341846332.354003 -0.975631118 0.544419587 0.455679476 0.173740178 0.180487961 -0.023956863 0.967814326
1341846332.390180 -1.003430724 0.544587314 0.455794901 0.172670603 0.189679489 -0.025725635 0.966201246
1341846332.422055 -1.034320951 0.524073124 0.473225355 0.166254431 0.198635116 -0.028635314 0.965444803
1341846332.458114 -1.049831986 0.520959616 0.481621802 0.165212378 0.204951316 -0.031166581 0.964224279
1341846332.489993 -1.049782991 0.513105631 0.506144762 0.165427163 0.207599953 -0.028843852 0.963692963
1341846332.522130 -1.060164809 0.518623352 0.503453314 0.165269211 0.204587013 -0.024827706 0.964475989
1341846332.558114 -1.072756290 0.511458099 0.527854443 0.167032957 0.201693505 -0.018170865 0.964929819
1341846332.589874 -1.034855127 0.501376271 0.518266022 0.164264679 0.192194194 -0.012179723 0.967434824
1341846332.621889 -1.018733382 0.519306064 0.504235089 0.162197679 0.187151223 -0.011808056 0.968775988
1341846332.658202 -1.024025202 0.511397839 0.510802746 0.156467929 0.190804064 -0.013942310 0.968977451
1341846332.690001 -1.030285597 0.511186600 0.520327687 0.154564485 0.192979723 -0.013206569 0.968862355
1341846332.726000 -1.033872962 0.518206596 0.538932562 0.157316238 0.193042800 -0.008805756 0.968456805
1341846332.758386 -1.033910990 0.512839556 0.532397866 0.155576125 0.189970165 -0.010113335 0.969332397
1341846332.789937 -1.051160216 0.504717886 0.544911742 0.152070478 0.196148783 -0.009564430 0.968663394
1341846332.825925 -1.060498953 0.501923382 0.552387536 0.149478003 0.200961992 -0.011427430 0.968059957
1341846332.857898 -1.073269606 0.504172981 0.562965453 0.151314244 0.204457432 -0.011849595 0.967037141
1341846332.894069 -1.086129069 0.502217472 0.562562823 0.147888198 0.206271201 -0.013297208 0.967163086
1341846332.926029 -1.105539083 0.491176188 0.570323527 0.139386266 0.211233646 -0.015860151 0.967316031
1341846332.958015 -1.126142144 0.480791062 0.571997285 0.132261246 0.217813835 -0.018134743 0.966817081
1341846332.994073 -1.155721188 0.477452338 0.595071852 0.128621176 0.226234004 -0.018996628 0.965356886
1341846333.026545 -1.182179332 0.469000936 0.602961659 0.123659290 0.233268708 -0.020065378 0.964308858
1341846333.057998 -1.212441802 0.460774243 0.619534314 0.121509075 0.242032602 -0.018671811 0.962448537
1341846333.094024 -1.241344929 0.452247143 0.629633009 0.120701157 0.248860255 -0.014813940 0.960874796
1341846333.126095 -1.277338386 0.448975980 0.640312314 0.120477200 0.256906241 -0.011483203 0.958828747
1341846333.161973 -1.312884569 0.440126240 0.657195210 0.117325537 0.266360551 -0.007786000 0.956674576
1341846333.195660 -1.348934293 0.442627758 0.682043552 0.117909491 0.275292873 -0.001896421 0.954100430
1341846333.226331 -1.384737611 0.435370445 0.687995136 0.114181086 0.282572985 -0.001995915 0.952423930
1341846333.262056 -1.405638933 0.436812609 0.693679988 0.108253866 0.286854386 -0.005146672 0.951824188
1341846333.294147 -1.435000777 0.426570684 0.713000715 0.102928765 0.294465780 -0.005937889 0.950084388
1341846333.326100 -1.447600603 0.423058212 0.722034514 0.098978534 0.296990603 -0.008909130 0.949694932
1341846333.362100 -1.470745444 0.422551006 0.729833305 0.093809247 0.301564425 -0.009671111 0.948770404
1341846333.394119 -1.487198591 0.428752214 0.738979757 0.093259245 0.302928805 -0.009847492 0.948388040
1341846333.429974 -1.505947590 0.421320200 0.745991886 0.090855449 0.305184454 -0.010582902 0.947890162
1341846333.462115 -1.521590710 0.422034442 0.753520668 0.090944238 0.308437020 -0.010836422 0.946825445
1341846333.494040 -1.541980863 0.417790711 0.766091704 0.090632126 0.313397914 -0.011341597 0.945218980
1341846333.529953 -1.558271527 0.417427301 0.770470977 0.091411881 0.317544460 -0.011246560 0.943759978
1341846333.562063 -1.583071351 0.419688523 0.788246632 0.093230695 0.324911028 -0.009665947 0.941088438
1341846333.594090 -1.608840227 0.433642060 0.813035429 0.095334888 0.329380602 -0.007690988 0.939340472
1341846333.629994 -1.633520126 0.434139311 0.829949379 0.091775194 0.332319111 -0.007444854 0.938661814
1341846333.662127 -1.650503874 0.435841262 0.842524171 0.089444712 0.334594578 -0.006439836 0.938085616
1341846333.697964 -1.670031667 0.431965530 0.858168006 0.088627428 0.338922173 -0.005454256 0.936614752
1341846333.730092 -1.693173409 0.432981491 0.872718930 0.091886148 0.343426794 -0.004659561 0.934662163
1341846333.762089 -1.719370365 0.429614842 0.883923829 0.093223728 0.348312765 -0.003140552 0.932725966
1341846333.798006 -1.737858415 0.426544726 0.898940384 0.094668843 0.352716625 -0.004011296 0.930920362
1341846333.830055 -1.764542699 0.427864671 0.907500148 0.096787326 0.358488262 -0.005640590 0.928486168
1341846333.866045 -1.777220488 0.431552768 0.913967609 0.097895332 0.362101734 -0.008118676 0.926948190
1341846333.897987 -1.775220633 0.423088849 0.904890478 0.097881682 0.360376209 -0.008453102 0.927618861
1341846333.930099 -1.776702404 0.419889867 0.898048520 0.099821091 0.360357225 -0.009710583 0.927407265
1341846333.965889 -1.794446945 0.421450764 0.903688908 0.102059804 0.364070088 -0.010843992 0.925699294
1341846333.997985 -1.819615126 0.421401024 0.919217646 0.105785802 0.369846106 -0.011829454 0.922975242
1341846334.030076 -1.836135626 0.425852656 0.927032650 0.109664910 0.373293996 -0.012181392 0.921128094
1341846334.066000 -1.850987673 0.433318079 0.934698224 0.113653168 0.375428796 -0.012372526 0.919773400
1341846334.097932 -1.869080424 0.437884629 0.946007133 0.116162241 0.378793895 -0.014001427 0.918055296
1341846334.133884 -1.886094809 0.444288433 0.956372023 0.119609110 0.382321566 -0.013967992 0.916148901
1341846334.166115 -1.900763273 0.448309481 0.960678995 0.120506175 0.382739127 -0.014449716 0.915849507
1341846334.198072 -1.910738945 0.451357603 0.961496115 0.120919704 0.382496119 -0.017202735 0.915848970
1341846334.234097 -1.928200483 0.452419341 0.965041876 0.120590180 0.386080891 -0.018660050 0.914358437
1341846334.266045 -1.936981440 0.445095718 0.971117198 0.119885713 0.388339162 -0.016942335 0.913527787
1341846334.297946 -1.944022179 0.444718629 0.973769665 0.121315703 0.387057275 -0.015657827 0.913905919
1341846334.334036 -1.951909065 0.450213045 0.979204178 0.122944243 0.387029618 -0.016206529 0.913690448
1341846334.365871 -1.965654731 0.447571695 0.985185504 0.120883189 0.389421910 -0.017085217 0.912932575
1341846334.401845 -1.971672058 0.444362789 0.992889762 0.118957706 0.391030014 -0.017056301 0.912498593
1341846334.433864 -1.986358643 0.438262403 0.996945262 0.118458018 0.391343057 -0.014367939 0.912475705
1341846334.466105 -1.998658657 0.446746767 1.000944853 0.120504379 0.391605288 -0.015278850 0.912080348
1341846334.502142 -2.010905266 0.447245836 1.008977294 0.119588897 0.392032981 -0.014402426 0.912031412
1341846334.540153 -2.021299362 0.447645664 1.005352259 0.118591771 0.391775995 -0.015386496 0.912255943
1341846334.602351 -2.034691811 0.460814297 1.016340375 0.113451928 0.390820533 -0.020543557 0.913217366
1341846334.670161 -2.047139406 0.459287554 1.009195209 0.105508476 0.389363468 -0.023754105 0.914713025
1341846334.702085 -2.056976318 0.459747016 1.003233671 0.104712956 0.387095958 -0.022245802 0.915804088
1341846334.734751 -2.062834740 0.463767141 0.995218635 0.105898663 0.383980393 -0.021916442 0.916986525
1341846334.770889 -2.068251610 0.471918344 0.986114860 0.108047046 0.381130397 -0.019375842 0.917981505
1341846334.802194 -2.072659969 0.477268189 0.976307869 0.108395405 0.377475679 -0.019318080 0.919450581
1341846334.833908 -2.076900482 0.480676532 0.967184842 0.107361488 0.375415444 -0.020773230 0.920383215
1341846334.869874 -2.081252337 0.485470772 0.953177929 0.106444888 0.373778343 -0.019742062 0.921178401
1341846334.902006 -2.076105118 0.490906090 0.929411054 0.106445275 0.367369562 -0.019239204 0.923763394
1341846334.938010 -2.076208591 0.494132489 0.911767960 0.105769806 0.362262309 -0.019823793 0.925843358
1341846334.970032 -2.067638874 0.502667248 0.894441307 0.106176496 0.358932823 -0.022909580 0.927021563
1341846335.002203 -2.071907520 0.500698864 0.878371000 0.107869640 0.357408792 -0.020346545 0.927474678
1341846335.037880 -2.083486557 0.508960962 0.863401651 0.112496354 0.353052467 -0.017537463 0.928650081
1341846335.069990 -2.081798315 0.518158913 0.856949031 0.113490008 0.349806607 -0.020100752 0.929704964
1341846335.106038 -2.079060078 0.522919774 0.845600605 0.114174142 0.349507600 -0.022183480 0.929686308
1341846335.138045 -2.087115288 0.521176696 0.838921249 0.115211643 0.349719137 -0.021907700 0.929485261
1341846335.169900 -2.109862328 0.528953075 0.827266097 0.115607575 0.348936975 -0.020137955 0.929770112
1341846335.206091 -2.110970020 0.545377374 0.817488194 0.116454199 0.346606046 -0.024235778 0.930438221
1341846335.239365 -2.101608276 0.550578117 0.816839457 0.116977878 0.346029013 -0.028449036 0.930468023
1341846335.269948 -2.114573956 0.546056569 0.810032070 0.117436029 0.347481668 -0.028768631 0.929858923
1341846335.305972 -2.129668236 0.537610173 0.803935289 0.117476255 0.346731931 -0.027777731 0.930163860
1341846335.338012 -2.128143549 0.539939523 0.802310944 0.119614631 0.344755143 -0.028519422 0.930603504
1341846335.374005 -2.140200377 0.553112149 0.806289911 0.127341121 0.348485947 -0.032476462 0.928055525
1341846335.406025 -2.143947124 0.542576373 0.798641503 0.132870033 0.349239022 -0.030925931 0.927049756
1341846335.438079 -2.156823397 0.550985396 0.792726159 0.138819948 0.350323707 -0.029995728 0.925798416
1341846335.473998 -2.159926891 0.524756968 0.778414905 0.135306597 0.350994051 -0.028541818 0.926110506
1341846335.507038 -2.175852776 0.508196771 0.774162352 0.131644472 0.355247587 -0.030432357 0.924955547
1341846335.538040 -2.174119949 0.518079638 0.767760873 0.130942449 0.356147110 -0.031825457 0.924662352
1341846335.574119 -2.183560610 0.522597313 0.760387063 0.128715917 0.355651885 -0.030830456 0.925199151
1341846335.605970 -2.190041542 0.523804784 0.755314171 0.128115058 0.355134904 -0.029909318 0.925511360
1341846335.641978 -2.200792551 0.542699933 0.754823446 0.131130204 0.357541621 -0.033445533 0.924040198
1341846335.673993 -2.205926895 0.529225945 0.742262483 0.127914563 0.357072324 -0.031721957 0.924732983
1341846335.706178 -2.209618807 0.532546043 0.731266379 0.127903789 0.354385972 -0.031397168 0.925778329
1341846335.741982 -2.223252773 0.532226920 0.730159521 0.127897590 0.356022745 -0.032360345 0.925117791
1341846335.773960 -2.228262663 0.526417077 0.716500163 0.125733420 0.355531126 -0.032111969 0.925611973
1341846335.806271 -2.236223221 0.538571060 0.708513021 0.125091895 0.354824454 -0.031184092 0.926001728
1341846335.842031 -2.235570192 0.546778262 0.707099795 0.124940813 0.355514050 -0.031177141 0.925757885
1341846335.873966 -2.259594440 0.529387176 0.712185800 0.122427531 0.360269248 -0.031425897 0.924245656
1341846335.910005 -2.256695747 0.574355304 0.706393123 0.130083799 0.357705235 -0.030519873 0.924225986
1341846335.941936 -2.273707151 0.555143833 0.702112019 0.125565842 0.357126951 -0.028691970 0.925132692
1341846335.974198 -2.282399178 0.569027901 0.699621677 0.126724541 0.357293695 -0.031757396 0.924810052
1341846336.010032 -2.308198929 0.553902686 0.712069154 0.123119220 0.361297309 -0.031671695 0.923743963
1341846336.042129 -2.315305948 0.564936340 0.707323551 0.124038890 0.359604567 -0.031267345 0.924295008
1341846336.078076 -2.321066380 0.572612405 0.700142920 0.124957927 0.357765675 -0.033058703 0.924822390
1341846336.110739 -2.314639807 0.572498500 0.677728117 0.124117032 0.354819089 -0.034854818 0.926004052
1341846336.142002 -2.321912527 0.560438156 0.665859342 0.122363225 0.353432626 -0.031557921 0.926885545
1341846336.183953 -2.319658279 0.593594551 0.654333234 0.127258748 0.348757565 -0.028714979 0.928088784
1341846336.241891 -2.338649035 0.592716217 0.655088902 0.124118246 0.350218058 -0.031740684 0.927865624
1341846336.277946 -2.326643705 0.602356136 0.620839536 0.127107903 0.345094651 -0.029385723 0.929456770
1341846336.309977 -2.369638920 0.586286306 0.650217295 0.127944589 0.350047678 -0.027306553 0.927551150
1341846336.346143 -2.341844320 0.602814913 0.601588666 0.131196201 0.340833932 -0.027675951 0.930512667
1341846336.377975 -2.277409792 0.595423698 0.556484580 0.131126717 0.327786267 -0.025910804 0.935248971
1341846336.410032 -2.265547514 0.611179948 0.515975535 0.133054540 0.323701978 -0.027313247 0.936358690
1341846336.446041 -2.223620653 0.601661205 0.475570679 0.129633367 0.314098388 -0.022254182 0.940235257
1341846336.477990 -2.180213213 0.603232145 0.441229105 0.129181087 0.305235177 -0.020707902 0.943247020
1341846336.510056 -2.155465126 0.608130515 0.405414462 0.129902408 0.300284505 -0.018758245 0.944776535
1341846336.546024 -2.124293566 0.613315761 0.367585361 0.132198617 0.293399006 -0.016945129 0.946653843
1341846336.578003 -2.087142944 0.618135393 0.325428516 0.130996630 0.284498751 -0.015275239 0.949561536
1341846336.614020 -2.052885294 0.620514035 0.301960647 0.130906805 0.280139029 -0.015757395 0.950861335
1341846336.645982 -2.021581173 0.618234038 0.257429630 0.127897620 0.273029149 -0.012718531 0.953381121
1341846336.678036 -1.981304884 0.619480371 0.225984335 0.126556799 0.263219088 -0.015858125 0.956267595
1341846336.714024 -1.989798069 0.638596416 0.239054561 0.132003322 0.263149470 -0.017706372 0.955517650
1341846336.746016 -1.946099281 0.644266844 0.198797897 0.137155190 0.251431912 -0.018182209 0.957935214
1341846336.778014 -1.943273902 0.640892148 0.165535495 0.137568563 0.244788110 -0.016703732 0.959622145
1341846336.820006 -1.905874491 0.638161302 0.132204801 0.137729168 0.233820975 -0.013939898 0.962374270
1341846336.882056 -1.791539550 0.641055942 0.059615981 0.140318036 0.211887792 -0.017102668 0.967016995
1341846336.914273 -1.729331732 0.626581430 0.047385044 0.141221464 0.196415037 -0.013399349 0.970205188
1341846336.945998 -1.705626369 0.619020283 0.024090476 0.146635622 0.185697615 -0.008369712 0.971567988
1341846336.981980 -1.648034096 0.624235272 0.001695216 0.146377578 0.173358217 -0.013727807 0.973823488
1341846337.014238 -1.573587537 0.648823500 0.000957467 0.148053274 0.159167081 -0.019566774 0.975890994
1341846337.046017 -1.517225862 0.655744970 -0.000521533 0.146641135 0.150475204 -0.023725929 0.977389753
1341846337.082104 -1.474443555 0.639162123 -0.009754062 0.143123403 0.142393306 -0.021039680 0.979181945
1341846337.114317 -1.421844840 0.638782859 -0.020200778 0.141035110 0.130666956 -0.018933216 0.981160939
1341846337.150037 -1.372019291 0.635991454 -0.027647350 0.138335109 0.121001065 -0.020198900 0.982758462
1341846337.181873 -1.325648069 0.633304894 -0.026149392 0.136949003 0.115312628 -0.023383506 0.983565629
1341846337.214073 -1.285542250 0.633150458 -0.024914656 0.133956522 0.110917829 -0.022355031 0.984506547
1341846337.250087 -1.251885533 0.637547433 -0.031166144 0.133830518 0.102472052 -0.021038109 0.985467553
1341846337.282028 -1.213561296 0.648097932 -0.043557711 0.137239337 0.091649003 -0.019708680 0.986091971
1341846337.317920 -1.184941053 0.644742906 -0.046921477 0.135488927 0.086262472 -0.020187279 0.986810029
1341846337.350018 -1.154065132 0.654028296 -0.075062454 0.134631798 0.080226280 -0.022986341 0.987375140
1341846337.382159 -1.137037158 0.668890655 -0.077924877 0.136537120 0.078543298 -0.026242457 0.987167656
1341846337.417941 -1.123800516 0.682187557 -0.085020319 0.142380282 0.076313943 -0.024327016 0.986565888
1341846337.450137 -1.112230062 0.675325990 -0.109750330 0.139160141 0.071737237 -0.026392909 0.987315416
1341846337.482096 -1.104711056 0.677565336 -0.102766782 0.138674036 0.072139762 -0.025077833 0.987388730
1341846337.518008 -1.101454139 0.693981528 -0.107415766 0.142991364 0.071410775 -0.024962543 0.986828744
1341846337.549978 -1.100969911 0.704623759 -0.120902270 0.143558189 0.069338553 -0.027595865 0.986824036
1341846337.585971 -1.092376828 0.702994943 -0.119219705 0.141314670 0.067751057 -0.027721586 0.987254560
1341846337.617903 -1.095240235 0.712778211 -0.114561029 0.145816371 0.067863941 -0.029383386 0.986543834
1341846337.650141 -1.085450530 0.703466058 -0.119151123 0.144730881 0.066143788 -0.028729826 0.986839771
1341846337.686352 -1.076617241 0.701745331 -0.116404727 0.142665058 0.064630963 -0.026737612 0.987296641
1341846337.718002 -1.075343013 0.694615126 -0.111238331 0.140159875 0.065802015 -0.026248533 0.987591207
1341846337.749920 -1.061385155 0.703906655 -0.113626271 0.141092390 0.065574862 -0.026945395 0.987454772
1341846337.786157 -1.061725378 0.703869581 -0.113463700 0.137950584 0.068473645 -0.024330534 0.987769723
1341846337.817945 -1.047897577 0.699698329 -0.100823037 0.136322930 0.069348842 -0.021886429 0.987991810
1341846337.854071 -1.051974058 0.699585736 -0.102128983 0.134393200 0.073934235 -0.022988586 0.987898648
1341846337.885951 -1.037271976 0.692297339 -0.094145104 0.128994554 0.074284099 -0.023590883 0.988577664
1341846337.918223 -1.016124487 0.701007485 -0.083706811 0.127808258 0.073446326 -0.022590779 0.988817692
1341846337.954120 -1.021393061 0.685628235 -0.077408157 0.122376591 0.075568564 -0.024492431 0.989299536
1341846337.985994 -1.012165785 0.671123683 -0.069014162 0.115971036 0.075754449 -0.022435449 0.990105391
1341846338.018107 -1.004500270 0.675783515 -0.061003264 0.114330053 0.076752134 -0.021235051 0.990245879
1341846338.054055 -0.970801055 0.675946593 -0.050109625 0.111612596 0.073499255 -0.020763487 0.990812540
1341846338.085986 -1.007196903 0.687855601 -0.041311070 0.110751562 0.084115528 -0.021903615 0.990039885
1341846338.121875 -1.011982083 0.688561320 -0.035250116 0.110487550 0.087221369 -0.019139783 0.989857852
1341846338.154089 -1.005738735 0.677906871 -0.037990637 0.108287245 0.085806511 -0.015505762 0.990288258
1341846338.186029 -1.003150463 0.693419516 -0.024986826 0.109811634 0.085257381 -0.015943563 0.990160823
1341846338.222071 -0.983625233 0.679709017 -0.016498361 0.105921619 0.084772900 -0.014600341 0.990646720
1341846338.254107 -0.990293980 0.682019889 -0.006730297 0.106070921 0.087653652 -0.013492239 0.990395784
1341846338.290130 -0.975708961 0.682104409 0.003557741 0.107318297 0.085859746 -0.012085737 0.990436733
1341846338.321952 -0.975381196 0.683780432 0.007891480 0.107338734 0.086670168 -0.010360044 0.990383446
1341846338.354022 -0.969899833 0.678317964 0.021130838 0.106225833 0.087142445 -0.010555132 0.990459979
1341846338.389969 -0.975120783 0.682336092 0.025511233 0.106052510 0.089202635 -0.009238059 0.990308285
1341846338.422377 -0.964670837 0.673490465 0.039308753 0.103150740 0.088455848 -0.009870571 0.990675628
1341846338.454010 -0.966553688 0.672220528 0.045257919 0.101862766 0.088783599 -0.010399939 0.990774155
1341846338.489894 -0.965830088 0.668887913 0.057386994 0.100188702 0.089128748 -0.009919906 0.990918696
1341846338.522066 -0.965938628 0.665620863 0.065995537 0.100891970 0.090058453 -0.010886227 0.990753233
1341846338.558058 -0.967228949 0.663083732 0.070407182 0.098994888 0.090593882 -0.010731067 0.990897417
1341846338.589842 -0.970530510 0.664151192 0.083649233 0.097999848 0.091934532 -0.011220455 0.990867436
1341846338.622019 -0.972426236 0.654591918 0.089012787 0.097613499 0.094188333 -0.009230865 0.990714371
1341846338.657984 -0.981730640 0.645066142 0.091620468 0.095709756 0.095504358 -0.006092209 0.990798414
1341846338.690198 -0.986918986 0.638180137 0.095469058 0.092457317 0.096845619 -0.006976544 0.990971208
1341846338.722454 -0.987735569 0.643820822 0.107784323 0.094142817 0.099507570 -0.006119723 0.990554333
1341846338.757945 -0.984774709 0.635972500 0.110721923 0.092262000 0.098588251 -0.004153032 0.990833402
1341846338.790039 -0.988049448 0.631634176 0.126787439 0.089896128 0.098217763 -0.003723720 0.991089344
1341846338.826048 -0.990682364 0.626074851 0.136128694 0.089196369 0.101271883 -0.007285448 0.990825415
1341846338.858027 -0.989822567 0.622776747 0.136960983 0.088033974 0.102386631 -0.006934591 0.990817308
1341846338.889902 -0.990284204 0.621748865 0.146952391 0.085518382 0.102367595 -0.006957942 0.991039395
1341846338.925948 -0.992605329 0.619899213 0.156101912 0.085019745 0.105268031 -0.010238755 0.990749955
1341846338.958108 -0.993424892 0.620640278 0.168664187 0.085818768 0.108057357 -0.009954451 0.990383625
1341846338.990057 -0.990637600 0.620687842 0.181491032 0.087418310 0.108534642 -0.008833067 0.990202188
1341846339.025928 -0.988520443 0.617886066 0.188838005 0.089440465 0.110336468 -0.009475561 0.989816427
1341846339.057939 -0.984483898 0.612609386 0.196600467 0.090615496 0.112372681 -0.009074936 0.989484191
1341846339.093927 -0.977063239 0.611678898 0.204535052 0.088543996 0.110275909 -0.006090369 0.989930391
1341846339.126562 -0.978372753 0.612775743 0.212966710 0.085271597 0.111259989 -0.007810952 0.990095437
1341846339.157969 -0.975319505 0.619294286 0.224037424 0.084711149 0.115170382 -0.009825752 0.989678383
1341846339.194113 -0.956991732 0.618400097 0.230983511 0.082557261 0.112175032 -0.007567047 0.990224123
1341846339.228165 -0.945031643 0.617345393 0.239614204 0.078897744 0.108527899 -0.004560571 0.990947127
1341846339.257998 -0.938074410 0.616237462 0.253515780 0.077219389 0.110124148 -0.005098355 0.990900576
1341846339.294132 -0.932094097 0.610031128 0.257402658 0.075893849 0.111513332 -0.002535313 0.990857482
1341846339.326577 -0.922920585 0.599923849 0.259949178 0.068987317 0.107388020 0.003155583 0.991815865
1341846339.362269 -0.931830764 0.618348837 0.274995536 0.068989195 0.109418876 -0.001891195 0.991596937
1341846339.394725 -0.926154017 0.616579592 0.283601940 0.068125702 0.111682393 -0.002237128 0.991403580
1341846339.462186 -0.904450119 0.602529049 0.298049450 0.061983291 0.108319648 -0.002212188 0.992179453
1341846339.496743 -0.900576591 0.600426197 0.301853627 0.065095700 0.113117203 -0.003185414 0.991441846
1341846339.562052 -0.887987137 0.593663514 0.320889890 0.066018939 0.114315256 -0.000948669 0.991248012
1341846339.595122 -0.884399176 0.589134634 0.321943432 0.067165747 0.115666799 -0.002529466 0.991011381
1341846339.632085 -0.876178026 0.598017633 0.335338026 0.070197493 0.119588524 -0.006065539 0.990320206
1341846339.664568 -0.881229818 0.599319279 0.342984259 0.071127474 0.124286570 -0.007788331 0.989663124
1341846339.698896 -0.888888597 0.588924646 0.349556983 0.069397867 0.127706528 -0.007688700 0.989351273
1341846339.731977 -0.883987308 0.586279094 0.355089128 0.069222197 0.127988860 -0.009620721 0.989310205
1341846339.762241 -0.878095746 0.588023484 0.361213684 0.070548713 0.128960505 -0.009737915 0.989089131
1341846339.797873 -0.874656081 0.582481444 0.369445503 0.069935761 0.129390612 -0.008135978 0.989090919
1341846339.830245 -0.874113739 0.579045117 0.375192672 0.069437794 0.129525140 -0.008042187 0.989109218
1341846339.862015 -0.872763455 0.580464423 0.380084604 0.069231294 0.130389020 -0.008943952 0.989002407
1341846339.897797 -0.858381391 0.576989710 0.386704683 0.067906171 0.129720360 -0.008760161 0.989183843
1341846339.929916 -0.863872707 0.572931886 0.397128224 0.068047017 0.132523432 -0.007658016 0.988811672
1341846339.961960 -0.853661120 0.568387270 0.405549526 0.069050744 0.130865142 -0.006833528 0.988969028
1341846339.997845 -0.847571075 0.580274284 0.405564219 0.072638944 0.131896719 -0.008462213 0.988562226
1341846340.029925 -0.839361787 0.577114463 0.417594641 0.073631428 0.133764446 -0.007569364 0.988245070
1341846340.066044 -0.832119644 0.579126239 0.425182909 0.076874651 0.134510845 -0.006784793 0.987902403
1341846340.098009 -0.824715316 0.583516061 0.432671756 0.078795969 0.134405568 -0.006713494 0.987765789
1341846340.130102 -0.832409143 0.576603889 0.434013873 0.076660141 0.136338755 -0.007155541 0.987665832
1341846340.166041 -0.812818825 0.579992235 0.445896745 0.078958645 0.136697978 -0.010646610 0.987403572
1341846340.197867 -0.819729269 0.581071019 0.448085099 0.080428340 0.140209347 -0.009268669 0.986806333
1341846340.229904 -0.806361973 0.587066054 0.458202720 0.080223098 0.138570964 -0.009898406 0.987048388
1341846340.265859 -0.809852123 0.574272513 0.459862977 0.077685170 0.141013682 -0.010645823 0.986897588
1341846340.298061 -0.802924275 0.583564699 0.468303531 0.082211815 0.142527312 -0.010253246 0.986317456
1341846340.334063 -0.814927220 0.573175192 0.469370753 0.079015791 0.143716052 -0.006177737 0.986440063
1341846340.366064 -0.794323623 0.566712201 0.479582667 0.076874629 0.139532268 -0.007592361 0.987199783
1341846340.397995 -0.791569710 0.568364203 0.481883168 0.079418436 0.140288845 -0.008405934 0.986884534
1341846340.433895 -0.791962981 0.568711042 0.484292358 0.080172084 0.140156284 -0.006712316 0.986855447
1341846340.465959 -0.780396819 0.573690891 0.497052729 0.082415834 0.136324048 -0.005912474 0.987212479
1341846340.501858 -0.770175576 0.581241667 0.500844240 0.085089542 0.132210076 -0.007819694 0.987531841
1341846340.534329 -0.751703203 0.586046517 0.506407976 0.086656637 0.128136098 -0.008300877 0.987928629
1341846340.566041 -0.751568198 0.588677168 0.508480668 0.089176625 0.127923414 -0.009646863 0.987719655
1341846340.601909 -0.748271942 0.588805676 0.511355639 0.091475472 0.127707928 -0.010435162 0.987529278
1341846340.634005 -0.767594695 0.585272908 0.490801811 0.089744553 0.130414799 -0.011417034 0.987323463
1341846340.666028 -0.757664025 0.587369204 0.495765567 0.090255901 0.130049750 -0.013756148 0.987295210
1341846340.701946 -0.744694352 0.587625384 0.497330248 0.092891827 0.129387692 -0.015414718 0.987113178
1341846340.733954 -0.752729893 0.587741256 0.482591987 0.092720114 0.132615402 -0.016144767 0.986689150
1341846340.770081 -0.749952912 0.587848425 0.483234972 0.091470517 0.133170173 -0.019175185 0.986676872
1341846340.801980 -0.753986418 0.578681648 0.475506604 0.088733241 0.135262579 -0.024181681 0.986532211
1341846340.833999 -0.753117442 0.581726432 0.471314222 0.088341571 0.137434483 -0.026070705 0.986219049
1341846340.870013 -0.754723608 0.580494165 0.471317798 0.087120704 0.137562707 -0.026794570 0.986290336
1341846340.901955 -0.757016420 0.582851887 0.477188736 0.089041904 0.138165578 -0.027812902 0.986006260
1341846340.933918 -0.750625849 0.583334386 0.477645963 0.091527827 0.136266097 -0.025696255 0.986100435
1341846340.970122 -0.762158751 0.582262218 0.472099513 0.092454322 0.134513795 -0.020729126 0.986371458
1341846341.001922 -0.757218242 0.581241965 0.472130477 0.094405502 0.129212365 -0.016726796 0.986971140
1341846341.037923 -0.751726806 0.582259357 0.472626805 0.095971346 0.126059160 -0.015243373 0.987251878
1341846341.070300 -0.753512442 0.586991787 0.466109931 0.097273022 0.125130847 -0.015551975 0.987237751
1341846341.102028 -0.756255269 0.579779625 0.457043201 0.095610186 0.122941643 -0.014022784 0.987698019
1341846341.137982 -0.753850281 0.583393395 0.459385276 0.096534140 0.121128596 -0.014463700 0.987825871
1341846341.170048 -0.755648315 0.580208719 0.456553817 0.096438125 0.120960757 -0.013311445 0.987872005
1341846341.202110 -0.758643270 0.585830748 0.455194384 0.099568680 0.120831527 -0.012593889 0.987586558
1341846341.237996 -0.759116352 0.580230355 0.454072714 0.099792451 0.121241994 -0.012198775 0.987518609
1341846341.269883 -0.752898812 0.583944499 0.451622069 0.101938240 0.119933248 -0.011350384 0.987469435
1341846341.306107 -0.757898271 0.579217255 0.447581261 0.101238959 0.120354384 -0.012724382 0.987473309
1341846341.338109 -0.755924642 0.578481972 0.444568932 0.101603605 0.120835632 -0.014089736 0.987358570
1341846341.370120 -0.752249420 0.580489457 0.445081860 0.102347977 0.121711403 -0.016624942 0.987134695
1341846341.406074 -0.761659086 0.584513187 0.446559072 0.102991059 0.123126470 -0.017160648 0.986883104
1341846341.438113 -0.759064913 0.580083907 0.442680657 0.103795350 0.120515525 -0.017273599 0.987119138
1341846341.470024 -0.751464009 0.586841285 0.443064690 0.107707798 0.119299673 -0.019875621 0.986798644
1341846341.506077 -0.761768043 0.590327919 0.444635868 0.107484989 0.121975131 -0.021099446 0.986470461
1341846341.538156 -0.766938925 0.585213959 0.446509033 0.105969556 0.120678023 -0.020546209 0.986805499
1341846341.574016 -0.759739816 0.593023896 0.447676629 0.108663268 0.117132418 -0.020161534 0.986947775
1341846341.612466 -0.764268219 0.592610776 0.442614168 0.108425006 0.116895787 -0.019825267 0.987008810
1341846341.643972 -0.764954090 0.597404778 0.442878366 0.108159877 0.115611799 -0.021477513 0.987154543
1341846341.679982 -0.764299989 0.597559214 0.443476588 0.108451977 0.113817737 -0.020712214 0.987347305
1341846341.712332 -0.770843744 0.600100219 0.441917717 0.109882995 0.112015761 -0.017664118 0.987454414
1341846341.744185 -0.777152419 0.594064891 0.440688312 0.109416865 0.110765278 -0.015758786 0.987679422
1341846341.780061 -0.774091005 0.595407784 0.437011927 0.109844416 0.109266087 -0.014207864 0.987822533
1341846341.842595 -0.770797670 0.590149105 0.430159003 0.112553328 0.107056238 -0.009410103 0.987816870
1341846341.906227 -0.766592264 0.586248934 0.423271805 0.116180398 0.104897790 -0.005305660 0.987659097
1341846341.942069 -0.756401896 0.578089714 0.416378915 0.118242234 0.102352992 -0.003262947 0.987690270
1341846341.974775 -0.751606464 0.572384059 0.410182774 0.120260186 0.100968279 -0.001358078 0.987593591
1341846342.010161 -0.748787582 0.570864558 0.409871250 0.120718889 0.098568819 0.000828542 0.987780631
1341846342.042024 -0.731026769 0.565241754 0.401743203 0.121906795 0.094468683 0.000829751 0.988035321
1341846342.080032 -0.732314229 0.561979890 0.394696712 0.122825921 0.097530507 0.000694893 0.987623990
1341846342.112265 -0.727083385 0.558498323 0.393680274 0.122999147 0.096525237 0.002784075 0.987697542
1341846342.147954 -0.723520517 0.559217751 0.394490510 0.126532599 0.094707452 0.004244010 0.987421930
1341846342.179852 -0.721097827 0.559039295 0.393434197 0.129464000 0.094887622 0.005108404 0.987020493
1341846342.211848 -0.712824106 0.548587024 0.395239383 0.127904668 0.093269438 0.006670719 0.987368584
1341846342.247920 -0.710205555 0.555342317 0.399607509 0.130879417 0.093298227 0.004712766 0.986987233
1341846342.279870 -0.710147798 0.556064487 0.392320305 0.132563964 0.093879506 0.004590584 0.986707866
1341846342.316068 -0.711213589 0.564049125 0.394169390 0.135602131 0.094378829 0.004760978 0.986246407
1341846342.347894 -0.710240245 0.562039018 0.394739389 0.135421127 0.094405405 0.004590300 0.986269593
1341846342.379953 -0.710342407 0.564314246 0.395192176 0.136107609 0.095257938 0.005330371 0.986089408
1341846342.416195 -0.712939262 0.558976054 0.395040154 0.135565639 0.095734112 0.006813291 0.986108840
