1341846647.802247 0.000000000 0.000000000 0.000000000 -0.000000000 -0.000000000 -0.000000000 1.000000000
1341846647.834093 0.001892046 -0.003349202 -0.000739906 0.000252930 0.000074177 0.001315494 0.999999106
1341846647.866652 0.005928542 -0.002420512 -0.004909889 0.002091817 0.001965714 0.002766814 0.999992073
1341846647.901972 0.007572555 -0.004621530 -0.004769483 0.001163519 0.004152517 0.002609993 0.999987304
1341846647.934224 0.009827374 -0.007770147 -0.005645684 -0.000873567 0.004070561 0.003095459 0.999986529
1341846647.970225 0.010653432 -0.008047304 -0.006541814 -0.000925568 0.002634248 0.003816580 0.999988854
1341846648.002341 0.011856008 -0.007583515 -0.008945727 -0.001680093 0.001949783 0.003809634 0.999989450
1341846648.034343 0.015378775 -0.009377996 -0.008222572 -0.004736445 -0.000215488 0.004098406 0.999980390
1341846648.070164 0.012433963 -0.012056464 -0.005531487 -0.006472403 -0.002734338 0.004830043 0.999963701
1341846648.102152 0.014036589 -0.012986142 -0.005582459 -0.005631876 -0.006113248 0.005271715 0.999951601
1341846648.138185 0.009164590 -0.016783059 -0.010428658 -0.007293778 -0.006329007 0.004624788 0.999942720
1341846648.170568 0.014699640 -0.011676273 -0.019229135 -0.009215715 -0.009110278 0.004331419 0.999906659
1341846648.202106 0.013108377 -0.018837880 -0.017135553 -0.011778605 -0.013272827 0.004562786 0.999832153
1341846648.238157 0.012168055 -0.023721997 -0.017181072 -0.011890904 -0.018289296 0.004607379 0.999751449
1341846648.270152 0.009763630 -0.026531655 -0.026126835 -0.014872777 -0.023058694 0.000559890 0.999623358
1341846648.302183 0.006323990 -0.033654612 -0.025451994 -0.021990048 -0.027143428 -0.005454247 0.999374807
1341846648.338170 0.003102163 -0.031367626 -0.027759831 -0.024268491 -0.031533260 -0.008856957 0.999168813
1341846648.370216 0.005584754 -0.028331082 -0.043233652 -0.025415275 -0.038616981 -0.007758575 0.998900712
1341846648.406052 0.006949606 -0.026644763 -0.036960647 -0.026338972 -0.049493283 -0.007352173 0.998400033
1341846648.438342 0.008933702 -0.027465962 -0.040583868 -0.026239913 -0.055528682 -0.005536923 0.998096883
1341846648.470076 0.000299943 -0.024783634 -0.043757468 -0.027164165 -0.059394676 -0.004748980 0.997853637
1341846648.506263 -0.000647734 -0.027178148 -0.050825458 -0.030938769 -0.064838171 -0.005000948 0.997403562
1341846648.538249 -0.001820812 -0.024188532 -0.055164751 -0.033007231 -0.070471473 -0.007068354 0.996942580
1341846648.570179 0.026844895 -0.029492283 -0.034872349 -0.038629755 -0.079204679 -0.007665694 0.996080101
1341846648.606081 0.030671254 -0.030927768 -0.033929326 -0.041406799 -0.083739839 -0.007860789 0.995595992
1341846648.638395 0.035445999 -0.034443758 -0.024926214 -0.041948114 -0.094943441 -0.009060581 0.994557202
1341846648.674053 0.036288701 -0.033996321 -0.027284525 -0.040243633 -0.098714560 -0.010515080 0.994246125
1341846648.706058 0.036517985 -0.042108551 -0.028022006 -0.043053918 -0.103965916 -0.007816862 0.993617833
1341846648.738116 0.047657456 -0.036607001 -0.019018251 -0.041648757 -0.117119811 -0.012438007 0.992166162
1341846648.774049 0.049191825 -0.024197757 -0.015459714 -0.035426542 -0.119378403 -0.014541189 0.992110074
1341846648.805941 0.051346973 -0.034259383 -0.019816238 -0.037033733 -0.122355007 -0.007591765 0.991766214
1341846648.838602 0.057504494 -0.030172929 -0.017185945 -0.037187345 -0.131086543 -0.006046933 0.990654767
1341846648.874088 0.065187179 -0.015743753 -0.018068444 -0.035189632 -0.135915875 -0.011266734 0.990031183
1341846648.906165 0.070094779 -0.028331049 -0.019277360 -0.041173797 -0.141852468 -0.003885160 0.989023566
1341846648.942154 0.094561212 -0.031485803 -0.013365606 -0.042042926 -0.163916022 0.001504956 0.985576808
1341846648.974090 0.092291839 -0.025881339 -0.032804154 -0.043220013 -0.171189904 0.002209013 0.984287143
1341846649.006157 0.123824850 -0.021640416 0.007852810 -0.045963075 -0.182982072 -0.003169145 0.982036114
1341846649.042101 0.138875246 -0.029206051 0.007200519 -0.047602233 -0.192702338 0.004310484 0.980092525
1341846649.074128 0.152528793 -0.016558088 0.003909133 -0.046649389 -0.202973753 -0.007110457 0.978046477
1341846649.106188 0.169188470 -0.006375377 0.016244780 -0.047513999 -0.206779376 -0.016646942 0.977091432
1341846649.142042 0.184849724 -0.008198844 0.011274672 -0.050653618 -0.210991725 -0.016212808 0.976039946
1341846649.174442 0.165418983 -0.019353155 0.024137413 -0.054929726 -0.213705838 -0.022963114 0.975082159
1341846649.216152 0.179732844 -0.011146368 0.032914381 -0.054419681 -0.216918886 -0.025660992 0.974333763
1341846649.248048 0.189188331 -0.015032742 0.029588617 -0.057312850 -0.217205361 -0.022358237 0.974185407
1341846649.280075 0.196375519 -0.015028703 0.019016728 -0.062064633 -0.219563276 -0.022402652 0.973364353
1341846649.316071 0.209839031 -0.010740880 0.027433351 -0.065961570 -0.222618327 -0.023440287 0.972389221
1341846649.348041 0.221589178 -0.014411513 0.043121133 -0.067987658 -0.227717325 -0.017965727 0.971184731
1341846649.383973 0.230907068 -0.010028582 0.045230992 -0.065237708 -0.233770639 -0.013408690 0.970008016
1341846649.416053 0.232496619 -0.003290549 0.035366789 -0.065810658 -0.231922284 -0.019635120 0.970306933
1341846649.448084 0.240096599 -0.008186262 0.043579608 -0.071512870 -0.230382442 -0.019370720 0.970275581
1341846649.484154 0.243187919 -0.014521670 0.051246002 -0.075375743 -0.233038709 -0.017454678 0.969384789
1341846649.516198 0.248108059 -0.008244301 0.059036106 -0.072860099 -0.235804901 -0.021319920 0.968830764
1341846649.552101 0.248335809 -0.008156816 0.059857391 -0.070728540 -0.233150482 -0.026475420 0.969503701
1341846649.616167 0.248896301 -0.026330119 0.058114275 -0.073778033 -0.235784739 -0.018817652 0.968817949
1341846649.678101 0.250552297 -0.037358776 0.071773998 -0.074376956 -0.238261744 -0.022331664 0.968091309
1341846649.710937 0.250758439 -0.046342406 0.070066266 -0.074913219 -0.244201154 -0.020151291 0.966616690
1341846649.746112 0.251212269 -0.044677652 0.078448869 -0.072433718 -0.250556976 -0.025512069 0.965051174
1341846649.778019 0.267918169 -0.042785045 0.078006379 -0.070669167 -0.256825507 -0.024225662 0.963566124
1341846649.810257 0.269784421 -0.049246740 0.071896203 -0.070840374 -0.264310002 -0.022652516 0.961565793
1341846649.846059 0.281814039 -0.037043758 0.056767225 -0.070032857 -0.273543209 -0.027144482 0.958922684
1341846649.878137 0.286873072 -0.037774261 0.067106187 -0.074651428 -0.279574782 -0.029388821 0.956766188
1341846649.914184 0.288077176 -0.046049964 0.086281113 -0.075446151 -0.286267400 -0.025055123 0.954846084
1341846649.952612 0.294768482 -0.042260531 0.076985650 -0.072731599 -0.288195521 -0.024049759 0.954502583
1341846650.014156 0.308339000 -0.046798859 0.098439977 -0.073359750 -0.293870449 -0.014126094 0.952921331
1341846650.046184 0.313143581 -0.043192834 0.103572793 -0.071779355 -0.296679556 -0.014593338 0.952163875
1341846650.078250 0.319339246 -0.043224659 0.116216540 -0.069683872 -0.296795756 -0.016070366 0.952259541
1341846650.114215 0.327694386 -0.050473236 0.116342358 -0.069674708 -0.297092319 -0.011937599 0.952228487
1341846650.146137 0.332982212 -0.051486686 0.123170897 -0.067707598 -0.300356060 -0.009298824 0.951375604
1341846650.182236 0.338666499 -0.051114604 0.129129067 -0.063190751 -0.300128371 -0.011578267 0.951733112
1341846650.214164 0.346059024 -0.058969814 0.125638768 -0.063042074 -0.298942298 -0.011192995 0.952120781
1341846650.246084 0.353470445 -0.060580626 0.130135238 -0.064797655 -0.301029056 -0.010963345 0.951347768
1341846650.282167 0.353918135 -0.058899261 0.153291106 -0.060627840 -0.300582767 -0.016007902 0.951692164
1341846650.314158 0.361597896 -0.062744215 0.139505967 -0.057855539 -0.296324939 -0.018680764 0.953150213
1341846650.350453 0.368518621 -0.074300975 0.133886710 -0.061979603 -0.296683908 -0.017937491 0.952793539
1341846650.382075 0.370897740 -0.073050119 0.140717149 -0.063019991 -0.297012597 -0.021125440 0.952557504
1341846650.414224 0.370329320 -0.073426455 0.149858385 -0.060131587 -0.292958349 -0.023075009 0.953953445
1341846650.450353 0.372928500 -0.078384630 0.140682369 -0.060122699 -0.287494540 -0.019462677 0.955695271
1341846650.484849 0.373981774 -0.075908698 0.135224760 -0.061008669 -0.284501106 -0.022924665 0.956457794
1341846650.514091 0.370481938 -0.077625982 0.144561842 -0.061421271 -0.278781414 -0.025091726 0.958059907
1341846650.550746 0.364619195 -0.079629347 0.154881462 -0.056923240 -0.272321820 -0.022622110 0.960254610
1341846650.582069 0.360336334 -0.081400543 0.138305724 -0.052772824 -0.264694750 -0.022001293 0.962635875
1341846650.618092 0.354881614 -0.081647210 0.129728660 -0.052727658 -0.258178651 -0.025254533 0.964326680
1341846650.650422 0.348325491 -0.081512727 0.128779218 -0.051391855 -0.250691473 -0.030054970 0.966234624
1341846650.682114 0.339148283 -0.083153754 0.118729524 -0.050175931 -0.242597073 -0.031164436 0.968327343
1341846650.718110 0.330453634 -0.083687045 0.112396754 -0.049444798 -0.236734375 -0.034349702 0.969707310
1341846650.750112 0.320466340 -0.080333658 0.113212623 -0.047327518 -0.229109734 -0.037515096 0.971525371
1341846650.782116 0.308958232 -0.086077549 0.114026934 -0.047466695 -0.218956485 -0.033505775 0.974003255
1341846650.818115 0.296274334 -0.093240537 0.104765028 -0.046404645 -0.213751912 -0.029912570 0.975326598
1341846650.850139 0.286805391 -0.082033604 0.092548639 -0.042281456 -0.208559647 -0.035515312 0.976449609
1341846650.886238 0.276636153 -0.075786427 0.092532493 -0.042068861 -0.196239620 -0.039246175 0.978866696
1341846650.918288 0.261525154 -0.083621159 0.094752014 -0.044587102 -0.184241608 -0.034039181 0.981278956
1341846650.950233 0.249884471 -0.081850417 0.082371593 -0.044093318 -0.176643670 -0.031477116 0.982782841
1341846650.986247 0.240980133 -0.073208265 0.083039068 -0.042002592 -0.166424751 -0.032813992 0.984612584
1341846651.050482 0.215555608 -0.079121746 0.067145936 -0.042204138 -0.147416487 -0.023721939 0.987888932
1341846651.086169 0.205138609 -0.070786536 0.064195655 -0.044371795 -0.139560699 -0.024577100 0.988913536
1341846651.118423 0.199601680 -0.075119264 0.081709944 -0.044282138 -0.131410509 -0.020550307 0.990125358
1341846651.154189 0.182217240 -0.077223197 0.069140814 -0.040511642 -0.121936820 -0.018582908 0.991536677
1341846651.186391 0.168266580 -0.077023931 0.056391902 -0.041722026 -0.114641450 -0.016343830 0.992395878
1341846651.218036 0.156881377 -0.075833246 0.056775294 -0.043377329 -0.108871542 -0.017244479 0.992959201
1341846651.254031 0.146919787 -0.076383919 0.055432387 -0.043833081 -0.103461124 -0.016951039 0.993522644
1341846651.286406 0.139351383 -0.078315429 0.053038776 -0.046365499 -0.099750265 -0.018361028 0.993762076
1341846651.318309 0.124112479 -0.081295632 0.059762653 -0.048169997 -0.093800254 -0.020494953 0.994213820
1341846651.354135 0.113135234 -0.077329710 0.063072965 -0.046061445 -0.087778531 -0.024871213 0.994763672
1341846651.386180 0.099198759 -0.083001032 0.067146532 -0.046040736 -0.079710625 -0.023023427 0.995488048
1341846651.422237 0.083772011 -0.095834509 0.063637719 -0.049794339 -0.076584227 -0.019877601 0.995620549
1341846651.492135 0.061537482 -0.097417861 0.075232364 -0.053100709 -0.068916827 -0.028283861 0.995806634
1341846651.560316 0.033915147 -0.113853827 0.091693625 -0.052956853 -0.050801303 -0.024625465 0.996999741
1341846651.622176 -0.001862686 -0.120980695 0.093835175 -0.045318730 -0.037126046 -0.026501052 0.997930706
1341846651.654223 -0.020884482 -0.126590103 0.098841958 -0.042950884 -0.031769186 -0.024836075 0.998263121
1341846651.690127 -0.042352270 -0.131180257 0.102368370 -0.039035223 -0.027649824 -0.023344696 0.998582423
1341846651.722318 -0.068807214 -0.133002728 0.100511745 -0.035985310 -0.020234033 -0.023115410 0.998880088
1341846651.754212 -0.107184358 -0.142157480 0.085967474 -0.036288623 -0.011076181 -0.022377770 0.999029398
1341846651.790200 -0.127465412 -0.140283883 0.091543943 -0.039342899 -0.004886874 -0.027637947 0.998831570
1341846651.822233 -0.153853104 -0.140271738 0.089195952 -0.037253998 0.004300827 -0.026696419 0.998939931
1341846651.858213 -0.178230882 -0.137589037 0.096619338 -0.027752712 0.011540815 -0.025132202 0.999232233
1341846651.890237 -0.215210095 -0.140350863 0.088755898 -0.021024404 0.022055501 -0.025964970 0.999198437
1341846651.922186 -0.244229361 -0.150870532 0.089205392 -0.022083171 0.029195374 -0.019664813 0.999136269
1341846651.958047 -0.272498369 -0.151670635 0.101622336 -0.019933781 0.035973728 -0.017512502 0.999000430
1341846651.990020 -0.299980819 -0.154188275 0.113429226 -0.013090877 0.045089774 -0.014534198 0.998791397
1341846652.022081 -0.337773830 -0.160272703 0.108022533 -0.008867758 0.053680651 -0.009610456 0.998472571
1341846652.058058 -0.373106360 -0.162624747 0.110904470 -0.009936094 0.059424225 -0.009477166 0.998138428
1341846652.090106 -0.412875772 -0.163210526 0.113455698 -0.012227196 0.066981278 -0.010800878 0.997620881
1341846652.126257 -0.455165178 -0.162702918 0.124166824 -0.014880420 0.077460088 -0.014817908 0.996774256
1341846652.158232 -0.495611191 -0.167082682 0.126010299 -0.017351260 0.084971569 -0.012588265 0.996152818
1341846652.190049 -0.536862731 -0.167064518 0.142475113 -0.017911701 0.092486188 -0.015114871 0.995438159
1341846652.225981 -0.573789895 -0.166994095 0.169219285 -0.016900484 0.106844865 -0.016760664 0.993990779
1341846652.258089 -0.621391296 -0.168478087 0.177424729 -0.015012480 0.119721852 -0.014014064 0.992595077
1341846652.290189 -0.674074173 -0.173681468 0.194474891 -0.011361154 0.127409056 -0.007869023 0.991753995
1341846652.326148 -0.730611980 -0.167560071 0.209124461 -0.002855327 0.138450161 -0.009001828 0.990324438
1341846652.358184 -0.728264987 -0.146230072 0.194691613 0.003188591 0.139899075 -0.006909560 0.990136504
1341846652.394279 -0.735828519 -0.152370930 0.191893294 0.003011741 0.141283095 -0.004062228 0.989956319
1341846652.426287 -0.749813974 -0.166373849 0.193465710 0.002607194 0.144840851 -0.004526501 0.989441216
1341846652.458277 -0.785848618 -0.169057399 0.205348372 0.004970857 0.153620958 -0.006319128 0.988097191
1341846652.494100 -0.848755896 -0.172844574 0.213628665 0.006029896 0.166553631 -0.006186959 0.985994577
1341846652.526469 -0.829814434 -0.167784765 0.202124625 0.006331163 0.166147098 -0.005987666 0.986062527
1341846652.562089 -0.833369970 -0.177189544 0.190682501 0.006462644 0.171456844 -0.008830757 0.985130906
1341846652.594254 -0.857225239 -0.188350052 0.193656117 0.006971505 0.185901329 -0.010306835 0.982489645
1341846652.626356 -0.884777725 -0.172579750 0.214361519 0.011192959 0.201246664 -0.011631057 0.979407609
1341846652.662152 -0.861969709 -0.123683795 0.233145744 0.018661508 0.217236146 -0.018683488 0.975761831
1341846652.694113 -0.886085927 -0.127035767 0.297644019 0.012737814 0.253592759 -0.029822800 0.966767311
1341846652.726378 -0.915139914 -0.123894818 0.318802685 0.013691523 0.287852436 -0.032742143 0.957016945
1341846652.762129 -0.939127088 -0.112707682 0.316208720 0.015763734 0.315487206 -0.034805290 0.948160350
1341846652.794152 -0.966445804 -0.119793624 0.327796936 0.016238265 0.347966433 -0.031240581 0.936845601
1341846652.830250 -1.024351716 -0.125098005 0.392738283 0.013242116 0.390238434 -0.032214258 0.920054793
1341846652.862014 -1.078659773 -0.128035128 0.442150682 0.012475776 0.418659389 -0.028196003 0.907619834
1341846652.894426 -1.090263009 -0.132759824 0.471834958 0.011768761 0.439330816 -0.025285453 0.897892296
1341846652.930346 -1.114030600 -0.145009294 0.499093473 0.013497424 0.461758465 -0.020188021 0.886673212
1341846652.962213 -1.146155119 -0.135302126 0.519130468 0.013501858 0.481474847 -0.020720802 0.876110911
1341846653.030292 -1.156584740 -0.146335155 0.564780235 0.008275371 0.515112817 -0.016184492 0.856929600
1341846653.062672 -1.182363391 -0.153441221 0.594125211 0.012001097 0.532856464 -0.011419091 0.846043468
1341846653.099024 -1.179805636 -0.133475795 0.597981572 0.013382274 0.547031105 -0.013981611 0.836888552
1341846653.130475 -1.188168287 -0.144741878 0.623024702 0.009361173 0.566245735 -0.011204521 0.824107170
1341846653.162620 -1.208503008 -0.145746887 0.643007278 0.009156832 0.583437443 -0.009798429 0.812047422
1341846653.198437 -1.234794140 -0.142894074 0.690403581 0.011300728 0.600608408 -0.005881688 0.799441814
1341846653.230042 -1.237062693 -0.144228384 0.703367531 0.013024115 0.612785816 -0.003090649 0.790135682
1341846653.298380 -1.260707974 -0.119886875 0.758887053 0.017381368 0.642135084 0.000581976 0.766394258
1341846653.330162 -1.268015623 -0.114890054 0.772653461 0.018461406 0.653960049 0.003149808 0.756297231
1341846653.366319 -1.287212372 -0.108623721 0.805304050 0.018913705 0.667106867 0.006625489 0.744692445
1341846653.398226 -1.284719467 -0.101885185 0.823027909 0.020314049 0.676965654 0.008931097 0.735680044
1341846653.430060 -1.307878971 -0.120032109 0.857194185 0.021517441 0.688160896 0.014390569 0.725096166
1341846653.466341 -1.314893484 -0.109822869 0.869032741 0.024220726 0.694184840 0.011427137 0.719298422
1341846653.498194 -1.334056377 -0.107003465 0.897942185 0.024586318 0.701743543 0.011258262 0.711916327
1341846653.530205 -1.343687534 -0.105744556 0.925405443 0.024257390 0.706898391 0.009664886 0.706833065
1341846653.566601 -1.344084263 -0.101464190 0.927057743 0.024801146 0.708115220 0.006523417 0.705631137
1341846653.598213 -1.358129025 -0.104790166 0.942274451 0.024651958 0.710657477 0.008104792 0.703059435
1341846653.634793 -1.363201618 -0.111213192 0.950872183 0.023274561 0.710335195 0.009978632 0.703407884
1341846653.666143 -1.365985990 -0.119498655 0.947338581 0.022654638 0.709069967 0.011061797 0.704687297
1341846653.698738 -1.376003504 -0.122716151 0.954203725 0.021804327 0.706883669 0.013801989 0.706858993
1341846653.734313 -1.372797012 -0.107503965 0.969907880 0.021107178 0.704145730 0.012923617 0.709624052
1341846653.766275 -1.375277162 -0.116949990 0.968052149 0.019900633 0.701142848 0.016638825 0.712548852
1341846653.802358 -1.399407506 -0.124909692 0.992504716 0.018753322 0.700097978 0.020450206 0.713507473
1341846653.834226 -1.391375542 -0.127888411 0.978079081 0.017671132 0.689991117 0.021783885 0.723274112
1341846653.866214 -1.391297579 -0.119373605 0.975342751 0.017812440 0.684166014 0.020696437 0.728814960
1341846653.902170 -1.400995970 -0.119597241 0.988581300 0.016467491 0.679398477 0.022749292 0.733231902
1341846653.934160 -1.396618605 -0.118825749 0.968919754 0.014194441 0.669682562 0.022915233 0.742158115
1341846653.966155 -1.406025171 -0.122819617 0.979397893 0.011634764 0.664906025 0.022444393 0.746499062
1341846654.002169 -1.412705183 -0.110885136 0.976753116 0.008909235 0.657373548 0.021736769 0.753198624
1341846654.034140 -1.407268643 -0.119406603 0.973465979 0.004004208 0.649404109 0.023416121 0.760072351
1341846654.070172 -1.401019812 -0.131406739 0.979330778 0.004484646 0.640951037 0.024672020 0.767172039
1341846654.102438 -1.396551371 -0.135602832 0.987895966 0.008655388 0.632297456 0.024955289 0.774275303
1341846654.134349 -1.387963295 -0.126306385 0.975927651 0.013746333 0.620974123 0.022898665 0.783375978
1341846654.170244 -1.408447504 -0.139245391 0.978333235 0.014306352 0.611086547 0.023208927 0.791094124
1341846654.202087 -1.381892562 -0.131791800 0.965155125 0.016559947 0.594053030 0.018111555 0.804051459
1341846654.234434 -1.394843817 -0.131295145 0.962881207 0.017332293 0.586401582 0.015229445 0.809691846
1341846654.270041 -1.405857801 -0.123922437 0.987107992 0.018073943 0.579103768 0.012224973 0.814961851
1341846654.302117 -1.387245417 -0.117504120 0.981030226 0.017471366 0.563100994 0.007945430 0.826165199
1341846654.338026 -1.357490420 -0.107455201 0.964281976 0.016814051 0.551171541 0.005341708 0.834205389
1341846654.369979 -1.373474360 -0.117576070 0.992987692 0.017462865 0.545927405 0.009462939 0.837597013
1341846654.402172 -1.422407150 -0.126322731 1.058088660 0.018148009 0.539502144 0.010461901 0.841723621
1341846654.438133 -1.360124588 -0.093930326 0.960303962 0.019047443 0.507858872 0.005308663 0.861213386
1341846654.470186 -1.361421108 -0.104442365 0.965899110 0.015242630 0.500156999 0.006868854 0.865773320
1341846654.502267 -1.411689520 -0.114313379 1.031738281 0.014788312 0.494898260 0.008656031 0.868781984
1341846654.539064 -1.320096970 -0.090198666 0.946323037 0.015003989 0.460714072 0.000185839 0.887421787
1341846654.570053 -1.306859732 -0.088928394 0.965303957 0.011485410 0.457327068 -0.002569479 0.889220715
1341846654.606030 -1.358905911 -0.102028474 1.015761852 0.009256892 0.453501612 -0.002536675 0.891203761
1341846654.637980 -1.278578281 -0.106368929 0.926929653 0.011607704 0.417891830 -0.004365362 0.908412158
1341846654.670155 -1.273875833 -0.101604603 0.911295652 0.014644642 0.409900665 -0.006590625 0.911988795
1341846654.706022 -1.277451634 -0.108235568 0.910443723 0.015789019 0.398397982 -0.006734135 0.917052031
1341846654.738497 -1.265612841 -0.111075848 0.887293041 0.020657264 0.376116008 -0.004455352 0.926331580
1341846654.774056 -1.257605433 -0.090629525 0.889509797 0.023834260 0.368345171 -0.007022084 0.929356992
1341846654.806040 -1.252460361 -0.092436701 0.887922883 0.021649031 0.358034998 -0.005946747 0.933438241
1341846654.838060 -1.248709202 -0.091865659 0.891835093 0.022012858 0.342530876 -0.005829052 0.939230561
1341846654.874136 -1.243328333 -0.084713712 0.890942395 0.020528980 0.330271930 -0.008379921 0.943625331
1341846654.906209 -1.226030827 -0.080443457 0.875593364 0.016987868 0.317043662 -0.007354544 0.948230267
1341846654.938214 -1.220032454 -0.098033823 0.879838467 0.017152518 0.301419437 -0.005678307 0.953320503
1341846654.974334 -1.213233590 -0.093125567 0.869606555 0.022334145 0.282437444 -0.005561498 0.959009647
1341846655.006124 -1.213640690 -0.083806202 0.843502998 0.022779124 0.269111037 -0.004233534 0.962830424
1341846655.042239 -1.206033587 -0.081958823 0.839451432 0.021920109 0.250694215 -0.002642743 0.967814505
1341846655.074179 -1.199092507 -0.083313987 0.835195720 0.024405919 0.227705121 -0.001904671 0.973422408
1341846655.106132 -1.190314293 -0.078850307 0.837745488 0.024799831 0.214195102 -0.003737824 0.976468861
1341846655.142070 -1.193915009 -0.068614557 0.845159411 0.025067387 0.197111532 -0.005528143 0.980044961
1341846655.174000 -1.162084579 -0.063960500 0.816102743 0.022759901 0.168248117 -0.007261883 0.985455155
1341846655.206124 -1.141891599 -0.057549231 0.803344250 0.021788869 0.153643787 -0.005770421 0.987869203
1341846655.242079 -1.135801435 -0.076213203 0.800210178 0.019933371 0.140027061 -0.008725561 0.989908576
1341846655.274211 -1.136747718 -0.088024661 0.797890186 0.019432757 0.135943100 -0.013191295 0.990438223
1341846655.310175 -1.128128648 -0.086895294 0.801403105 0.028114090 0.133669719 -0.008154678 0.990593553
1341846655.342236 -1.110315442 -0.079935208 0.791238725 0.036821462 0.125253335 -0.003866391 0.991433799
1341846655.374134 -1.093015909 -0.085744977 0.784428060 0.038317464 0.120793380 -0.004258142 0.991928816
1341846655.410207 -1.076379299 -0.073228411 0.785518825 0.043629590 0.117095143 0.000810070 0.992161572
1341846655.442262 -1.056679726 -0.067078508 0.785747588 0.050821781 0.104695581 0.004879768 0.993192911
1341846655.474205 -1.040191174 -0.068591550 0.759371519 0.050363425 0.090855800 0.004701211 0.994578660
1341846655.510277 -1.016697407 -0.065576985 0.755398571 0.046462193 0.076382801 0.006848176 0.995971918
1341846655.542135 -1.004315734 -0.063471697 0.760453701 0.043045685 0.066872038 0.009980894 0.996782660
1341846655.578132 -0.965415537 -0.048559595 0.730895877 0.042723205 0.052599363 0.006950972 0.997677147
1341846655.642348 -0.924969554 -0.043640275 0.734443069 0.037745878 0.027094867 0.011028951 0.998859107
1341846655.678110 -0.885454893 -0.033218015 0.721012115 0.039629810 0.009405243 0.010094472 0.999119163
1341846655.710074 -0.854695261 -0.034710642 0.710538626 0.040210985 -0.006981929 0.014060186 0.999067903
1341846655.748050 -0.808209836 -0.021055404 0.675917447 0.038916137 -0.026870554 0.014347255 0.998778105
1341846655.810222 -0.755089939 -0.013899878 0.680105627 0.037931118 -0.054095130 0.026927752 0.997451663
1341846655.846257 -0.696713686 -0.011592845 0.655841291 0.035558593 -0.074301012 0.023405926 0.996326804
1341846655.910355 -0.612896204 -0.015197512 0.650165737 0.028315779 -0.107704759 0.024539687 0.993476570
1341846655.946240 -0.576190650 -0.018097442 0.651751161 0.025905171 -0.124196887 0.026581960 0.991563141
1341846655.978412 -0.542156339 -0.029519269 0.645213544 0.019977011 -0.136368126 0.024703221 0.990148723
1341846656.014188 -0.479082197 -0.021272155 0.617252171 0.018694470 -0.148776129 0.022697723 0.988433659
1341846656.046211 -0.455672801 -0.021615976 0.623103023 0.017143451 -0.155743495 0.026214015 0.987300813
1341846656.078165 -0.429105729 -0.020225856 0.624844670 0.016993230 -0.164394483 0.031247232 0.985753179
1341846656.114220 -0.364713222 -0.001708108 0.609404802 0.017468784 -0.179234639 0.030429117 0.983180523
1341846656.146158 -0.346375912 0.011086276 0.619360328 0.017641949 -0.188279778 0.033415098 0.981388330
1341846656.178154 -0.319143176 0.009011395 0.620262086 0.017376840 -0.199154481 0.033185638 0.979251921
1341846656.214132 -0.299113184 0.007222367 0.641543627 0.016816644 -0.208864197 0.031585459 0.977289796
1341846656.246093 -0.282082587 0.007703418 0.646223068 0.017139813 -0.214989200 0.032362197 0.975929618
1341846656.282181 -0.258505881 0.015314445 0.646749020 0.017796593 -0.221273109 0.034521427 0.974438250
1341846656.314258 -0.249419928 0.017765373 0.654061556 0.016616808 -0.227664188 0.034803491 0.972975671
1341846656.346094 -0.205523953 0.022408802 0.641287386 0.015039867 -0.237522572 0.030640088 0.970782161
1341846656.382222 -0.204768345 0.026241101 0.646604359 0.012625894 -0.242103621 0.031836197 0.969645798
1341846656.414253 -0.177125320 0.033609681 0.649706781 0.015025005 -0.257346928 0.035677765 0.965543330
1341846656.446177 -0.148145109 0.028165391 0.627555728 0.010217284 -0.267738134 0.033254821 0.962863445
1341846656.482260 -0.167337909 0.038238846 0.636619806 0.008714573 -0.271851331 0.034234498 0.961690664
1341846656.519461 -0.177977771 0.024067441 0.636787534 0.006255668 -0.277005196 0.031384256 0.960335433
1341846656.582247 -0.166330948 0.032579809 0.619876385 0.001561226 -0.283418834 0.030226827 0.958518445
1341846656.614195 -0.170609742 0.032039620 0.614965320 0.000382319 -0.285097361 0.028389549 0.958078027
1341846656.649995 -0.171087325 0.033967346 0.605867326 0.000512262 -0.285971701 0.028421571 0.957816362
1341846656.682076 -0.161350787 0.048525985 0.592633963 0.002340680 -0.291538537 0.031941671 0.956022799
1341846656.714216 -0.188865796 0.030089626 0.603329897 -0.002174071 -0.291552693 0.027000429 0.956171215
1341846656.749974 -0.201384708 0.035580590 0.606599808 -0.004032380 -0.291028917 0.026918098 0.956327021
1341846656.782653 -0.211692989 0.019264899 0.611303329 -0.006302524 -0.291580200 0.026830496 0.956149280
1341846656.824388 -0.194810078 0.035959773 0.595234275 -0.003971990 -0.297133654 0.028879218 0.954390824
1341846656.856226 -0.190970004 0.030217290 0.589071691 -0.008915404 -0.298019111 0.024373941 0.954207063
1341846656.892050 -0.202180266 0.018089309 0.608133554 -0.012207012 -0.294310540 0.026295077 0.955270112
1341846656.924099 -0.207674161 0.026812389 0.610822499 -0.011009301 -0.292769611 0.024554819 0.955804288
1341846656.956112 -0.163624436 0.029517576 0.598634541 -0.012301849 -0.293639898 0.023207625 0.955555201
1341846656.992122 -0.191693544 0.021935102 0.587654650 -0.015317076 -0.281105638 0.024941068 0.959230483
1341846657.024108 -0.196698666 0.016639430 0.592034161 -0.015960198 -0.277980089 0.024996314 0.960128963
1341846657.056121 -0.168888316 0.011232706 0.590147138 -0.017911879 -0.276941270 0.022505850 0.960456312
1341846657.092006 -0.204072937 0.004886868 0.595823467 -0.014023904 -0.259828031 0.025775034 0.965209007
1341846657.124027 -0.203985140 0.016103214 0.602941155 -0.004886236 -0.249225363 0.029006332 0.967998743
1341846657.155973 -0.190870494 -0.024492757 0.622785211 -0.006841402 -0.240754172 0.026821174 0.970191419
1341846657.192094 -0.160233110 -0.023629259 0.618341923 -0.005530699 -0.230018929 0.026624748 0.972806156
1341846657.224195 -0.189480245 0.010765987 0.624117911 0.002689502 -0.213457823 0.026358783 0.976592958
1341846657.292164 -0.183288753 0.008319002 0.616199017 0.004182158 -0.192700222 0.021716619 0.981008410
1341846657.354367 -0.121620983 0.016324284 0.615674675 0.004014265 -0.183423117 0.020677548 0.982808352
1341846657.386193 -0.090137303 0.024347423 0.645378351 0.005861460 -0.177697182 0.018648442 0.983891070
1341846657.418105 -0.066015676 0.029856659 0.652706325 0.009720572 -0.170096040 0.019256761 0.985191345
1341846657.454277 -0.031099714 0.031132871 0.655911744 0.010996466 -0.165203810 0.018078245 0.986032426
1341846657.486117 -0.005910239 0.034720521 0.671840191 0.012864986 -0.156051740 0.017088667 0.987517297
1341846657.522092 0.014906586 0.031939685 0.685562253 0.014098615 -0.145527750 0.019856490 0.989054441
1341846657.554062 0.053993378 0.033860952 0.670650184 0.017376987 -0.143410876 0.015844775 0.989383817
1341846657.586078 0.078533061 0.032570664 0.681036532 0.015832422 -0.132728934 0.013848565 0.990929186
1341846657.622205 0.122905441 0.029736120 0.691328347 0.015941286 -0.129247427 0.012772499 0.991401970
1341846657.654161 0.157900855 0.023254238 0.691836774 0.016858406 -0.127418518 0.011142690 0.991643190
1341846657.686517 0.164460808 0.018086189 0.701817930 0.016469395 -0.114355825 0.008008886 0.993271053
1341846657.722061 0.203627154 0.019759301 0.723955691 0.018255318 -0.109495208 0.011839287 0.993749142
1341846657.754104 0.233106419 0.029191768 0.721705675 0.019952577 -0.105884954 0.013647766 0.994084537
1341846657.790066 0.276474893 0.008561351 0.711953402 0.011787270 -0.098202743 0.008535290 0.995060027
1341846657.822089 0.275152922 -0.004699209 0.763678849 0.010901853 -0.080854975 0.010115897 0.996614993
1341846657.853972 0.256892890 0.020970369 0.758550406 0.018527595 -0.068588197 0.010230176 0.997420549
1341846657.889993 0.299419135 0.009877105 0.763902366 0.013499888 -0.060647834 0.009563451 0.998022139
1341846657.922046 0.218596980 0.021775758 0.773144066 0.018753942 -0.033412665 0.007146069 0.999240160
1341846657.954192 0.221121013 0.038142398 0.769898593 0.021255547 -0.024657249 0.011598951 0.999402702
1341846657.990141 0.216530249 0.038670547 0.776958048 0.018130466 -0.012282314 0.008637355 0.999722958
1341846658.022419 0.159211293 0.029893769 0.781515062 0.019602910 0.005538716 0.008468386 0.999756694
1341846658.090215 0.215277538 0.026712837 0.794610679 0.018958939 0.010627301 0.011955495 0.999692321
1341846658.122355 0.215333179 0.038934752 0.806519806 0.020184550 0.016764900 0.012375646 0.999579132
1341846658.158136 0.213806555 0.035256434 0.806525528 0.017039899 0.020905616 0.011447206 0.999570787
1341846658.190098 0.212009549 0.030669820 0.804060340 0.014459708 0.027636260 0.012205146 0.999439001
1341846658.226027 0.208505109 0.025896160 0.817288399 0.015926249 0.033157598 0.010475657 0.999268413
1341846658.258133 0.213659555 0.031523321 0.817152321 0.017863270 0.034025285 0.008392119 0.999226153
1341846658.290020 0.211249173 0.033695057 0.815402806 0.017316613 0.039228171 0.005024906 0.999067545
1341846658.326239 0.157646313 0.022171123 0.808537781 0.015849620 0.052652936 0.000521112 0.998486996
1341846658.358248 0.146982059 0.048283476 0.807324827 0.017223729 0.054057389 -0.003176010 0.998384297
1341846658.390215 0.157199129 0.024561198 0.803331971 0.006296839 0.052060422 -0.006866109 0.998600543
1341846658.426300 0.145760298 0.018071307 0.811460197 0.003932384 0.057852112 -0.007432647 0.998289824
1341846658.458168 0.111533888 0.010524418 0.805409610 0.004637854 0.060443934 -0.006428687 0.998140156
1341846658.494176 0.139788181 0.042851698 0.803164721 0.006398398 0.050517529 -0.000491382 0.998702586
1341846658.526214 0.140081197 0.052932791 0.806564569 -0.002204244 0.049280439 -0.002331223 0.998779833
1341846658.558129 0.139045641 0.051899541 0.808348179 -0.013396325 0.046401575 0.001422689 0.998832047
1341846658.594206 0.117771611 0.065611660 0.814976454 -0.034887332 0.045806658 -0.002391804 0.998338163
1341846658.626105 0.113456309 0.050861005 0.806589484 -0.054932855 0.040066060 -0.004942565 0.997673690
1341846658.658181 0.128927618 0.057356875 0.804445744 -0.060141169 0.032965470 -0.001670657 0.997644067
1341846658.694141 0.138636813 0.047364041 0.799320400 -0.076052085 0.030100180 0.001974061 0.996647477
1341846658.726153 0.126817405 0.047390774 0.796460629 -0.089226492 0.028952422 0.000308543 0.995590508
1341846658.762100 0.108053967 0.032234062 0.800896645 -0.094572835 0.025024675 0.000029992 0.995203435
1341846658.794185 0.136677518 0.051315207 0.788546264 -0.095116705 0.020296419 0.004024823 0.995251119
1341846658.826155 0.128469110 0.083965331 0.793452203 -0.100633472 0.024442397 0.002822151 0.994619310
1341846658.862197 0.108601809 0.035130259 0.795694351 -0.115503445 0.023732938 0.002844339 0.993019462
1341846658.894170 0.134171516 0.061262563 0.788043261 -0.112563066 0.020753829 0.004545495 0.993417501
1341846658.962404 0.105655357 0.035082538 0.792569041 -0.133980885 0.030154768 0.007315168 0.990498006
1341846658.994217 0.113323592 0.032891911 0.796886206 -0.135163411 0.027157141 0.007618600 0.990421832
1341846659.030070 0.110844687 0.030212276 0.798635721 -0.133230180 0.029026074 0.004792196 0.990648389
1341846659.062007 0.107261047 0.028653439 0.799638510 -0.129220486 0.028704852 0.006041002 0.991181910
1341846659.094100 0.107920527 0.030357886 0.792277694 -0.127900839 0.027874755 0.005375886 0.991380632
1341846659.130368 0.117526457 0.024540991 0.794351816 -0.130640835 0.029539909 0.002653571 0.990986049
1341846659.162537 0.108429708 0.020039495 0.798263192 -0.127821609 0.031544939 0.004611157 0.991284668
1341846659.198696 0.104652599 0.025625803 0.794407964 -0.124600001 0.030860735 0.003745186 0.991719961
1341846659.231286 0.111408770 0.029099321 0.792236388 -0.125479594 0.035109881 0.002350408 0.991472006
1341846659.263549 0.108026341 0.021967744 0.794603050 -0.126516059 0.036246240 0.005622665 0.991286218
1341846659.298797 0.112292744 0.027365528 0.792205334 -0.126064748 0.033906493 0.005755380 0.991425753
1341846659.331074 0.108741410 0.026561124 0.791704237 -0.127622440 0.037060905 0.004939768 0.991117835
1341846659.362420 0.101823650 0.013630924 0.801008761 -0.130084425 0.040382851 0.007316672 0.990653157
1341846659.398303 0.115091532 0.023887379 0.796601653 -0.125220895 0.036918353 0.009377877 0.991397381
1341846659.430262 0.113153458 0.035377897 0.790987194 -0.123288825 0.037343711 0.008706636 0.991629779
1341846659.466583 0.111259438 0.024919987 0.792907834 -0.125878498 0.040759243 0.007767234 0.991177559
1341846659.498531 0.112029776 0.016712658 0.796662390 -0.125430822 0.039254837 0.010265612 0.991272330
1341846659.530267 0.113858536 0.028450152 0.791198134 -0.121227898 0.038117897 0.009388601 0.991848111
1341846659.566571 0.124100678 0.028259275 0.789770246 -0.120660119 0.039285321 0.008436948 0.991880357
1341846659.598122 0.117733724 0.019582795 0.793987095 -0.120378934 0.042030495 0.010201368 0.991785407
1341846659.630209 0.117794238 0.023486519 0.790357232 -0.116896406 0.039032307 0.010871815 0.992317319
1341846659.666409 0.122138552 0.035839789 0.784847796 -0.115129948 0.038789943 0.007940230 0.992561042
1341846659.698237 0.115042932 0.019018745 0.790800869 -0.119149566 0.040095925 0.008767347 0.992027700
1341846659.734169 0.114479423 0.022461507 0.787765503 -0.117534183 0.033657309 0.007452863 0.992470384
1341846659.766421 0.116433568 0.026334949 0.787467539 -0.117116168 0.031518955 0.003994515 0.992609978
1341846659.798087 0.111969836 0.020071052 0.789385200 -0.117988907 0.032789972 0.004196126 0.992464542
1341846659.834075 0.108750477 0.016846679 0.787955403 -0.116797604 0.029329672 0.005173801 0.992709160
1341846659.866481 0.107346401 0.017342897 0.786737800 -0.116463356 0.025776066 0.004610744 0.992849767
1341846659.898128 0.110855773 0.017002877 0.789177895 -0.115714110 0.024068873 0.005520329 0.992975593
1341846659.934286 0.116501562 0.017848050 0.788161993 -0.112237811 0.020428399 0.007611550 0.993442237
1341846659.966354 0.101748183 0.015021855 0.787659049 -0.110982962 0.018712105 0.006467033 0.993625164
1341846660.002267 0.106701046 0.019135054 0.786881864 -0.109331951 0.016825361 0.004453719 0.993852913
1341846660.034581 0.102705725 0.012650142 0.786423922 -0.108135529 0.016698165 0.004490066 0.993985772
1341846660.066206 0.097217731 0.003950294 0.791797876 -0.105174571 0.011745012 0.003218475 0.994379282
1341846660.102245 0.093726695 0.011822864 0.784733295 -0.100291908 0.010506096 0.001016210 0.994902134
1341846660.140244 0.091494843 0.019885860 0.781891227 -0.097982183 0.011672372 0.000018862 0.995119750
1341846660.202316 0.095133051 0.014579384 0.783642352 -0.094047122 0.003504321 -0.000524952 0.995561481
1341846660.234105 0.094531342 0.005686059 0.783446372 -0.092624404 0.004976370 -0.000890318 0.995688379
1341846660.270168 0.080864899 -0.018201374 0.770666063 -0.089429319 0.006131606 0.001441528 0.995973289
1341846660.302258 0.080253527 -0.015160479 0.779164851 -0.074601643 0.001437421 0.001113920 0.997211754
1341846660.334349 0.086939245 -0.002216471 0.778476298 -0.060907722 -0.000012699 -0.002709565 0.998139799
1341846660.370214 0.079889700 0.007229081 0.781143546 -0.055008996 0.002239921 -0.004614359 0.998472750
1341846660.401986 0.089190550 0.005095816 0.777895570 -0.055186603 -0.002282155 -0.005009497 0.998460948
1341846660.438062 0.090349764 -0.014268578 0.778203487 -0.057790231 -0.003352906 -0.006440635 0.998302400
1341846660.470191 0.086816825 -0.017724471 0.782402396 -0.055266954 -0.002640771 -0.005092995 0.998455167
1341846660.502233 0.080773562 -0.007796635 0.778509915 -0.051597677 -0.004180137 -0.004893180 0.998647273
1341846660.537985 0.090606146 0.000762961 0.781599581 -0.050519086 -0.005808327 -0.004274274 0.998697102
1341846660.570279 0.087559581 -0.017084427 0.781643212 -0.052203655 -0.004023172 -0.001886917 0.998626590
1341846660.602130 0.072786354 -0.017666865 0.773164332 -0.047498226 -0.004531737 0.001140894 0.998860359
1341846660.638256 0.089836560 0.001981372 0.774486423 -0.043940123 -0.008784596 0.000549670 0.998995423
1341846660.670338 0.094497964 -0.008538814 0.773445070 -0.046522204 -0.005609759 0.001202705 0.998900831
1341846660.706457 0.081652850 -0.017556209 0.768648565 -0.042376686 -0.002901966 0.006605614 0.999075711
1341846660.738241 0.083164752 -0.006452417 0.768608451 -0.034148470 -0.004349718 0.007200811 0.999381423
1341846660.770121 0.100233391 -0.009145889 0.766664326 -0.033150967 -0.002878792 0.007149320 0.999420702
1341846660.806117 0.099521808 -0.025383865 0.767271161 -0.030501641 0.001736247 0.009062313 0.999492109
1341846660.838338 0.085043862 -0.021315429 0.762566090 -0.019600652 0.003433195 0.011019764 0.999741256
1341846660.870203 0.099891797 -0.024370875 0.767839313 -0.012887152 0.002361900 0.008894408 0.999874592
1341846660.906366 0.107275277 -0.035484150 0.761732697 -0.009571835 0.007843540 0.008877927 0.999884069
1341846660.938063 0.100246139 -0.055925913 0.767733395 -0.001414427 0.009596391 0.012118292 0.999879539
1341846660.974147 0.110466473 -0.044875387 0.764201999 0.012334880 0.007492499 0.011890045 0.999825180
1341846661.006234 0.108362667 -0.047610961 0.765135288 0.014534244 0.012085687 0.011350363 0.999756932
1341846661.038225 0.097076148 -0.063975677 0.766272545 0.015254899 0.014154404 0.012431503 0.999706209
1341846661.074059 0.104780629 -0.068376847 0.764875829 0.028207716 0.010679196 0.012614072 0.999465525
1341846661.106184 0.110146798 -0.053029012 0.769923031 0.037761278 0.011819077 0.012733763 0.999135792
1341846661.138209 0.110824920 -0.035246857 0.761426806 0.038245458 0.012589062 0.012668991 0.999108791
1341846661.174244 0.116629489 -0.060871668 0.767575026 0.035212990 0.012334488 0.012299781 0.999228060
1341846661.206205 0.122423604 -0.055132784 0.763149798 0.040062420 0.011768988 0.013398747 0.999038041
1341846661.242184 0.118096463 -0.044264410 0.761965752 0.042601831 0.012301568 0.013118370 0.998930335
1341846661.274177 0.118639939 -0.036599968 0.760825694 0.042040236 0.013200535 0.011843554 0.998958588
1341846661.308814 0.114517175 -0.050315551 0.761831880 0.038201362 0.013538278 0.012693699 0.999097764
1341846661.342489 0.110408232 -0.041025717 0.762287915 0.039385159 0.012969196 0.011310478 0.999076009
1341846661.374640 0.116575196 -0.045114797 0.762795031 0.037816629 0.012367934 0.010585668 0.999152124
1341846661.410178 0.102977194 -0.065591313 0.766113579 0.039821893 0.012314889 0.011593724 0.999063671
1341846661.442211 0.116992056 -0.045608420 0.761434197 0.046139538 0.008448339 0.010677221 0.998842299
1341846661.474354 0.111863598 -0.038595427 0.761171281 0.045929909 0.010906289 0.009713048 0.998837888
1341846661.510169 0.102693826 -0.030569756 0.759648860 0.045226589 0.010023974 0.009528130 0.998881102
1341846661.542767 0.116316818 -0.028157495 0.752110422 0.039632417 0.006923847 0.006623566 0.999168396
1341846661.574217 0.107688554 -0.052976593 0.759379745 0.033650942 0.009673415 0.007015907 0.999362230
1341846661.610041 0.111632220 -0.042651422 0.770498335 0.038926266 0.005367320 0.009240173 0.999184966
1341846661.642253 0.091265075 -0.046253812 0.751723349 0.036583111 0.008196081 0.007022329 0.999272406
1341846661.678078 0.049931355 -0.058174469 0.748760343 0.033674914 0.014176818 0.004201664 0.999323428
1341846661.710142 0.043173917 -0.054081950 0.737231970 0.039320942 0.011790581 0.003240879 0.999151826
1341846661.742341 -0.008123310 -0.071573764 0.737305462 0.044971008 0.019513173 0.000357533 0.998797655
1341846661.778063 -0.054101836 -0.078058414 0.735490799 0.053595524 0.027855506 -0.000482757 0.998174012
1341846661.810103 -0.108583637 -0.092735581 0.742870331 0.057931297 0.037200458 -0.003375491 0.997621536
1341846661.842216 -0.170682311 -0.103972018 0.755087972 0.064395279 0.048213266 -0.005231526 0.996745408
1341846661.878157 -0.223858044 -0.119686522 0.765474379 0.065172419 0.058858044 -0.010667273 0.996079564
1341846661.910222 -0.272129416 -0.115713820 0.774325550 0.067504130 0.069054186 -0.011914084 0.995255113
1341846661.946090 -0.318230659 -0.111305326 0.786929369 0.071414106 0.076841891 -0.013004033 0.994397461
1341846662.010311 -0.418306798 -0.110837802 0.817720115 0.085230388 0.095152803 -0.019537101 0.991614878
1341846662.046195 -0.463684201 -0.111174345 0.821642518 0.094718881 0.099528968 -0.017811572 0.990356088
1341846662.078099 -0.512874007 -0.111947253 0.830259919 0.100496046 0.106798962 -0.020343972 0.988979638
1341846662.110672 -0.557276070 -0.111991554 0.845232546 0.107183360 0.115592398 -0.019080799 0.987312555
1341846662.146166 -0.605707824 -0.106779814 0.859114647 0.116852038 0.121725649 -0.016251741 0.985527456
1341846662.178168 -0.636932850 -0.108579844 0.870603263 0.124317273 0.125977650 -0.015492555 0.984090865
1341846662.214136 -0.675811052 -0.111416601 0.882069349 0.136030331 0.134036198 -0.015351208 0.981475651
1341846662.246167 -0.714861095 -0.106408790 0.896959782 0.149053842 0.138737738 -0.010700617 0.978989482
1341846662.278007 -0.747174323 -0.110323668 0.907783151 0.154153436 0.143581748 -0.011484264 0.977491260
1341846662.314144 -0.787842810 -0.114764988 0.920670033 0.159276843 0.152410939 -0.011944447 0.975325167
1341846662.346164 -0.824890733 -0.119228832 0.934398055 0.164366424 0.156634510 -0.009326965 0.973838985
1341846662.378069 -0.856447577 -0.132334888 0.946369350 0.168568447 0.161117464 -0.009169936 0.972389698
1341846662.414229 -0.895004272 -0.140907541 0.963039994 0.175139919 0.169186562 -0.007148568 0.969871521
1341846662.446102 -0.926161647 -0.149563551 0.971603632 0.181088731 0.172747403 -0.005228880 0.968162119
1341846662.482229 -0.960881472 -0.161907822 0.989396214 0.187583819 0.177494377 -0.006055983 0.966059744
1341846662.514117 -0.988884270 -0.165189460 1.002876639 0.197387561 0.182711706 -0.004506386 0.963137746
1341846662.546261 -0.997345924 -0.153720334 1.018388987 0.208371967 0.184213638 -0.003176157 0.960539639
1341846662.582101 -0.857373118 -0.142849848 0.940429211 0.210414141 0.162175938 -0.010690385 0.964007556
1341846662.620264 -0.881033540 -0.127849117 0.964556575 0.216694653 0.167917922 -0.009489442 0.961642861
1341846662.682024 -0.854435682 -0.132875621 0.944160819 0.224272922 0.161802337 -0.012318118 0.960921407
1341846662.714075 -0.855089486 -0.133419901 0.943680525 0.225651756 0.162829384 -0.011786479 0.960431695
1341846662.750127 -0.877721548 -0.130567551 0.967227578 0.231641769 0.166079491 -0.009591953 0.958471537
1341846662.782002 -0.880363047 -0.132480651 0.961765110 0.234745875 0.165541843 -0.009886150 0.957806170
1341846662.814097 -0.881569564 -0.125146568 0.967881143 0.233470544 0.165574670 -0.009490375 0.958116114
1341846662.850193 -0.875033438 -0.122894973 0.971189976 0.234694958 0.163721800 -0.009858344 0.958131731
1341846662.882162 -0.879950643 -0.124016613 0.966297865 0.237293392 0.163556978 -0.009932959 0.957518876
1341846662.918191 -0.850490570 -0.137809366 0.942548692 0.232816890 0.157307908 -0.011717623 0.959642291
1341846662.956034 -0.873705268 -0.128796965 0.959672749 0.234748691 0.161397517 -0.010652321 0.958504319
1341846663.018208 -0.893392324 -0.133896813 0.963114560 0.239531174 0.160553023 -0.010016806 0.957469165
1341846663.049994 -0.891939819 -0.132074207 0.965348005 0.238943323 0.159691036 -0.010783809 0.957751870
1341846663.118078 -0.849247098 -0.140008569 0.944705725 0.239337534 0.153176308 -0.014296732 0.958671093
1341846663.150227 -0.892627120 -0.135013148 0.966128230 0.241535291 0.160973459 -0.014385725 0.956839263
1341846663.186300 -0.893142581 -0.122742526 0.967593968 0.242628634 0.161876649 -0.015042441 0.956400037
1341846663.218442 -0.886257529 -0.130003840 0.959601402 0.237228021 0.160429716 -0.015028549 0.957997620
1341846663.250380 -0.855395555 -0.130017087 0.943510830 0.230318755 0.156061247 -0.015505500 0.960394561
1341846663.286056 -0.820072174 -0.119672090 0.936371028 0.226864055 0.151126772 -0.015375053 0.962006807
1341846663.318060 -0.854425490 -0.110298730 0.947530568 0.219822437 0.154993743 -0.012284472 0.963070214
1341846663.350114 -0.856758237 -0.106357053 0.948470414 0.208918169 0.154526681 -0.010366121 0.965591729
1341846663.385985 -0.848103940 -0.108858846 0.946476102 0.199827597 0.153396294 -0.009864743 0.967698991
1341846663.418056 -0.858362794 -0.100990057 0.951523006 0.196295232 0.152148187 -0.006928797 0.968643963
1341846663.454044 -0.857334614 -0.111844204 0.950631201 0.187078640 0.151014879 -0.005636481 0.970651507
1341846663.486091 -0.848567903 -0.113726750 0.946453035 0.179535285 0.149326712 -0.004005470 0.972343922
1341846663.518394 -0.745914340 -0.098715447 0.903046489 0.171863586 0.131282657 -0.006105625 0.976314723
1341846663.554251 -0.745060921 -0.094186954 0.904547393 0.166356161 0.131070018 -0.005517844 0.977300286
1341846663.586143 -0.744224727 -0.100621358 0.895862877 0.157289699 0.130584016 -0.003188425 0.978875697
1341846663.622145 -0.745111167 -0.091280371 0.901080906 0.150954977 0.129201293 -0.002105130 0.980058789
1341846663.654099 -0.746224284 -0.100693718 0.904220223 0.143877164 0.128240705 -0.000883024 0.981250703
1341846663.686099 -0.742834866 -0.083202988 0.897287428 0.136044398 0.127842978 -0.000620772 0.982419312
1341846663.722109 -0.735838771 -0.090499610 0.897179127 0.126351684 0.126490206 0.000285701 0.983887911
1341846663.755694 -0.732696593 -0.083786115 0.894484222 0.122387148 0.127127960 0.000543213 0.984306693
1341846663.786304 -0.727907240 -0.066097528 0.890847981 0.113792971 0.128149748 0.002060382 0.985202849
1341846663.822090 -0.738560319 -0.068645388 0.896648288 0.093445852 0.130695492 0.003379377 0.987003148
1341846663.854115 -0.734359205 -0.086868763 0.896418989 0.082671203 0.130695701 0.004134465 0.987961054
1341846663.890140 -0.721633077 -0.060008086 0.886504710 0.079263486 0.129744902 0.004411001 0.988364398
1341846663.921987 -0.732324004 -0.035465758 0.881575167 0.060523875 0.133050993 0.005976466 0.989241421
1341846663.954282 -0.733635366 -0.079964787 0.886690557 0.037856411 0.134732693 0.005540810 0.990143061
1341846663.990370 -0.725317776 -0.067266628 0.882014155 0.030217279 0.135914221 0.006530758 0.990238130
1341846664.022124 -0.742082119 -0.060099538 0.891975999 0.016674340 0.141395658 0.007437096 0.989784837
1341846664.054171 -0.732502759 -0.058494467 0.883489668 0.001137879 0.140321761 0.007319380 0.990078270
1341846664.090250 -0.733237147 -0.078189306 0.890839159 -0.014421806 0.142515361 0.009129792 0.989645481
1341846664.122237 -0.741921008 -0.083153196 0.888308227 -0.019743575 0.144240484 0.009638987 0.989298761
1341846664.158241 -0.748063922 -0.073919475 0.882667065 -0.023687221 0.144116879 0.011005004 0.989215970
1341846664.190141 -0.739910305 -0.062431328 0.885559440 -0.032367222 0.143209293 0.010070945 0.989111781
1341846664.222189 -0.777678132 -0.069863878 0.876000881 -0.041555718 0.151958540 0.006464773 0.987491786
1341846664.258172 -0.775524497 -0.075409316 0.875560284 -0.047218230 0.150963038 0.007798941 0.987380326
1341846664.290022 -0.771103442 -0.051667392 0.876999497 -0.050308570 0.152736664 0.006313574 0.986965418
1341846664.322491 -0.770914733 -0.053665116 0.877378643 -0.060617816 0.154373839 0.006934601 0.986126840
1341846664.358302 -0.773204088 -0.056110080 0.880780399 -0.069486409 0.154659659 0.009087414 0.985479355
1341846664.390101 -0.774626613 -0.059022620 0.879803658 -0.078146666 0.154592767 0.009158198 0.984840333
1341846664.426143 -0.743881941 -0.068258181 0.880871475 -0.088824652 0.148342252 0.015728392 0.984813392
1341846664.458304 -0.743234992 -0.056435663 0.881723762 -0.095388480 0.148497000 0.017585309 0.984144568
1341846664.490116 -0.738691449 -0.057415713 0.879002869 -0.105438501 0.149308264 0.017675431 0.982994139
1341846664.526173 -0.746989965 -0.061034732 0.881561697 -0.114506051 0.151367649 0.019365376 0.981631994
1341846664.558129 -0.742588639 -0.059225388 0.880532622 -0.122141734 0.149921745 0.021893209 0.980880022
1341846664.590129 -0.742290080 -0.068870530 0.882388175 -0.132001504 0.152569398 0.018314244 0.979266465
1341846664.626196 -0.743025780 -0.075858921 0.893379509 -0.135308802 0.154807746 0.019609433 0.978438377
1341846664.658276 -0.750007391 -0.081177235 0.896019280 -0.132764310 0.155118823 0.020221431 0.978725195
1341846664.694136 -0.742175817 -0.076177746 0.884802818 -0.132276550 0.154781550 0.017793545 0.978891790
1341846664.726667 -0.744163811 -0.070214108 0.884881258 -0.134412915 0.158239767 0.017851576 0.978046417
1341846664.758141 -0.738681912 -0.075575456 0.886783957 -0.136235565 0.156048089 0.019812020 0.978108644
1341846664.794104 -0.740001023 -0.069428757 0.885742664 -0.136430979 0.155267730 0.018652018 0.978228331
1341846664.826123 -0.745425463 -0.066747069 0.883946896 -0.137920082 0.157455161 0.020858340 0.977625191
1341846664.862093 -0.747976482 -0.072690770 0.886138141 -0.140092105 0.156631738 0.023011688 0.977400243
1341846664.894198 -0.745249629 -0.069657445 0.882181227 -0.140038088 0.155895486 0.022284308 0.977542579
1341846664.926270 -0.738785505 -0.065833136 0.880642295 -0.141257390 0.157667950 0.022275578 0.977082968
1341846664.962375 -0.752522707 -0.064766005 0.882163942 -0.142774493 0.159945250 0.023061279 0.976473808
1341846664.997077 -0.745339274 -0.060454387 0.877527475 -0.144900635 0.158686757 0.021978399 0.976391017
1341846665.026380 -0.738961875 -0.064337626 0.879553258 -0.148460642 0.158953428 0.021912854 0.975814104
1341846665.062417 -0.743104100 -0.062613621 0.880771637 -0.149149626 0.159255072 0.023908395 0.975612938
1341846665.094077 -0.741878271 -0.060464293 0.875010371 -0.152078688 0.158670068 0.023304500 0.975270629
1341846665.130160 -0.745565295 -0.059994467 0.873759031 -0.156944215 0.162405565 0.024549380 0.973853350
1341846665.162114 -0.750005722 -0.064273566 0.877517819 -0.161080673 0.161800638 0.027077965 0.973211408
1341846665.194100 -0.753960848 -0.054575123 0.872779787 -0.161525384 0.161437288 0.026756922 0.973206937
1341846665.230221 -0.744537711 -0.053186588 0.863242924 -0.167508349 0.162194505 0.028454978 0.972020745
1341846665.262005 -0.753441334 -0.048243478 0.865071356 -0.176420078 0.164296359 0.029036215 0.970071971
1341846665.300077 -0.748570740 -0.051758923 0.865718961 -0.185223728 0.162994459 0.029754596 0.968627691
1341846665.362294 -0.746622801 -0.062691711 0.867464006 -0.197016388 0.166558102 0.030821299 0.965656757
1341846665.398079 -0.759668469 -0.038565263 0.861142576 -0.195612207 0.165935546 0.031274475 0.966034830
1341846665.430162 -0.742782652 -0.061998464 0.855710983 -0.209635407 0.164405048 0.030646460 0.963371634
1341846665.462226 -0.740236163 -0.048182398 0.848782957 -0.218056500 0.167187274 0.031161839 0.961004078
1341846665.498226 -0.762878656 -0.051131442 0.859752119 -0.223835409 0.168954730 0.032385491 0.959324360
1341846665.530109 -0.754382193 -0.059823275 0.863522887 -0.226191655 0.167251736 0.032609597 0.959062457
1341846665.562222 -0.752837241 -0.054851905 0.857583940 -0.225884765 0.168359682 0.034021664 0.958891928
1341846665.598196 -0.756251574 -0.053587355 0.855763316 -0.227499619 0.167643666 0.035705138 0.958574355
1341846665.630107 -0.750888169 -0.054775901 0.852776051 -0.231569126 0.167100146 0.033906192 0.957759798
1341846665.666289 -0.761975169 -0.043581806 0.849958181 -0.233277798 0.171283364 0.034547158 0.956582487
1341846665.698060 -0.758620679 -0.058725528 0.852839768 -0.239298970 0.169201747 0.036276188 0.955400884
1341846665.730361 -0.756922662 -0.051250793 0.848403633 -0.240738258 0.168183833 0.035289794 0.955255926
1341846665.766193 -0.749591291 -0.041002952 0.840845346 -0.243064553 0.168605551 0.035862885 0.954570949
1341846665.798338 -0.760375857 -0.034879833 0.840341032 -0.245240480 0.171237588 0.037224714 0.953493178
1341846665.834237 -0.756408811 -0.050080597 0.840392172 -0.252252847 0.170509905 0.036930408 0.951804101
1341846665.866106 -0.759386003 -0.047616631 0.835344911 -0.257789314 0.173355937 0.037062421 0.949799359
1341846665.898073 -0.753764212 -0.053173304 0.838408232 -0.266666293 0.175070778 0.039374370 0.946936667
1341846665.934076 -0.758369505 -0.056112438 0.839262784 -0.272421747 0.174336180 0.041533612 0.945340276
1341846665.966137 -0.757957280 -0.052043006 0.834111929 -0.275583237 0.174315244 0.042144168 0.944400370
1341846665.998149 -0.755316734 -0.052152455 0.834591568 -0.279717326 0.176779345 0.042044677 0.942729831
1341846666.034210 -0.786709666 -0.044022068 0.832004786 -0.277787596 0.181582361 0.043067958 0.942341268
1341846666.072502 -0.795358241 -0.049511164 0.834104836 -0.280019403 0.182535723 0.043370660 0.941482306
1341846666.134147 -0.787841141 -0.053782403 0.828917623 -0.289196283 0.183146745 0.045211881 0.938498080
1341846666.166356 -0.794179618 -0.058591366 0.834438384 -0.291627049 0.183215484 0.045268741 0.937729418
1341846666.202327 -0.793496966 -0.059929326 0.831156731 -0.294397503 0.185203552 0.044792332 0.936495304
1341846666.234319 -0.790628016 -0.056914181 0.828972340 -0.296381444 0.182942539 0.045638461 0.936273098
1341846666.266322 -0.790897846 -0.069886833 0.829358995 -0.303019017 0.180479601 0.048094328 0.934501767
1341846666.302195 -0.802742600 -0.106307045 0.844229102 -0.321957856 0.184561476 0.049223274 0.927284896
1341846666.335080 -0.785058796 -0.084502235 0.828982115 -0.328405529 0.180557877 0.048392031 0.925854743
1341846666.370216 -0.798247635 -0.081505284 0.831516981 -0.333769947 0.179287165 0.050913386 0.924046338
1341846666.402019 -0.809176385 -0.098616600 0.844628096 -0.343672156 0.181895629 0.054358676 0.919700325
1341846666.434088 -0.793689847 -0.037699565 0.813240170 -0.336295426 0.179716915 0.056520782 0.922720313
1341846666.470060 -0.822230279 -0.025553331 0.817545235 -0.335570604 0.181937933 0.060866613 0.922272325
1341846666.502190 -0.845672250 -0.112044007 0.855452418 -0.357644856 0.187812313 0.067395367 0.912290871
1341846666.534121 -0.811544716 -0.081299126 0.831939995 -0.362211972 0.183249936 0.067426495 0.911414087
1341846666.570131 -0.814736128 -0.092681885 0.840380013 -0.371809274 0.183200285 0.070270821 0.907335401
1341846666.602180 -0.813169122 -0.058863342 0.823401392 -0.371380240 0.181297511 0.071975499 0.907759547
1341846666.638072 -0.847262502 -0.017485797 0.806916356 -0.369386792 0.187660351 0.072186209 0.907262981
1341846666.670134 -0.856201708 -0.018573374 0.817873418 -0.373418689 0.187864155 0.072441198 0.905548334
1341846666.738266 -0.841973305 -0.026409447 0.812195957 -0.378844082 0.182455048 0.076994359 0.904023886
1341846666.770390 -0.828640223 -0.031099707 0.817168236 -0.382220089 0.178162500 0.079369590 0.903253317
1341846666.802119 -0.838736415 -0.035021514 0.816630304 -0.383486718 0.176867396 0.082733653 0.902668834
1341846666.838108 -0.850556552 -0.015721709 0.802072287 -0.380610436 0.177328348 0.083656870 0.903710127
1341846666.870483 -0.850438058 -0.011942372 0.800315142 -0.382747233 0.176792964 0.084490351 0.902834535
1341846666.906019 -0.856009185 -0.012663916 0.798995078 -0.385604441 0.176544443 0.085442357 0.901576936
1341846666.937989 -0.851061106 -0.011216223 0.794141233 -0.388838202 0.173030093 0.085802272 0.900834858
1341846666.970036 -0.848196328 -0.018269390 0.792895019 -0.393686801 0.172021046 0.085421823 0.898956358
1341846667.006200 -0.852473915 -0.026780277 0.797024965 -0.397925645 0.172569156 0.084242456 0.897094429
1341846667.038153 -0.886826158 -0.013643712 0.792665482 -0.397275478 0.174279585 0.082364112 0.897226274
1341846667.074153 -0.837380826 0.008049101 0.761479974 -0.399376005 0.163022026 0.081580043 0.898480654
1341846667.106156 -0.867972553 -0.020473808 0.786546826 -0.412265241 0.170003518 0.081079535 0.891382217
1341846667.138108 -0.848201573 -0.033734918 0.784742951 -0.414446294 0.162197441 0.081298694 0.891805410
1341846667.174105 -0.851274133 -0.023847967 0.776338637 -0.410918027 0.162328169 0.078085341 0.893699467
1341846667.206107 -0.808943510 -0.014542669 0.763592660 -0.408647478 0.157235429 0.075003996 0.895912230
1341846667.238075 -0.731888831 -0.000719219 0.749153495 -0.403613120 0.142728999 0.072308637 0.900830925
1341846667.274016 -0.705270112 -0.013751134 0.740453064 -0.399460673 0.137809917 0.070138924 0.903615117
1341846667.306189 -0.690617800 -0.022067741 0.760146677 -0.393094331 0.138696492 0.060847092 0.906938672
1341846667.342253 -0.652494192 -0.061339632 0.745492458 -0.386717290 0.130082101 0.065799125 0.910603583
1341846667.374345 -0.650865078 -0.046663329 0.736250460 -0.374339819 0.128766239 0.056504417 0.916567624
1341846667.406982 -0.654952586 -0.061502576 0.736922920 -0.370902121 0.132291436 0.051386103 0.917763650
1341846667.442109 -0.671949983 -0.097648069 0.757974744 -0.365782827 0.135641754 0.051368386 0.919328868
1341846667.474109 -0.683517337 -0.115324855 0.746338665 -0.354092449 0.136695474 0.047441054 0.923949242
1341846667.506006 -0.681507230 -0.126606584 0.762939155 -0.346067339 0.138188869 0.043194264 0.926971197
1341846667.542298 -0.671960473 -0.141076669 0.747117579 -0.332914174 0.134848714 0.044472959 0.932205021
1341846667.574196 -0.646373570 -0.130168542 0.747631013 -0.316058695 0.128630415 0.041670587 0.939055264
1341846667.610099 -0.676924169 -0.106083170 0.746058583 -0.301373690 0.136411399 0.034817003 0.943055451
1341846667.642293 -0.650885463 -0.104581714 0.737762570 -0.292723000 0.131610334 0.034715485 0.946460128
1341846667.674072 -0.665997207 -0.103709400 0.733133852 -0.288457245 0.133770883 0.031860225 0.947566748
1341846667.710179 -0.672607899 -0.070015699 0.726875186 -0.282024354 0.138391405 0.031705651 0.948843956
1341846667.742255 -0.635572612 -0.070685737 0.726005435 -0.278489888 0.132688612 0.033013832 0.950656235
1341846667.774114 -0.646718860 -0.059038356 0.722345471 -0.267818570 0.133627534 0.031682193 0.953631639
1341846667.810099 -0.674477398 -0.072765708 0.726240933 -0.266113073 0.142280966 0.028824527 0.952947557
1341846667.842103 -0.640858829 -0.068848148 0.725268066 -0.260728389 0.138758078 0.026778139 0.955013096
1341846667.878139 -0.607757688 -0.055606030 0.715864003 -0.248048782 0.132387921 0.028844871 0.959225357
1341846667.910558 -0.646655977 -0.076418750 0.727814972 -0.247285038 0.142558813 0.023946853 0.958098948
1341846667.942116 -0.620402753 -0.068861149 0.724982858 -0.241421208 0.141807735 0.021736041 0.959757268
1341846667.978287 -0.593424499 -0.052050494 0.714165092 -0.229584798 0.137056708 0.022282017 0.963332653
1341846668.010215 -0.668809295 -0.102500029 0.751023650 -0.232065022 0.154033959 0.020166473 0.960214913
1341846668.046247 -0.673250854 -0.096734874 0.755376101 -0.222251356 0.157906145 0.019092137 0.961928010
1341846668.078111 -0.608082950 -0.084141195 0.736443937 -0.209906444 0.147107452 0.020984210 0.966363549
1341846668.110130 -0.550867915 -0.078015529 0.738474846 -0.201961622 0.140678421 0.018703489 0.969056904
1341846668.146332 -0.485321581 -0.055422794 0.718002439 -0.189402387 0.131799534 0.015422613 0.972891510
1341846668.178208 -0.438284576 -0.048644405 0.702315569 -0.177206397 0.123014189 0.020415792 0.976242065
1341846668.211262 -0.385429174 -0.041930314 0.706138015 -0.164408624 0.114254557 0.021596879 0.979514837
1341846668.246163 -0.329649717 -0.037473537 0.693458676 -0.149627775 0.106966577 0.022131629 0.982690156
1341846668.278397 -0.304370433 -0.031279780 0.689834833 -0.135225073 0.100889146 0.024639422 0.985357046
1341846668.314248 -0.384257257 -0.072120614 0.707071006 -0.132965058 0.114634655 0.021736741 0.984229028
1341846668.346231 -0.375615537 -0.058810245 0.701967299 -0.124774098 0.114976361 0.022187866 0.985251009
1341846668.378099 -0.383599669 -0.060609810 0.705563486 -0.118411690 0.115159720 0.024830632 0.985951543
1341846668.414247 -0.385983288 -0.074281715 0.710454762 -0.114340730 0.116656490 0.023845375 0.986280382
1341846668.445965 -0.407417536 -0.078396693 0.727373779 -0.105891757 0.121776462 0.026006171 0.986550093
1341846668.478153 -0.378582358 -0.057922907 0.737065315 -0.082834572 0.115059756 0.028119786 0.989499390
1341846668.514213 -0.367646456 -0.059696712 0.716086209 -0.067203678 0.112307176 0.028004935 0.991002798
1341846668.546115 -0.377250850 -0.080168188 0.716324151 -0.063954160 0.114311717 0.027473425 0.991003513
1341846668.582467 -0.378603131 -0.092473835 0.721328318 -0.059319060 0.114158787 0.022760276 0.991428792
1341846668.614140 -0.374092191 -0.089264140 0.717761338 -0.045302279 0.114930011 0.018247733 0.992172301
1341846668.646312 -0.355358422 -0.081978358 0.713195443 -0.032208260 0.110746980 0.017241867 0.993176997
1341846668.682455 -0.376322746 -0.118144520 0.722984016 -0.030955121 0.112423524 0.015897846 0.993050873
1341846668.714133 -0.372595340 -0.082803182 0.710488975 -0.011594313 0.108134143 0.012367856 0.993991792
1341846668.746132 -0.364660144 -0.115116917 0.710224330 -0.009574212 0.105356045 0.012106880 0.994314849
1341846668.782338 -0.410032183 -0.079996735 0.716056168 -0.003848125 0.112550013 0.010649052 0.993581593
1341846668.814140 -0.415272087 -0.082916483 0.722908556 -0.005854229 0.114137143 0.010118962 0.993396282
1341846668.850214 -0.414882749 -0.085540533 0.714132428 -0.006539648 0.112420969 0.011028023 0.993577957
1341846668.882442 -0.413837910 -0.078184351 0.718502820 -0.008257735 0.111168601 0.008710108 0.993729115
1341846668.914289 -0.415947765 -0.076134719 0.718591392 -0.008340307 0.110476777 0.007243605 0.993817389
1341846668.950088 -0.425665319 -0.071868353 0.706372261 -0.005992236 0.108052999 0.003414861 0.994121253
1341846668.982227 -0.414725125 -0.050157376 0.701401174 -0.007175188 0.102048181 -0.000502003 0.994753480
1341846669.014062 -0.414495200 -0.059898142 0.703813076 -0.017614501 0.100453675 -0.005259471 0.994771898
1341846669.050056 -0.427411705 -0.038057230 0.715450585 -0.018336879 0.098953627 -0.008818725 0.994884074
1341846669.082525 -0.421673834 -0.059897419 0.707218289 -0.028331149 0.093110926 -0.015108032 0.995137930
1341846669.118346 -0.415116400 -0.055361021 0.704833686 -0.037522290 0.090538137 -0.024100414 0.994894028
1341846669.150086 -0.433536619 -0.076881118 0.695804417 -0.046785370 0.089572027 -0.029494572 0.994443595
1341846669.182477 -0.405534834 -0.050542202 0.700729132 -0.045176715 0.081487358 -0.037669491 0.994937181
1341846669.218046 -0.408908933 -0.057731476 0.702934742 -0.054221217 0.082351364 -0.045495570 0.994086742
1341846669.250205 -0.450801075 -0.082681343 0.728701890 -0.064683504 0.087464526 -0.051115397 0.992750347
1341846669.286114 -0.430320501 -0.082656167 0.727106154 -0.065974608 0.081904568 -0.055628847 0.992896974
1341846669.318030 -0.442503631 -0.065448500 0.725474179 -0.065966010 0.085609302 -0.062347744 0.992185652
1341846669.350255 -0.446380556 -0.081893049 0.727192521 -0.070591241 0.082918689 -0.066532776 0.991823971
1341846669.418200 -0.446673453 -0.074455023 0.721729994 -0.080955848 0.079088144 -0.087988630 0.989671350
1341846669.450219 -0.464271188 -0.081509978 0.726850629 -0.086644299 0.079430394 -0.096648306 0.988353491
1341846669.486175 -0.405268997 -0.092147969 0.707545996 -0.092159241 0.066328146 -0.106712274 0.987785280
1341846669.518033 -0.372378737 -0.093330339 0.701838970 -0.099858291 0.062303942 -0.117621116 0.986058772
1341846669.554159 -0.371632040 -0.069104254 0.714413166 -0.101886280 0.063862227 -0.127933666 0.984466314
1341846669.586348 -0.386837244 -0.067776531 0.704060793 -0.107375190 0.064429954 -0.137236029 0.982591331
1341846669.617976 -0.382110924 -0.066287786 0.688337505 -0.115374759 0.066134296 -0.146684483 0.980203390
1341846669.654096 -0.417306453 -0.085566260 0.716808379 -0.123908691 0.074760020 -0.152957007 0.977579594
1341846669.686069 -0.444024473 -0.055430111 0.714480758 -0.120544061 0.081184044 -0.160491273 0.976279080
1341846669.718075 -0.422798455 -0.075170048 0.696996748 -0.126720831 0.078441590 -0.166800663 0.974662125
1341846669.754171 -0.425767094 -0.059667125 0.694109201 -0.131829977 0.082188986 -0.175871834 0.972077668
1341846669.786139 -0.441561937 -0.061657742 0.705959916 -0.137983963 0.086787216 -0.184686631 0.969184935
1341846669.822151 -0.435755968 -0.060466155 0.701494873 -0.140723646 0.086564943 -0.192296565 0.967329025
1341846669.854118 -0.434571207 -0.052712381 0.693589926 -0.145665750 0.087570935 -0.200112477 0.964918554
1341846669.886219 -0.433329731 -0.050828371 0.696127176 -0.151938379 0.089686088 -0.208653107 0.961943388
1341846669.922050 -0.453502089 -0.054801814 0.709107757 -0.156720802 0.094146319 -0.217322439 0.958825409
1341846669.954047 -0.465251654 -0.095597498 0.690563321 -0.168458074 0.094958432 -0.221202508 0.955863118
1341846669.986285 -0.458607376 -0.099727266 0.694069743 -0.177244261 0.097328141 -0.229448423 0.952084661
1341846670.022242 -0.416380703 -0.116090395 0.692874968 -0.182479933 0.092614211 -0.238932863 0.949228585
1341846670.054135 -0.406461746 -0.097741529 0.675486624 -0.182519510 0.094341971 -0.246624187 0.947081208
1341846670.090228 -0.424944460 -0.090659827 0.670807838 -0.187744245 0.099909641 -0.256081939 0.942969918
1341846670.121996 -0.450435251 -0.084557280 0.684213638 -0.192337051 0.108496249 -0.267875910 0.937804639
1341846670.154057 -0.461585462 -0.074024126 0.686359406 -0.196396694 0.115523346 -0.278306752 0.933074474
1341846670.190103 -0.453343868 -0.069212839 0.690636218 -0.199788958 0.116798982 -0.286321312 0.929764748
1341846670.222197 -0.428630233 -0.071441248 0.683654547 -0.201905340 0.116032414 -0.298658282 0.925512791
1341846670.258571 -0.404517174 -0.072514713 0.671880245 -0.202571467 0.117200114 -0.306048870 0.922801793
1341846670.290254 -0.418807924 -0.080241933 0.681762576 -0.207004189 0.121561788 -0.311640710 0.919375956
1341846670.358377 -0.451082438 -0.064073563 0.685907602 -0.205685094 0.140648678 -0.328658074 0.910986006
1341846670.390114 -0.452210307 -0.053943411 0.684665442 -0.202878624 0.148204654 -0.336626977 0.907500982
1341846670.422206 -0.436592519 -0.050152823 0.672581315 -0.197622135 0.152550206 -0.343533516 0.905350029
1341846670.464003 -0.455176055 -0.062471062 0.667429328 -0.194247767 0.163279906 -0.354175121 0.900093019
1341846670.526271 -0.415492445 -0.047814488 0.651532114 -0.183497563 0.173401996 -0.367440701 0.895124435
1341846670.566977 -0.383431733 -0.059624389 0.656116128 -0.181826696 0.172320813 -0.375242770 0.892433465
1341846670.596103 -0.460332751 -0.042866945 0.690221131 -0.182599276 0.188519850 -0.380911678 0.886579990
1341846670.628412 -0.429112613 -0.052070960 0.677665710 -0.179287329 0.185842946 -0.382980913 0.886929631
1341846670.664027 -0.407184094 -0.045894742 0.659517586 -0.172667310 0.186541587 -0.390272945 0.884915411
1341846670.696002 -0.388489872 -0.050876617 0.650996566 -0.165056616 0.188468382 -0.398293018 0.882382393
1341846670.728093 -0.370812625 -0.049970940 0.633894205 -0.157617345 0.190354854 -0.403475285 0.880982161
1341846670.764128 -0.350887358 -0.048333839 0.629292905 -0.151923507 0.193921000 -0.410964340 0.877736986
1341846670.796059 -0.331737369 -0.048265874 0.623901546 -0.144899502 0.198125184 -0.416675270 0.875289798
1341846670.832246 -0.318378031 -0.045166820 0.613338649 -0.135687053 0.200070322 -0.415660918 0.876805007
1341846670.863970 -0.290428191 -0.059307173 0.602299988 -0.130926222 0.196841165 -0.413055897 0.879486680
1341846670.896139 -0.266745269 -0.057133228 0.591495991 -0.122461647 0.199322283 -0.415732205 0.878885925
1341846670.932028 -0.249373645 -0.048753627 0.600747645 -0.109290019 0.204470128 -0.412016153 0.881186962
1341846670.964063 -0.231887415 -0.045018651 0.587299168 -0.096007973 0.201496720 -0.407365292 0.885570526
1341846671.000270 -0.217391580 -0.039825648 0.575212479 -0.086595498 0.201243892 -0.410754174 0.885032892
1341846671.032112 -0.205966964 -0.040195946 0.572096467 -0.077799641 0.206704006 -0.414309174 0.882931828
1341846671.064030 -0.156825095 -0.040419731 0.573741019 -0.065697521 0.202748224 -0.417475432 0.883341014
1341846671.101398 -0.169633761 -0.036686666 0.570609629 -0.058711886 0.205326527 -0.425387561 0.879454017
1341846671.132289 -0.156696498 -0.033222817 0.573741853 -0.046343103 0.206755817 -0.431994617 0.876632750
1341846671.168159 -0.149034709 -0.040871162 0.584077179 -0.035021946 0.204125524 -0.434577286 0.876498044
1341846671.200149 -0.138598859 -0.037353445 0.571381688 -0.021465534 0.197045863 -0.438662022 0.876520336
1341846671.232280 -0.128911078 -0.046699382 0.565522790 -0.012749126 0.194893837 -0.446624726 0.873143911
1341846671.268147 -0.120886587 -0.034808107 0.567615032 0.000015618 0.197172508 -0.449487954 0.871254027
1341846671.300337 -0.108826421 -0.022197805 0.553956807 0.012749122 0.192604601 -0.450384974 0.871719241
1341846671.336125 -0.091039702 -0.027432201 0.543264747 0.019419214 0.186180845 -0.454992861 0.870598137
1341846671.368236 -0.082745880 -0.017018214 0.542041779 0.028118463 0.187524050 -0.457828015 0.868583679
1341846671.400327 -0.077920265 -0.010395192 0.539950967 0.033607185 0.184680149 -0.460618734 0.867521882
1341846671.436064 -0.062104769 -0.002557039 0.528939664 0.041197795 0.179657072 -0.465869337 0.865443170
1341846671.468197 -0.061668679 0.016072001 0.504894733 0.048929051 0.180814609 -0.471552879 0.861713409
1341846671.504294 -0.076092198 0.031940579 0.484050214 0.052751899 0.178538024 -0.478598833 0.858070254
1341846671.536197 -0.061180703 0.039427895 0.480905235 0.059633244 0.168979526 -0.488390058 0.854028642
1341846671.568120 -0.055445351 0.050467841 0.457909822 0.069279365 0.165335566 -0.497783810 0.848572791
1341846671.604188 -0.063085735 0.058166727 0.445135683 0.073425427 0.162098333 -0.504425585 0.844918728
1341846671.636057 -0.043924809 0.058756348 0.443587154 0.083345078 0.149327755 -0.509760082 0.843148530
1341846671.672157 -0.054231323 0.073955782 0.419128507 0.093550496 0.145835772 -0.516175866 0.838774562
1341846671.704027 -0.048845455 0.082984954 0.406918675 0.096795440 0.142332673 -0.519799352 0.836768031
1341846671.736479 -0.055356771 0.085118860 0.395761549 0.095027447 0.140438735 -0.525728226 0.833580554
1341846671.774745 -0.061632052 0.088501379 0.392033488 0.096817665 0.138045028 -0.531327784 0.830217242
1341846671.804605 -0.062536456 0.094793811 0.377315134 0.099246576 0.133812949 -0.534920037 0.828314424
1341846671.840252 -0.054597780 0.091492832 0.373275131 0.099359505 0.127808660 -0.538923085 0.826652586
1341846671.872106 -0.054394327 0.098079450 0.367664903 0.102333672 0.126560882 -0.542338312 0.824244678
1341846671.904035 -0.051415749 0.114765793 0.359438211 0.105603889 0.125485018 -0.546174467 0.821458936
1341846671.972239 -0.066789180 0.106944785 0.355554938 0.100995533 0.125243396 -0.555701673 0.815665185
1341846672.034218 -0.065136306 0.105840683 0.350762486 0.099824287 0.120182849 -0.568037152 0.808037758
1341846672.066227 -0.075306781 0.095649689 0.345082194 0.095931582 0.120956808 -0.573087871 0.804821014
1341846672.098024 -0.083597153 0.084705546 0.344792962 0.091996230 0.118231744 -0.576796412 0.803034246
1341846672.134061 -0.084395558 0.083809175 0.351037294 0.091571972 0.116115697 -0.583689690 0.798397243
1341846672.166000 -0.083825432 0.072593048 0.349881470 0.088808566 0.115392126 -0.588137686 0.795544982
1341846672.198405 -0.082479298 0.066725776 0.356960833 0.087547399 0.113722242 -0.591471910 0.793450594
1341846672.234130 -0.079808101 0.051204380 0.360594183 0.086109206 0.108621374 -0.593563557 0.792760313
1341846672.266403 -0.066843346 0.054282818 0.362338543 0.090682842 0.105975181 -0.596540749 0.790370166
1341846672.302710 -0.066165067 0.068513274 0.358156949 0.092175208 0.106505312 -0.600071788 0.787447929
1341846672.335022 -0.050962530 0.060911186 0.363303900 0.090951189 0.101609349 -0.601165056 0.787403405
1341846672.366487 -0.059882946 0.058715530 0.353526831 0.089809217 0.102988236 -0.604903877 0.784486473
1341846672.402478 -0.058834158 0.064573541 0.352450639 0.091938734 0.103915401 -0.604650199 0.784313083
1341846672.434330 -0.052909747 0.065942757 0.350058049 0.091931112 0.103286117 -0.602824271 0.785801172
1341846672.472323 -0.050595485 0.066988572 0.355129600 0.092708230 0.102933526 -0.603358150 0.785346389
1341846672.534812 -0.039431937 0.072992019 0.354172736 0.094518125 0.099769942 -0.600776792 0.787514806
1341846672.570153 -0.040357850 0.072403863 0.352281600 0.091316238 0.099016204 -0.600606382 0.788117468
1341846672.608881 -0.042553574 0.069027722 0.352727413 0.090187140 0.096808903 -0.598912418 0.789808989
1341846672.640836 -0.030234993 0.083218247 0.344944924 0.093190096 0.094233826 -0.595859289 0.792077839
1341846672.708152 -0.025825791 0.081580937 0.356025875 0.092739008 0.089909099 -0.584440708 0.801089823
1341846672.770288 -0.021265209 0.086700507 0.360158920 0.097257406 0.083181754 -0.563587427 0.816082716
1341846672.803280 -0.033638410 0.085021131 0.360132784 0.097644478 0.082017966 -0.554334819 0.822466731
1341846672.838034 -0.029403441 0.074499160 0.375731587 0.097723588 0.076368622 -0.543359637 0.830288053
1341846672.870092 0.001136642 0.075057134 0.403231323 0.102153070 0.066727802 -0.534787953 0.836130381
1341846672.902275 0.007267367 0.081016377 0.411509991 0.104236655 0.062908538 -0.528280199 0.840295970
1341846672.938315 -0.005897339 0.078339458 0.399801522 0.101658292 0.060309954 -0.518946767 0.846594691
1341846672.970326 -0.004867300 0.079927459 0.410449088 0.100254744 0.056272723 -0.509242296 0.852909565
1341846673.008221 0.019442122 0.080076680 0.427023649 0.100250848 0.049385685 -0.498460978 0.859678686
1341846673.070235 0.010534545 0.085085526 0.427200168 0.094890632 0.046794258 -0.479737729 0.871009648
1341846673.106189 0.011858008 0.089882083 0.428082407 0.097630687 0.043312225 -0.467529833 0.877501130
1341846673.138104 0.016243659 0.086427771 0.432500631 0.098343655 0.037926201 -0.453505784 0.884998739
1341846673.170298 0.011576445 0.082775116 0.429736197 0.097621225 0.034845233 -0.443369895 0.890325308
1341846673.206489 0.010358687 0.075622544 0.439849436 0.098952226 0.030496540 -0.433927834 0.894977748
1341846673.238153 0.013515699 0.076659724 0.445504636 0.101668462 0.025054278 -0.423029989 0.900045276
1341846673.274220 0.018784918 0.072752818 0.451444358 0.103651166 0.020645952 -0.416626960 0.902913213
1341846673.306107 0.021060631 0.077273548 0.461522967 0.108500220 0.017257852 -0.405899823 0.907290041
1341846673.338187 0.022008099 0.074897610 0.468239963 0.111104876 0.013158266 -0.396527797 0.911179602
1341846673.374098 0.017887278 0.075741023 0.455134928 0.113515332 0.011564599 -0.386814237 0.915071249
1341846673.406266 0.023681829 0.077825218 0.468350202 0.118331484 0.008153142 -0.375586063 0.919166148
1341846673.438267 0.012302142 0.075386226 0.463596880 0.120079286 0.006060245 -0.363788724 0.923689365
1341846673.474135 0.022975648 0.079129964 0.465209544 0.126372218 0.001117064 -0.349406898 0.928409278
1341846673.506260 0.028677532 0.076381370 0.467938811 0.129565865 -0.004090851 -0.334424525 0.933464646
1341846673.542168 0.027852630 0.076637886 0.471096128 0.129581049 -0.009895907 -0.322201580 0.937708378
1341846673.574072 0.023141176 0.074613258 0.475923777 0.128510207 -0.013693107 -0.312259763 0.941164970
1341846673.606102 0.018874804 0.072875336 0.474431247 0.127619222 -0.018479133 -0.301076919 0.944841027
1341846673.648026 0.017092995 0.066098608 0.473079085 0.122315466 -0.026179681 -0.286658704 0.949831724
1341846673.710162 -0.002466049 0.075195998 0.469281346 0.113753758 -0.033380821 -0.264630854 0.957035184
1341846673.742225 -0.005949210 0.070969723 0.472431600 0.108584464 -0.040334802 -0.248330727 0.961724699
1341846673.774298 -0.013221465 0.071521193 0.475950688 0.105452977 -0.046737276 -0.232387140 0.965759575
1341846673.810154 -0.021246135 0.069025978 0.475521177 0.102130942 -0.051782399 -0.217861861 0.969238937
1341846673.842305 -0.043201193 0.077729367 0.459591627 0.099491663 -0.054939631 -0.203785643 0.972396255
1341846673.874285 -0.046261020 0.078043841 0.458179474 0.094735384 -0.058467258 -0.193173155 0.974828660
1341846673.910253 -0.053617783 0.080030598 0.458928525 0.089351766 -0.060799465 -0.181304187 0.977470458
1341846673.942284 -0.063516267 0.079348408 0.462264687 0.087056391 -0.063611478 -0.173023999 0.978998184
1341846673.978434 -0.073538885 0.087059133 0.466477215 0.087968469 -0.062231008 -0.167043239 0.980043590
1341846674.016486 -0.079880141 0.081264824 0.471490622 0.088441968 -0.061538246 -0.156595349 0.981768250
1341846674.052060 -0.082643181 0.080584213 0.481537670 0.089311309 -0.062932767 -0.145334855 0.983331442
1341846674.084057 -0.083807692 0.084779128 0.487387270 0.091193072 -0.062891364 -0.138166457 0.984194458
1341846674.152235 -0.117363960 0.090509444 0.468699902 0.082380183 -0.056240890 -0.123706266 0.987292886
1341846674.210322 -0.131211951 0.103092909 0.467487752 0.079197958 -0.052570842 -0.110030547 0.989372194
1341846674.246217 -0.148700669 0.091800347 0.455770165 0.071679547 -0.050296228 -0.101504341 0.990973890
1341846674.278035 -0.153764814 0.085216440 0.463065863 0.071198173 -0.051503185 -0.093208991 0.991761208
1341846674.310117 -0.159556091 0.085873917 0.464134544 0.072159246 -0.052226309 -0.081931502 0.992649317
1341846674.346212 -0.163049892 0.080551654 0.466304541 0.068707801 -0.051996659 -0.074254148 0.993509889
1341846674.378058 -0.176103711 0.067504190 0.462778449 0.067072168 -0.048783194 -0.064265706 0.994480550
1341846674.410162 -0.195347190 0.072949275 0.449753255 0.067967355 -0.046014424 -0.057550304 0.994962871
1341846674.446125 -0.214188412 0.069233403 0.442924559 0.063889906 -0.042353556 -0.052286074 0.995685935
1341846674.478198 -0.227508456 0.058639880 0.437676013 0.062447064 -0.039932083 -0.046306223 0.996173441
1341846674.514124 -0.258707017 0.058537751 0.421925008 0.061589472 -0.034642123 -0.043668803 0.996543884
1341846674.546062 -0.264955044 0.050307591 0.423349649 0.059278008 -0.034670461 -0.036606040 0.996967435
1341846674.578094 -0.261583656 0.046598732 0.427416414 0.058936410 -0.035079874 -0.032331180 0.997121215
1341846674.614179 -0.258437008 0.052528370 0.434549123 0.059382714 -0.033875886 -0.026860250 0.997298717
1341846674.682209 -0.236942723 0.049826592 0.450977087 0.062201835 -0.039665274 -0.009166484 0.997232974
1341846674.714186 -0.233910784 0.053283922 0.441081196 0.064025134 -0.039873477 -0.000280241 0.997151434
1341846674.752271 -0.215887547 0.053537607 0.451789320 0.064229049 -0.043231394 0.009447594 0.996953547
1341846674.814222 -0.193250537 0.059981324 0.447950602 0.064699985 -0.045203581 0.022918066 0.996616960
1341846674.846370 -0.178436875 0.057443626 0.443881065 0.064351089 -0.047654480 0.031340916 0.996296048
1341846674.882158 -0.170012102 0.057529286 0.438329756 0.063514344 -0.048376430 0.038400345 0.996067822
1341846674.914224 -0.158938259 0.057255819 0.432058305 0.060930330 -0.049842056 0.043973479 0.995926559
1341846674.950305 -0.139870137 0.055285148 0.436150193 0.057853606 -0.053134590 0.051307183 0.995588899
1341846674.982342 -0.122155406 0.051160011 0.430558681 0.053739574 -0.058548827 0.058041301 0.995145857
1341846675.014137 -0.109363556 0.051094949 0.427142650 0.043978896 -0.062334601 0.060716700 0.995235503
1341846675.050230 -0.088041380 0.042636760 0.436545998 0.032286521 -0.067677572 0.066893749 0.994938493
1341846675.088201 -0.064910375 0.043479897 0.439453125 0.026213441 -0.072090566 0.070929080 0.994527519
1341846675.150188 -0.015737064 0.046383549 0.435527325 0.000696201 -0.081599325 0.082991131 0.993203700
1341846675.182290 -0.004872136 0.037789654 0.436106682 -0.015731076 -0.078582533 0.078380853 0.993696988
1341846675.218759 0.020417515 0.028969033 0.434717000 -0.025913762 -0.082904577 0.082905784 0.992764831
1341846675.251951 0.047607318 0.032914471 0.443378299 -0.032474902 -0.087772079 0.085198246 0.991959035
1341846675.282406 0.071604185 0.039006986 0.441704839 -0.034385629 -0.089859061 0.089176796 0.991357923
1341846675.318078 0.100603960 0.055320825 0.443796128 -0.036809832 -0.092190027 0.090988144 0.990892112
1341846675.350149 0.124643341 0.066426493 0.443911731 -0.044159014 -0.094020955 0.092158280 0.990311503
1341846675.382271 0.152184024 0.079044290 0.458926648 -0.053345885 -0.095707610 0.092466481 0.989668787
1341846675.450238 0.197429210 0.087705962 0.469320685 -0.058877412 -0.094992824 0.105922624 0.988074005
1341846675.486165 0.232676074 0.097466804 0.490561455 -0.049444996 -0.098661132 0.115854703 0.987116456
1341846675.518083 0.256327838 0.100719653 0.503943622 -0.040570859 -0.100908332 0.123743318 0.986336231
1341846675.550092 0.280164510 0.098660327 0.510562897 -0.035229012 -0.104288012 0.128318250 0.985605121
1341846675.586070 0.298757315 0.100665256 0.517466664 -0.032210667 -0.105386578 0.130883411 0.985254169
1341846675.618075 0.325074434 0.099193104 0.531825781 -0.027720165 -0.106940813 0.132326946 0.985030353
1341846675.650024 0.339110196 0.095004268 0.542876959 -0.024280164 -0.108216673 0.132995740 0.984891772
1341846675.686118 0.353972763 0.090131156 0.552224219 -0.022622721 -0.111237250 0.132451862 0.984667957
1341846675.718055 0.367612690 0.091800079 0.565445364 -0.017385475 -0.109893970 0.129868492 0.985269129
1341846675.754170 0.389216661 0.092922293 0.582792580 -0.010907475 -0.111603044 0.127437934 0.985487401
1341846675.786330 0.410521954 0.086058393 0.590036631 -0.008653478 -0.113729216 0.129085809 0.985052109
1341846675.818106 0.431380808 0.089156680 0.600728869 -0.004576541 -0.112210102 0.125638857 0.985699177
1341846675.854095 0.460218251 0.087357178 0.606482685 -0.001432310 -0.114811353 0.124063201 0.985608757
1341846675.886163 0.480136633 0.089156650 0.618392229 0.005430371 -0.118719153 0.123878628 0.985155046
1341846675.922346 0.508930922 0.088241220 0.620942533 0.014870894 -0.121857330 0.124531537 0.984592080
1341846675.961651 0.539327264 0.087525018 0.636862159 0.024488624 -0.126734152 0.121728867 0.984134555
1341846676.028080 0.582330644 0.092656150 0.647622705 0.047603380 -0.135910749 0.120350674 0.982231140
1341846676.122163 0.623383164 0.082359865 0.646276295 0.053970195 -0.145525396 0.114740074 0.981195331
1341846676.154447 0.663193285 0.077025622 0.653990626 0.050247263 -0.151631236 0.114432015 0.980504215
1341846676.190230 0.710567832 0.073848844 0.662822366 0.048401721 -0.161861911 0.113393962 0.979081094
1341846676.222476 0.741860986 0.066015668 0.653271198 0.039332531 -0.162795573 0.112918004 0.979387641
1341846676.257017 0.785536349 0.095454231 0.662874997 0.036411870 -0.169247955 0.110199839 0.978716195
1341846676.290401 0.826543152 0.102039933 0.672303498 0.035183996 -0.175937772 0.109484456 0.977661073
1341846676.322689 0.861190081 0.107389830 0.673583865 0.033235699 -0.177048862 0.107797287 0.977716148
1341846676.360815 0.909254909 0.112990826 0.673713267 0.021563131 -0.180588245 0.104280360 0.977777362
1341846676.390851 0.922981262 0.132082641 0.716069877 0.016665446 -0.182725102 0.105255291 0.977371573
1341846676.424250 0.968135953 0.135437384 0.738210261 0.018405048 -0.186524212 0.105066404 0.976642728
1341846676.459033 1.016413450 0.139946938 0.747829020 0.015449987 -0.187824130 0.106932223 0.976242244
1341846676.490669 1.060519695 0.147016823 0.765342474 0.010495533 -0.191443205 0.106887639 0.975609779
1341846676.532743 1.100016952 0.147913352 0.784671307 0.008892993 -0.192622304 0.106810644 0.975401998
1341846676.564052 1.143298149 0.157287374 0.805596888 0.007342278 -0.195643634 0.108395770 0.974638402
1341846676.596566 1.171147346 0.156964228 0.831732571 0.003162985 -0.198168114 0.105691478 0.974447906
1341846676.632057 1.216450334 0.159348577 0.845005512 0.002207868 -0.201719970 0.102945268 0.974015653
1341846676.690079 1.200233936 0.174810439 0.835229337 0.005066657 -0.193896309 0.098162666 0.976085365
1341846676.726102 1.210697651 0.171636328 0.839583933 0.005316160 -0.191370368 0.094214574 0.976971209
1341846676.758419 1.206315637 0.171775833 0.837896824 0.008195415 -0.186418161 0.094755173 0.977856100
1341846676.790227 1.213631153 0.173325688 0.833683193 0.009274818 -0.186302274 0.094505899 0.977892697
1341846676.826179 1.212322950 0.171919465 0.826881051 0.009938207 -0.179852411 0.092563190 0.979278505
1341846676.858331 1.206787825 0.172336102 0.830722451 0.011330536 -0.175759032 0.094741024 0.979798198
1341846676.894086 1.211997509 0.177525923 0.825188279 0.012087950 -0.177574754 0.096277736 0.979311883
1341846676.926062 1.224634051 0.172187403 0.821514487 0.010600070 -0.178097278 0.093322955 0.979520202
1341846676.958080 1.215534210 0.173609406 0.825430334 0.011401518 -0.174970880 0.093638361 0.980044425
1341846676.994140 1.204720140 0.173744380 0.825887382 0.012747460 -0.175008491 0.095147513 0.979875743
1341846677.026242 1.208474755 0.172768280 0.820526540 0.012675075 -0.175589055 0.094143145 0.979869843
1341846677.094244 1.203287125 0.176494077 0.822129667 0.011655932 -0.175073311 0.093698531 0.980017364
1341846677.126108 1.208889127 0.174479976 0.821378827 0.013327236 -0.177101433 0.094823927 0.979523301
1341846677.162066 1.223375916 0.169466272 0.814012945 0.013712644 -0.177824691 0.095171653 0.979353189
1341846677.194068 1.212579370 0.173901469 0.813202918 0.013394361 -0.177056402 0.095374763 0.979477108
1341846677.226206 1.211751103 0.168846264 0.814589381 0.012722509 -0.176295921 0.094145134 0.979742110
1341846677.262033 1.205566049 0.175588071 0.812659621 0.017139265 -0.172329515 0.095263474 0.980272233
1341846677.294125 1.208454609 0.173351660 0.809944510 0.016907454 -0.173873439 0.096799679 0.979853094
1341846677.326503 1.209987760 0.173495933 0.807572663 0.015193312 -0.172837228 0.095206611 0.980220437
1341846677.362194 1.201243877 0.171145961 0.809933722 0.016129337 -0.168526411 0.094600894 0.981014490
1341846677.394280 1.203639865 0.174804762 0.808262289 0.017860657 -0.168802544 0.095864728 0.980814278
1341846677.430058 1.201900840 0.169943199 0.803370893 0.017398059 -0.166258633 0.094487593 0.981390595
1341846677.468326 1.203211308 0.172762975 0.807346225 0.019275820 -0.163747296 0.094448000 0.981781483
1341846677.530161 1.207383513 0.176131293 0.802084625 0.024529358 -0.160804689 0.093356103 0.982254982
1341846677.562051 1.201233506 0.174536347 0.802676558 0.025686391 -0.156684995 0.092779458 0.982945561
1341846677.594105 1.196390390 0.174681157 0.804615259 0.026329814 -0.155399084 0.092170946 0.983189940
1341846677.630227 1.199062109 0.176773086 0.803459167 0.027532788 -0.154586971 0.091350988 0.983361483
1341846677.662033 1.195130229 0.175008118 0.798438072 0.028003300 -0.152324855 0.091629066 0.983675301
1341846677.730320 1.192900777 0.173284784 0.801159382 0.027053041 -0.151779070 0.091041714 0.983840764
1341846677.763691 1.190202594 0.168910116 0.799013555 0.028016100 -0.150408238 0.091935962 0.983941197
1341846677.798630 1.179954290 0.185603634 0.790142059 0.030886441 -0.150388032 0.091629893 0.983886898
1341846677.830104 1.182365179 0.177349031 0.794738889 0.029615622 -0.149941713 0.089352809 0.984203517
1341846677.862185 1.194067597 0.176286429 0.799186170 0.032682497 -0.149595737 0.089788258 0.984119475
1341846677.898344 1.189467072 0.182503253 0.799612522 0.036820799 -0.149283230 0.090899058 0.983918786
1341846677.930181 1.197403669 0.180541962 0.799018919 0.038665589 -0.149534106 0.089888290 0.983902752
1341846677.966256 1.196263909 0.178860903 0.800504327 0.042236850 -0.147101209 0.089018032 0.984201789
1341846677.998516 1.188995242 0.167974412 0.794280052 0.044753205 -0.146452352 0.092338160 0.983881354
1341846678.030368 1.195288420 0.167615935 0.795527041 0.047692046 -0.149455085 0.092721604 0.983255506
1341846678.066187 1.201914430 0.172882706 0.794447422 0.050738715 -0.148497030 0.091893204 0.983325958
1341846678.098076 1.190680861 0.152205884 0.787588775 0.048830044 -0.146902457 0.092876099 0.983569682
1341846678.134082 1.203855157 0.170472339 0.796169043 0.053977199 -0.152301118 0.093818545 0.982389390
1341846678.166092 1.197139740 0.173550993 0.785166562 0.056118947 -0.149085611 0.092715181 0.982867241
1341846678.204293 1.205124497 0.174281389 0.790824652 0.057717565 -0.150704131 0.093968607 0.982408702
1341846678.266209 1.199193716 0.164008856 0.781684458 0.060240295 -0.151806965 0.094479337 0.982038379
1341846678.298316 1.206581354 0.162807226 0.781832755 0.060243841 -0.154442385 0.094850793 0.981591344
1341846678.334135 1.203982353 0.161165267 0.779308856 0.060027741 -0.155689105 0.094761044 0.981416345
1341846678.366593 1.201683760 0.163650334 0.780224085 0.062730052 -0.154528469 0.093948483 0.981508851
1341846678.402292 1.204756021 0.158337772 0.777439177 0.063283361 -0.155218840 0.094364822 0.981324434
1341846678.439991 1.206207514 0.160723910 0.778902113 0.064548165 -0.154980600 0.094418518 0.981274545
