1341846647.802247 0.0000000 0.0000000 0.0000000 -0.0000000 -0.0000000 -0.0000000 1.0000000
1341846648.034343 0.0122290 0.0144206 -0.0102394 -0.0003735 0.0004456 0.0026475 0.9999964
1341846648.070164 0.0160680 0.0133531 -0.0045271 -0.0021264 -0.0037137 0.0048986 0.9999789
1341846648.170568 0.0240755 0.0140934 -0.0163231 -0.0048976 -0.0107695 0.0047844 0.9999186
1341846648.270152 0.0244437 0.0163885 -0.0259101 -0.0064045 -0.0252247 0.0010456 0.9996607
1341846648.370216 0.0310601 0.0033795 -0.0380967 -0.0200725 -0.0431486 -0.0062607 0.9988474
1341846648.570179 0.0701217 0.0101351 -0.0266565 -0.0321400 -0.0875988 -0.0044378 0.9956273
1341846648.706058 0.0796030 0.0119559 -0.0254899 -0.0342142 -0.1137039 -0.0069590 0.9929010
1341846648.942154 0.1061376 -0.0346486 -0.0375131 -0.0418307 -0.1641112 0.0019404 0.9855526
1341846648.974090 0.1572588 -0.0033817 -0.0048650 -0.0393635 -0.1848465 0.0005745 0.9819786
1341846649.042101 0.1515751 -0.0171117 -0.0018265 -0.0446810 -0.1956130 -0.0017928 0.9796612
1341846649.710937 0.2762598 -0.0398539 0.0704446 -0.0719753 -0.2481306 -0.0266685 0.9656809
1341846649.810257 0.2900943 -0.0398454 0.0826014 -0.0677613 -0.2685470 -0.0286248 0.9604539
1341846649.846059 0.3078465 -0.0189744 0.0673605 -0.0662123 -0.2783301 -0.0324654 0.9576504
1341846649.914184 0.3138805 -0.0466728 0.1084185 -0.0746297 -0.2921121 -0.0301237 0.9529918
1341846650.046184 0.3563996 -0.0294908 0.1265724 -0.0691839 -0.3047720 -0.0163480 0.9497687
1341846650.146137 0.3748563 -0.0382649 0.1522437 -0.0655055 -0.3083183 -0.0116950 0.9489532
1341846650.282167 0.4053755 -0.0452517 0.1806286 -0.0586015 -0.3094105 -0.0164812 0.9489781
1341846650.450353 0.4043686 -0.0408636 0.1741783 -0.0539278 -0.2945724 -0.0241064 0.9538018
1341846650.514091 0.4052603 -0.0500613 0.1861424 -0.0571951 -0.2868294 -0.0279958 0.9558629
1341846650.550746 0.3994825 -0.0644987 0.1968831 -0.0540289 -0.2805516 -0.0265353 0.9579497
1341846650.618092 0.3809102 -0.0443361 0.1640541 -0.0460609 -0.2645156 -0.0298035 0.9628197
1341846650.818115 0.3086735 -0.0667246 0.1462459 -0.0403241 -0.2189007 -0.0371375 0.9742060
1341846650.886238 0.2920314 -0.0421066 0.1310382 -0.0367005 -0.2012093 -0.0409490 0.9780036
1341846650.950233 0.2578569 -0.0499139 0.1267564 -0.0386401 -0.1817154 -0.0345548 0.9819839
1341846650.986247 0.2531710 -0.0504156 0.1368873 -0.0402914 -0.1724626 -0.0314257 0.9836898
1341846651.086169 0.2119647 -0.0386825 0.1090552 -0.0396282 -0.1443855 -0.0262548 0.9883791
1341846651.118423 0.2000083 -0.0590909 0.1149277 -0.0433714 -0.1337103 -0.0194092 0.9898807
1341846652.594254 -0.3546953 -0.0613304 -0.0583040 0.0326524 0.1034586 0.0027239 0.9940940
1341846652.662152 -0.3370622 -0.0714592 -0.1010856 0.0331919 0.1330172 -0.0029787 0.9905533
1341846652.694113 -0.3344923 -0.0769214 -0.1019701 0.0301865 0.1602174 -0.0077048 0.9865900
1341846652.726378 -0.3623913 -0.0816472 -0.0777731 0.0321120 0.1936724 -0.0097129 0.9804925
1341846652.762129 -0.3628743 -0.0802046 -0.0597571 0.0317029 0.2212531 -0.0105902 0.9746435
1341846652.794152 -0.3596809 -0.0800866 -0.0815483 0.0298458 0.2508964 -0.0090992 0.9675109
1341846652.830250 -0.3662381 -0.0772651 -0.0804402 0.0299062 0.2794815 -0.0076490 0.9596547
1341846652.862014 -0.3730683 -0.0700528 -0.0691246 0.0292643 0.2984747 -0.0055616 0.9539526
1341846652.930346 -0.3719617 -0.0842549 -0.0683049 0.0291767 0.3347139 0.0021855 0.9418654
1341846653.030292 -0.3749717 -0.0850453 -0.0503405 0.0223048 0.3822121 0.0038967 0.9237972
1341846653.062672 -0.3894413 -0.0873569 -0.0255041 0.0252410 0.3990477 0.0069168 0.9165566
1341846653.099024 -0.3770572 -0.0637365 -0.0378038 0.0265409 0.4121908 0.0076992 0.9106784
1341846653.130475 -0.3820418 -0.0651380 -0.0264742 0.0224092 0.4305822 0.0065690 0.9022492
1341846653.162620 -0.4020666 -0.0773525 -0.0245810 0.0211726 0.4472121 0.0089537 0.8941325
1341846653.198437 -0.4104889 -0.0786854 -0.0259656 0.0216620 0.4590995 0.0128270 0.8880281
1341846653.298380 -0.4075258 -0.0729292 0.0024578 0.0228256 0.4983574 0.0196827 0.8664476
1341846653.366319 -0.4331307 -0.0675715 0.0064923 0.0217963 0.5215455 0.0255263 0.8525630
1341846653.398226 -0.4222292 -0.0671889 0.0233719 0.0220013 0.5311880 0.0288081 0.8464782
1341846653.430060 -0.4431172 -0.0677928 0.0597114 0.0240454 0.5432143 0.0303183 0.8387019
1341846653.530205 -0.4502845 -0.0691455 0.0867114 0.0257574 0.5572554 0.0262878 0.8295252
1341846653.734313 -0.4670314 -0.0699408 0.0465045 0.0217317 0.5443305 0.0279321 0.8381241
1341846653.802358 -0.4669736 -0.0630000 0.0361929 0.0198835 0.5357012 0.0298392 0.8436460
1341846653.934160 -0.4634556 -0.0654024 0.0619013 0.0148653 0.5044733 0.0325140 0.8626868
1341846654.002169 -0.4689880 -0.0569710 0.0598871 0.0102561 0.4885397 0.0312265 0.8719224
1341846654.070172 -0.4673105 -0.0711515 0.0848763 0.0069806 0.4712506 0.0316692 0.8814030
1341846654.170244 -0.4766664 -0.0752264 0.0448016 0.0175503 0.4362786 0.0317766 0.8990791
1341846654.202087 -0.4707221 -0.0774907 0.0458859 0.0190229 0.4198816 0.0273383 0.9069676
1341846654.234434 -0.4590818 -0.0760367 0.0447258 0.0213345 0.4104181 0.0251787 0.9113001
1341846654.270041 -0.4724659 -0.0721020 0.0401950 0.0219913 0.3989202 0.0232523 0.9164270
1341846654.302117 -0.4675745 -0.0728140 0.0488839 0.0216005 0.3829933 0.0201822 0.9232780
1341846654.369979 -0.4542925 -0.0713143 0.0481390 0.0207879 0.3628491 0.0200273 0.9314008
1341846654.402172 -0.4973752 -0.0707678 0.0704780 0.0222826 0.3478966 0.0192288 0.9370708
1341846654.438133 -0.4181342 -0.0508348 0.0362736 0.0233513 0.3224254 0.0196757 0.9461023
1341846654.502267 -0.4747587 -0.0679810 0.0819654 0.0185238 0.3022540 0.0171712 0.9528927
1341846654.570053 -0.3706093 -0.0516644 0.0426145 0.0178168 0.2655803 0.0153627 0.9638017
1341846654.606030 -0.4306075 -0.0648007 0.0543852 0.0149055 0.2577381 0.0096740 0.9660514
1341846654.706022 -0.3718219 -0.0660088 0.0208851 0.0247717 0.2109814 0.0113843 0.9771098
1341846655.042239 -0.3004440 -0.0569273 -0.0403551 0.0301182 0.0603012 0.0173378 0.9975751
1341846655.678110 -0.1339648 -0.0486075 -0.0862016 0.0411464 -0.1561253 0.0276870 0.9864914
1341846655.910355 -0.0950141 -0.0307310 -0.1274543 0.0293372 -0.2296622 0.0268944 0.9724563
1341846656.382222 -0.0384140 -0.0201366 -0.1339860 0.0096970 -0.3024298 0.0243068 0.9528124
1341846656.446177 -0.0245319 -0.0039545 -0.1357913 0.0103931 -0.3221292 0.0238606 0.9463379
1341846656.582247 -0.0160102 -0.0079688 -0.1383470 -0.0003540 -0.3408767 0.0231595 0.9398227
1341846656.649995 -0.0137493 -0.0144195 -0.1464570 -0.0025282 -0.3445234 0.0233514 0.9384838
1341846656.749974 -0.0105494 -0.0034250 -0.1346659 -0.0061793 -0.3555163 0.0239171 0.9343436
1341846656.856226 -0.0074510 0.0054936 -0.1345771 -0.0085682 -0.3615615 0.0233866 0.9320155
1341846656.892050 -0.0138010 0.0025290 -0.1212409 -0.0105260 -0.3594075 0.0231204 0.9328349
1341846656.956112 -0.0012846 0.0019947 -0.1188245 -0.0126016 -0.3536691 0.0224092 0.9350172
1341846657.056121 0.0012250 -0.0044328 -0.0931042 -0.0162935 -0.3402802 0.0263434 0.9398138
1341846657.092006 -0.0028626 -0.0078263 -0.0938101 -0.0133527 -0.3284205 0.0286751 0.9440019
1341846657.155973 -0.0053473 -0.0075126 -0.1141043 -0.0007513 -0.3041095 0.0330071 0.9520648
1341846657.192094 -0.0030320 -0.0099880 -0.1067896 0.0002419 -0.2890803 0.0328298 0.9567418
1341846657.224195 0.0026452 -0.0109527 -0.0992684 0.0021420 -0.2794880 0.0315224 0.9596292
1341846657.292164 0.0044720 -0.0120450 -0.0990103 0.0047329 -0.2587852 0.0257627 0.9655797
1341846657.354367 0.0138555 -0.0124392 -0.1083957 0.0039722 -0.2407164 0.0228569 0.9703182
1341846657.386193 0.0183127 -0.0127595 -0.1022500 0.0035998 -0.2303186 0.0227559 0.9728425
1341846657.418105 0.0223221 -0.0150368 -0.0946951 0.0062510 -0.2204188 0.0211999 0.9751549
1341846657.454277 0.0267111 -0.0104055 -0.0911028 0.0085145 -0.2105771 0.0215112 0.9773034
1341846657.486117 0.0464474 -0.0138737 -0.0750986 0.0083891 -0.1996720 0.0217482 0.9795855
1341846657.522092 0.0452951 -0.0238026 -0.0755341 0.0112078 -0.1840862 0.0205827 0.9826307
1341846657.586078 0.0571967 -0.0091247 -0.0801381 0.0147016 -0.1657492 0.0126200 0.9859776
1341846657.622205 0.0305547 -0.0176078 -0.0690608 0.0140416 -0.1488902 0.0126888 0.9886726
1341846657.654161 0.0239764 -0.0184433 -0.0622435 0.0158288 -0.1411432 0.0117571 0.9897928
1341846657.686517 0.0462833 -0.0219424 -0.0594622 0.0153105 -0.1315362 0.0079194 0.9911615
1341846657.722061 0.0462533 -0.0229797 -0.0397119 0.0173680 -0.1167338 0.0079973 0.9929792
1341846657.754104 0.0338170 -0.0156174 -0.0558867 0.0185098 -0.1066943 0.0059189 0.9941019
1341846658.594206 -0.0040788 0.0116571 -0.0008260 -0.0408899 0.0301444 0.0025320 0.9987056
1341846658.894170 -0.0009764 0.0206191 -0.0126081 -0.1129104 0.0088834 0.0019304 0.9935636
1341846660.270168 -0.0565228 -0.0830941 -0.0228960 -0.0943632 -0.0050118 -0.0027412 0.9955215
1341846661.946090 -0.0404455 -0.0997224 -0.0350163 0.0808556 -0.0039184 -0.0027998 0.9967142
1341846662.010311 -0.0423751 -0.1054874 -0.0361689 0.0960039 -0.0030394 -0.0049805 0.9953638
1341846662.046195 -0.0379127 -0.1158482 -0.0314506 0.1044265 -0.0055456 -0.0041020 0.9945087
1341846662.078099 -0.0344391 -0.1102152 -0.0312312 0.1108078 -0.0060540 -0.0051596 0.9938101
1341846662.110672 -0.0377358 -0.1128349 -0.0371185 0.1176181 -0.0038952 -0.0060327 0.9930329
1341846662.146166 -0.0359702 -0.1121933 -0.0289996 0.1257032 -0.0055633 -0.0042152 0.9920434
1341846662.178168 -0.0342214 -0.1103556 -0.0398625 0.1330128 -0.0061989 -0.0032183 0.9910897
1341846662.214136 -0.0357005 -0.1028429 -0.0299753 0.1487197 -0.0038330 0.0000250 0.9888720
1341846662.246167 -0.0348952 -0.1072551 -0.0356855 0.1568224 -0.0057306 0.0021125 0.9876080
1341846662.314144 -0.0386891 -0.1076831 -0.0441499 0.1675477 -0.0023857 -0.0016762 0.9858597
1341846662.582101 -0.0365644 -0.1071558 -0.0421025 0.2211604 -0.0026661 0.0055004 0.9752183
1341846663.786304 -0.0349479 -0.0226610 -0.0314164 0.1184817 -0.0173846 0.0038296 0.9927967
1341846665.834237 -0.0389731 0.0089038 -0.0933365 -0.2440847 0.0314659 -0.0081601 0.9692090
1341846666.266322 -0.0209677 -0.0141183 -0.1082400 -0.2982407 0.0351574 -0.0021578 0.9538406
1341846666.534121 -0.0272909 0.0615368 -0.1446093 -0.3429947 0.0388228 0.0113949 0.9384655
1341846666.670134 -0.0263324 0.0757426 -0.1551824 -0.3645270 0.0372644 0.0167699 0.9302958
1341846667.006200 -0.0194304 0.1050028 -0.1833556 -0.3838173 0.0238931 0.0237387 0.9227946
1341846667.074153 0.0103952 0.1659452 -0.2145986 -0.3804925 0.0127875 0.0229917 0.9244097
1341846667.106156 0.0333226 0.1979420 -0.2202906 -0.3815046 0.0096447 0.0204312 0.9240908
1341846667.174105 0.0603466 0.1980185 -0.2181740 -0.3798591 -0.0002082 0.0188978 0.9248513
1341846667.238075 0.0315946 0.1747875 -0.2168126 -0.3773936 0.0071477 0.0118523 0.9259496
1341846667.342253 -0.0320893 0.0744231 -0.1837334 -0.3662648 0.0182433 0.0011818 0.9303311
1341846667.406982 -0.0475278 0.0365590 -0.1735140 -0.3577553 0.0220988 -0.0070031 0.9335276
1341846667.442109 -0.0976294 -0.0341569 -0.1555500 -0.3584371 0.0306123 -0.0088530 0.9330099
1341846667.506006 -0.0977338 -0.0188296 -0.1678187 -0.3291551 0.0296408 -0.0149869 0.9436916
1341846667.542298 -0.1252609 -0.1529832 -0.1129982 -0.3414967 0.0318970 -0.0123417 0.9392605
1341846667.642293 -0.1048812 0.0429511 -0.1902531 -0.2682460 0.0274405 -0.0158668 0.9628288
1341846667.978287 -0.1323481 0.0191699 -0.1719799 -0.2190389 0.0444392 -0.0200592 0.9744972
1341846668.178208 -0.1739430 -0.0196752 -0.1449154 -0.1727481 0.0607400 -0.0204801 0.9828781
1341846668.278397 -0.1823483 -0.0262087 -0.1386157 -0.1357953 0.0608649 -0.0170689 0.9887183
1341846668.478153 -0.2318921 -0.0751050 -0.1118582 -0.0880153 0.0674223 -0.0121137 0.9937609
1341846669.786139 -0.1507030 0.0485972 -0.1572965 -0.1046558 0.0229156 -0.2210308 0.9693645
1341846670.054135 -0.1383150 0.0452927 -0.1790327 -0.1399596 0.0398461 -0.2861307 0.9470760
1341846670.222197 -0.1442084 0.0670013 -0.1774125 -0.1561779 0.0624732 -0.3382654 0.9258953
1341846670.358377 -0.1749240 0.0513821 -0.1648739 -0.1620209 0.0893615 -0.3684253 0.9110579
1341846670.526271 -0.1674938 0.0472352 -0.1812037 -0.1416387 0.1262011 -0.4089192 0.8926348
1341846670.664027 -0.1726948 0.0456156 -0.1804098 -0.1296047 0.1412353 -0.4278087 0.8833091
1341846670.764128 -0.1843359 0.0374958 -0.1849926 -0.1138180 0.1591797 -0.4465866 0.8730795
1341846670.796059 -0.1861155 0.0330412 -0.1834466 -0.1080917 0.1660660 -0.4534852 0.8689588
1341846670.863970 -0.1772712 0.0365663 -0.1878994 -0.0945230 0.1699511 -0.4486462 0.8722950
1341846670.896139 -0.1831330 0.0330008 -0.2031016 -0.0894003 0.1761547 -0.4492148 0.8713111
1341846670.932028 -0.1696287 0.0286168 -0.1773187 -0.0774728 0.1810104 -0.4443889 0.8739289
1341846670.964063 -0.1646705 0.0287392 -0.1709422 -0.0664399 0.1801220 -0.4397061 0.8773828
1341846671.000270 -0.1754133 0.0210146 -0.1913252 -0.0600145 0.1814763 -0.4416430 0.8765935
1341846671.032112 -0.1775123 0.0212686 -0.1976166 -0.0516857 0.1885736 -0.4448729 0.8739890
1341846671.064030 -0.1676350 0.0123159 -0.1928493 -0.0438631 0.1902709 -0.4482979 0.8722970
1341846671.132289 -0.1659136 0.0180567 -0.1944772 -0.0240659 0.1933911 -0.4634402 0.8644327
1341846671.168159 -0.1567962 0.0063035 -0.1850529 -0.0130669 0.1892242 -0.4653966 0.8645401
1341846671.200149 -0.1428880 0.0127383 -0.2068530 0.0003911 0.1824663 -0.4669682 0.8652437
1341846671.232280 -0.1837989 -0.0109642 -0.2015404 0.0061681 0.1849400 -0.4752697 0.8601615
1341846671.268147 -0.1800750 -0.0024166 -0.2036994 0.0175104 0.1877645 -0.4757623 0.8591205
1341846671.300337 -0.1575438 0.0083116 -0.2050885 0.0288549 0.1821281 -0.4746994 0.8606145
1341846671.336125 -0.1729345 -0.0064911 -0.2165208 0.0319383 0.1798697 -0.4797384 0.8581829
1341846671.368236 -0.1674040 -0.0111261 -0.2176098 0.0384718 0.1798159 -0.4845408 0.8552230
1341846671.400327 -0.1652943 -0.0085600 -0.2200835 0.0436660 0.1759138 -0.4854324 0.8552795
1341846671.468197 -0.1702609 -0.0112726 -0.2154598 0.0538332 0.1723753 -0.4965520 0.8490140
1341846671.504294 -0.1775266 -0.0073300 -0.2142799 0.0561661 0.1673365 -0.5017471 0.8468139
1341846671.536197 -0.1867750 -0.0158026 -0.2175826 0.0594279 0.1600046 -0.5117401 0.8420148
1341846671.568120 -0.1809305 -0.0147474 -0.2141643 0.0677901 0.1557412 -0.5190207 0.8377151
1341846671.604188 -0.1851541 -0.0143088 -0.2126290 0.0718844 0.1511193 -0.5236219 0.8353537
1341846671.636057 -0.1862722 -0.0173643 -0.2085256 0.0800802 0.1404131 -0.5312307 0.8316641
1341846671.672157 -0.1795963 -0.0168722 -0.2213606 0.0905274 0.1311455 -0.5350441 0.8296586
1341846671.704027 -0.1740806 -0.0152282 -0.2297066 0.0929646 0.1271276 -0.5379756 0.8281174
1341846671.774745 -0.1871037 -0.0237282 -0.2302222 0.0922212 0.1206536 -0.5498897 0.8213155
1341846671.840252 -0.1877645 -0.0175839 -0.2297826 0.0948633 0.1114579 -0.5580711 0.8167831
1341846671.972239 -0.1900314 -0.0210178 -0.2293727 0.0942726 0.1049903 -0.5764598 0.8048503
1341846672.034218 -0.1837938 -0.0219545 -0.2290123 0.0929341 0.0994605 -0.5873004 0.7978403
1341846672.066227 -0.1893952 -0.0194531 -0.2379701 0.0922172 0.1001081 -0.5930679 0.7935647
1341846672.098024 -0.1928683 -0.0203604 -0.2270136 0.0912118 0.0976663 -0.5966118 0.7913256
1341846672.134061 -0.1885355 -0.0223153 -0.2314262 0.0910905 0.0945250 -0.6018413 0.7877529
1341846673.106189 -0.1815902 -0.0128744 -0.1909204 0.0865571 0.0368930 -0.4871569 0.8682309
1341846673.374098 -0.1828393 -0.0216623 -0.1882651 0.1021156 0.0066441 -0.4073054 0.9075409
1341846673.438267 -0.1857401 -0.0187665 -0.1774969 0.1090728 0.0005481 -0.3831994 0.9172029
1341846673.474135 -0.1800281 -0.0197828 -0.1835863 0.1135196 -0.0036567 -0.3676840 0.9229888
1341846673.574072 -0.1836721 -0.0189376 -0.1805694 0.1156299 -0.0160991 -0.3312223 0.9363025
1341846673.648026 -0.1764178 -0.0094295 -0.1798892 0.1138980 -0.0282748 -0.3067504 0.9445274
1341846673.710162 -0.1835452 -0.0066144 -0.1839900 0.1041119 -0.0377849 -0.2851194 0.9520714
1341846673.774298 -0.1852591 -0.0049820 -0.1771454 0.0970929 -0.0517580 -0.2549973 0.9606615
1341846673.810154 -0.1846588 -0.0011216 -0.1824190 0.0953328 -0.0574544 -0.2400060 0.9643691
1341846673.874285 -0.1787549 0.0073950 -0.1846899 0.0888122 -0.0694327 -0.2146992 0.9701524
1341846673.942284 -0.1840483 0.0090085 -0.1730858 0.0804160 -0.0763333 -0.1920874 0.9750943
1341846674.210322 -0.1684857 0.0220395 -0.1747316 0.0684603 -0.0767255 -0.1252159 0.9867864
1341846674.310117 -0.1795206 0.0172386 -0.1778683 0.0630798 -0.0788611 -0.0993090 0.9899190
1341846674.410162 -0.1776450 0.0205440 -0.1756767 0.0614318 -0.0782731 -0.0731999 0.9923413
1341846674.446125 -0.1733021 0.0187652 -0.1800655 0.0583394 -0.0785891 -0.0665668 0.9929699
1341846674.546062 -0.1767853 0.0184873 -0.1706328 0.0572063 -0.0785200 -0.0515864 0.9939321
1341846674.578094 -0.1730317 0.0183881 -0.1748971 0.0575391 -0.0781882 -0.0476788 0.9941341
1341846674.682209 -0.1733493 0.0124698 -0.1764254 0.0569954 -0.0781965 -0.0273537 0.9949315
1341846674.814222 -0.1775713 0.0278066 -0.1630779 0.0583451 -0.0766735 0.0052788 0.9953337
1341846674.882158 -0.1775454 0.0297794 -0.1821572 0.0580869 -0.0757336 0.0201276 0.9952312
1341846674.914224 -0.1757419 0.0344671 -0.1867289 0.0560881 -0.0760711 0.0263260 0.9951755
1341846674.950305 -0.1787231 0.0309861 -0.1862227 0.0528491 -0.0757567 0.0322137 0.9952036
1341846675.014137 -0.1786756 0.0513306 -0.1946769 0.0416200 -0.0798079 0.0385704 0.9951938
1341846675.050230 -0.1716059 0.0494322 -0.1915426 0.0319629 -0.0819103 0.0418934 0.9952458
1341846675.088201 -0.1776202 0.0579681 -0.1864922 0.0271939 -0.0808114 0.0428617 0.9954361
1341846675.150188 -0.1762135 0.1098898 -0.1888302 0.0091673 -0.0790983 0.0434959 0.9958753
1341846675.182290 -0.1736415 0.0556303 -0.1870639 -0.0142435 -0.0763678 0.0465088 0.9958926
1341846675.218759 -0.1726967 0.0607550 -0.1929967 -0.0213274 -0.0756438 0.0504575 0.9956291
1341846675.251951 -0.1791998 0.0620001 -0.1955934 -0.0272640 -0.0744727 0.0499381 0.9955987
1341846675.318078 -0.1732274 0.0740082 -0.1816501 -0.0322826 -0.0707719 0.0534929 0.9955339
1341846675.382271 -0.1469738 0.0663723 -0.2071970 -0.0538054 -0.0685552 0.0599058 0.9943925
1341846675.450238 -0.1976086 0.0512176 -0.1594392 -0.0619121 -0.0523485 0.0682221 0.9943703
1341846675.486165 -0.1772522 0.0300095 -0.1578966 -0.0551667 -0.0536972 0.0792617 0.9938767
1341846675.550092 -0.1811923 0.0557133 -0.1504675 -0.0346971 -0.0524237 0.0937924 0.9936050
1341846675.618075 -0.1768603 0.0567271 -0.1489059 -0.0252875 -0.0487516 0.1005645 0.9934136
1341846675.650024 -0.1898635 0.0514990 -0.1462864 -0.0200851 -0.0469979 0.1027130 0.9933971
1341846675.718055 -0.1805242 0.0537089 -0.1433022 -0.0108846 -0.0461849 0.0995192 0.9939036
1341846675.786330 -0.1924838 0.0551467 -0.1326956 0.0005410 -0.0417402 0.0969707 0.9944115
1341846675.818106 -0.1794524 0.0540049 -0.1361993 0.0038291 -0.0387169 0.0944747 0.9947668
1341846675.854095 -0.1606476 0.0541865 -0.1347586 0.0081361 -0.0397602 0.0950853 0.9946415
1341846675.886163 -0.1444326 0.0513592 -0.1392840 0.0143428 -0.0434417 0.0967571 0.9942561
1341846675.922346 -0.1314923 0.0475819 -0.1390492 0.0238921 -0.0436929 0.0965080 0.9940857
1341846675.961651 -0.1096650 0.0485884 -0.1348409 0.0327204 -0.0467754 0.0947438 0.9938637
1341846676.028080 -0.0695954 0.0429260 -0.1242197 0.0548338 -0.0555602 0.0934044 0.9925633
1341846676.122163 -0.1349894 0.0655913 -0.1719188 0.0637475 -0.0481281 0.0836939 0.9932851
1341846676.154447 -0.1254867 0.0481501 -0.1707007 0.0591153 -0.0484859 0.0839518 0.9935324
1341846676.190230 -0.1176762 0.0551851 -0.1768035 0.0601251 -0.0511734 0.0845095 0.9932897
1341846676.222476 -0.1041070 0.0685456 -0.2180082 0.0563356 -0.0516006 0.0830684 0.9936113
1341846676.257017 -0.1011225 0.0661561 -0.2130713 0.0485456 -0.0490770 0.0813549 0.9942918
1341846676.322689 -0.0520197 0.0713159 -0.2297363 0.0435622 -0.0511350 0.0835992 0.9942327
1341846676.360815 -0.0189374 0.0774404 -0.2518407 0.0325493 -0.0503654 0.0865442 0.9944416
1341846676.390851 -0.0340160 0.0714800 -0.2184031 0.0229955 -0.0443729 0.0778465 0.9957119
1341846676.459033 -0.0016290 0.0860090 -0.2458921 0.0243522 -0.0398994 0.0823662 0.9955053
1341846677.798630 0.1123079 0.0988245 -0.2624255 0.0335429 0.0083140 0.0680381 0.9970840
