1341845820.751833 0.0000000 0.0000000 0.0000000 -0.0000000 -0.0000000 -0.0000000 1.0000000
1341845821.488014 0.0105614 -0.0079844 -0.0007208 0.0058370 0.0151091 0.0028404 0.9998648
1341845821.524370 0.0123612 -0.0112321 0.0012734 0.0073263 0.0156840 0.0034831 0.9998441
1341845822.663716 -0.0669439 -0.0235561 0.0065364 0.0113672 0.0148799 0.0000091 0.9998246
1341845822.925900 -0.0963940 -0.0262748 0.0079882 0.0223472 0.0108665 0.0074999 0.9996631
1341845823.394013 -0.1426608 -0.0344642 0.0143664 0.0253540 0.0257466 0.0067032 0.9993244
1341845823.695523 -0.1985910 -0.0546547 0.0117310 0.0277760 0.0265558 0.0153022 0.9991443
1341845823.929826 -0.2352591 -0.0527495 0.0157814 0.0355651 0.0055956 0.0093736 0.9993078
1341845824.197930 -0.2688243 -0.0647563 0.0206257 0.0182225 0.0459880 0.0070706 0.9987507
1341845824.565735 -0.3349428 -0.0705768 0.0096877 0.0277388 0.0167337 0.0218648 0.9992359
1341845825.815954 -0.5137383 -0.0794035 0.0119878 0.0285515 -0.0130316 0.0383993 0.9987695
1341845826.583716 -0.5706190 -0.0859871 -0.0057193 0.0166772 -0.0409027 0.0478717 0.9978763
1341845826.945792 -0.5698673 -0.0539181 0.0005352 -0.0178804 -0.0360323 0.0472903 0.9980710
1341845827.045694 -0.5636485 -0.0360430 -0.0062789 -0.0268768 -0.0345096 0.0597804 0.9972528
1341845829.693835 -0.2332566 -0.0084127 0.0269328 -0.0036197 0.0189419 0.0621998 0.9978774
1341845831.673597 0.1224054 0.0114823 0.0013478 0.0097471 0.0080660 0.0337531 0.9993501
1341845832.005729 0.1856899 0.0191253 0.0059360 -0.0043008 0.0250051 0.0415330 0.9988149
1341845832.477743 0.2586126 0.0440021 -0.0025377 -0.0159840 0.0244166 0.0408871 0.9987375
1341845832.913787 0.3219564 0.0673877 -0.0115463 -0.0258981 0.0329672 0.0519305 0.9977704
1341845833.181891 0.3762993 0.0782122 -0.0282068 -0.0347278 0.0418684 0.0483506 0.9973481
1341845833.617817 0.4414182 0.0814566 -0.0358494 -0.0311034 0.0478418 0.0548315 0.9968637
1341845835.125663 0.2101996 0.0536823 -0.0225697 -0.0365311 0.0193975 0.0316543 0.9986427
1341845835.625859 0.0726504 0.0251369 -0.0113388 -0.0265117 -0.0120363 0.0268694 0.9992148
1341845836.739779 -0.1197277 -0.0257053 -0.0344915 0.0129252 -0.0202670 0.0489071 0.9985141
1341845837.375710 -0.1062045 -0.1724643 -0.0315704 0.0498287 -0.0052058 0.0469988 0.9976377
1341845837.979709 -0.0749847 -0.2800107 -0.0502859 0.0460548 0.0355740 0.0238069 0.9980214
1341845838.509713 -0.0847841 -0.3552797 -0.0281032 0.0190422 0.0438463 0.0060753 0.9988383
1341845838.745913 -0.0545755 -0.3637856 -0.0486940 0.0214735 0.0500102 -0.0029902 0.9985134
1341845839.214000 -0.0429674 -0.4280325 -0.0280760 0.0025502 0.0604886 -0.0110131 0.9981049
1341845839.445714 -0.0253093 -0.4336244 -0.0317071 0.0117325 0.0706716 -0.0051735 0.9974173
1341845841.425648 -0.1157499 -0.2098406 0.0146293 -0.0242407 0.0459219 -0.0068950 0.9986271
1341845843.039687 -0.1297647 0.0124072 0.0423046 -0.0042908 0.0176289 0.0388505 0.9990803
1341845843.669935 -0.1398605 0.1260808 0.0623949 -0.0147895 0.0212596 0.0378991 0.9989459
1341845844.205772 -0.1297590 0.2075880 0.0718857 -0.0010251 0.0497722 0.0424629 0.9978570
1341845844.709820 -0.1461171 0.3040003 0.0754183 -0.0079347 0.0382749 0.0610613 0.9973683
1341845845.413648 -0.1475279 0.4028724 0.0855781 -0.0241107 0.0009871 0.0321564 0.9991915
1341845846.417804 -0.1440930 0.6045380 0.0829164 -0.0590098 -0.0017473 0.0265629 0.9979024
1341845847.757787 -0.1190244 0.3134308 0.0350932 -0.0363925 0.0004742 0.0178994 0.9991772
1341845848.399644 -0.1252131 0.1970045 -0.0027220 -0.0406068 -0.0166223 0.0235898 0.9987584
1341845848.903622 -0.1115049 0.1149499 -0.0076932 -0.0378668 -0.0093832 0.0266289 0.9988839
1341845849.838002 -0.1238921 0.1415430 0.2151621 -0.0227721 0.0281151 0.0207636 0.9991295
1341845850.412359 -0.1330069 0.1375586 0.3563154 -0.0346556 0.0230423 0.0046173 0.9991230
1341845851.345834 -0.1223424 0.1493319 0.5271311 -0.0302400 0.0253504 0.0155368 0.9991003
1341845855.201780 -0.2425863 0.1791959 -0.0377925 -0.0315197 0.0124451 0.0131314 0.9993394
1341845859.253689 -0.1899127 0.1716202 -0.3492291 -0.0711814 0.0108128 -0.0019648 0.9974028
1341845860.294553 -0.1835563 0.1346012 -0.3668374 -0.0401846 0.0060772 -0.0239950 0.9988856
1341845862.915725 -0.1404317 0.1357339 -0.3536374 -0.0242508 -0.0011424 -0.0247773 0.9993982
