1341845820.751833 0.0000000 0.0000000 0.0000000 -0.0000000 -0.0000000 -0.0000000 1.0000000
1341845821.488014 0.0085667 -0.0125745 -0.0015028 0.0055035 0.0155626 0.0017246 0.9998623
1341845821.524370 0.0105183 -0.0159407 0.0005874 0.0069812 0.0161284 0.0025070 0.9998425
1341845824.197930 -0.2761770 -0.0691519 0.0280172 0.0178020 0.0470002 0.0066877 0.9987139
1341845824.601758 -0.3480609 -0.0793771 0.0158004 0.0263299 0.0159047 0.0246141 0.9992236
1341845826.483677 -0.5849910 -0.0909609 -0.0005926 0.0194105 -0.0377223 0.0476728 0.9979617
1341845826.945792 -0.5901210 -0.0583871 -0.0036223 -0.0185197 -0.0333006 0.0457807 0.9982246
1341845828.689681 -0.4110156 -0.0387750 0.0614705 -0.0318090 0.0430276 0.0618142 0.9966523
1341845829.625785 -0.2649761 -0.0388939 0.0395299 -0.0055763 0.0226651 0.0649518 0.9976154
1341845832.005729 0.1878956 0.0133147 0.0050371 -0.0045479 0.0250067 0.0402466 0.9988664
1341845832.477743 0.2629590 0.0401184 -0.0023392 -0.0161160 0.0241354 0.0397138 0.9987895
1341845832.978015 0.3364086 0.0629869 -0.0086058 -0.0284037 0.0347754 0.0497152 0.9977536
1341845833.381840 0.4327145 0.0750925 -0.0366959 -0.0308888 0.0457852 0.0523379 0.9971009
1341845834.721856 0.3256409 0.0606852 -0.0107429 -0.0452691 0.0398648 0.0317616 0.9976737
1341845836.739779 -0.1219404 -0.0331523 -0.0284326 0.0122575 -0.0199691 0.0493509 0.9985067
1341845837.643704 -0.1051739 -0.2454066 -0.0312634 0.0343447 0.0181697 0.0282991 0.9988441
1341845838.173678 -0.0877283 -0.3126295 -0.0390144 0.0366040 0.0432954 0.0129209 0.9983079
1341845838.341805 -0.0986570 -0.3501363 -0.0240875 0.0213849 0.0440953 0.0043189 0.9987891
1341845838.541649 -0.0945768 -0.3791680 -0.0221298 0.0176024 0.0447776 0.0051051 0.9988288
1341845838.677850 -0.0897116 -0.3940067 -0.0259802 0.0245056 0.0485214 -0.0015093 0.9985204
1341845839.246198 -0.0461077 -0.4462379 -0.0265320 0.0030471 0.0632538 -0.0110226 0.9979320
1341845839.549791 -0.0265725 -0.4635439 -0.0290921 0.0077348 0.0755434 -0.0070506 0.9970876
1341845840.485943 -0.0757229 -0.3477220 -0.0042784 -0.0466468 0.0582141 -0.0025140 0.9972106
1341845840.789783 -0.1038850 -0.3215753 0.0048404 -0.0501255 0.0468110 -0.0033115 0.9976398
1341845844.241826 -0.1370038 0.1965365 0.0854160 -0.0020432 0.0503285 0.0422963 0.9978346
1341845844.741764 -0.1560177 0.3087306 0.0778502 -0.0102384 0.0352211 0.0613682 0.9974411
1341845845.314159 -0.1510022 0.3968669 0.0782414 -0.0194327 0.0036851 0.0317427 0.9993004
1341845846.249670 -0.1530633 0.5772989 0.0860093 -0.0484576 -0.0031366 0.0250116 0.9985071
1341845847.757787 -0.1324380 0.3161037 0.0307235 -0.0357146 0.0028345 0.0166391 0.9992195
1341845848.435802 -0.1392965 0.1912234 -0.0089634 -0.0417865 -0.0191384 0.0250037 0.9986303
1341845848.903622 -0.1159195 0.1134511 -0.0055746 -0.0381577 -0.0086549 0.0262753 0.9988887
1341845849.805874 -0.1373277 0.1383607 0.2117950 -0.0226672 0.0302650 0.0216887 0.9990495
1341845850.977762 -0.1264011 0.1420145 0.4647636 -0.0255896 0.0291902 0.0126350 0.9991664
1341845856.038077 -0.2588923 0.1618722 -0.1226684 -0.0186448 -0.0037648 0.0169510 0.9996754
1341845857.613882 -0.2464152 0.1754351 -0.2337129 -0.0349882 0.0059328 0.0184680 0.9991995
1341845859.625646 -0.1808801 0.1518110 -0.3647400 -0.0728550 0.0284496 -0.0145192 0.9968310
1341845860.161703 -0.1898846 0.1478338 -0.3705121 -0.0474458 0.0234026 -0.0157662 0.9984751
1341845860.294553 -0.1959969 0.1315058 -0.3694146 -0.0404535 0.0079136 -0.0254473 0.9988260
1341845860.429768 -0.1911087 0.1452457 -0.3745033 -0.0304821 -0.0066273 -0.0290980 0.9990897
1341845860.638227 -0.1869111 0.1463965 -0.3804229 -0.0352290 -0.0175977 -0.0307325 0.9987516
1341845860.803824 -0.1869143 0.1524481 -0.3862210 -0.0375831 -0.0295361 -0.0251119 0.9985412
1341845861.507634 -0.1867428 0.1461543 -0.3729998 -0.0361162 -0.0323487 -0.0296841 0.9983827
1341845861.739782 -0.1738196 0.1376519 -0.3679722 -0.0306359 -0.0323222 -0.0345677 0.9984096
1341845862.107644 -0.1602435 0.1309363 -0.3579042 -0.0247601 -0.0319980 -0.0361502 0.9985271
1341845862.375792 -0.1524537 0.1329566 -0.3457219 -0.0359471 -0.0211084 -0.0314844 0.9986346
1341845862.543776 -0.1499745 0.1356423 -0.3450969 -0.0298500 -0.0078971 -0.0242437 0.9992291
1341845862.679727 -0.1458472 0.1345323 -0.3482691 -0.0289487 -0.0022529 -0.0227999 0.9993183
1341845862.847856 -0.1479197 0.1377378 -0.3504296 -0.0247569 0.0019750 -0.0251944 0.9993740
1341845863.015854 -0.1486358 0.1414586 -0.3557150 -0.0221530 0.0025553 -0.0251193 0.9994357
1341845863.151916 -0.1533380 0.1363623 -0.3540048 -0.0226804 0.0013949 -0.0265184 0.9993901
1341845863.315718 -0.1508101 0.1417719 -0.3585429 -0.0231866 0.0016834 -0.0259835 0.9993920
