1341845820.751833 0.0000000 0.0000000 0.0000000 -0.0000000 -0.0000000 -0.0000000 1.0000000
1341845821.488014 0.0108835 -0.0117206 -0.0044192 0.0055654 0.0153714 0.0020713 0.9998642
1341845822.957708 -0.0997988 -0.0296763 0.0084418 0.0223498 0.0118953 0.0052209 0.9996658
1341845823.761810 -0.2102227 -0.0540251 0.0191398 0.0346928 0.0222675 0.0170159 0.9990050
1341845824.097956 -0.2364634 -0.0587509 -0.0102417 0.0318788 0.0098937 0.0055782 0.9994272
1341845824.130299 -0.2013424 -0.0490336 -0.0305885 0.0281123 0.0205086 0.0073815 0.9993671
1341845826.515677 -0.5851783 -0.0935661 -0.0088025 0.0189856 -0.0391638 0.0515950 0.9977193
1341845826.819713 -0.5806742 -0.0666235 -0.0147907 -0.0007631 -0.0432656 0.0490913 0.9978565
1341845826.945792 -0.5853083 -0.0612000 -0.0117589 -0.0185042 -0.0337841 0.0472290 0.9981411
1341845828.689681 -0.4088725 -0.0385801 0.0534455 -0.0317265 0.0425981 0.0621838 0.9966504
1341845830.129668 -0.1782133 -0.0390686 0.0274888 0.0135508 0.0030161 0.0578002 0.9982316
1341845832.005729 0.1896560 0.0144018 -0.0020163 -0.0046442 0.0247521 0.0407250 0.9988530
1341845832.442187 0.2592407 0.0391702 -0.0100161 -0.0152796 0.0241613 0.0399324 0.9987934
1341845832.913787 0.3318804 0.0657883 -0.0239090 -0.0258124 0.0320461 0.0514781 0.9978260
1341845833.381840 0.4378801 0.0783381 -0.0497652 -0.0306172 0.0452726 0.0525286 0.9971227
1341845834.253824 0.4381966 0.0940961 -0.0506372 -0.0452634 0.0459985 0.0430922 0.9969847
1341845837.979709 -0.0785048 -0.2878493 -0.0461803 0.0450641 0.0359682 0.0228806 0.9980742
1341845838.173678 -0.0842203 -0.3105331 -0.0428449 0.0365691 0.0428334 0.0132328 0.9983250
1341845838.341805 -0.0942396 -0.3478773 -0.0249379 0.0214741 0.0435221 0.0047026 0.9988106
1341845838.541649 -0.0945288 -0.3782450 -0.0281117 0.0175723 0.0447117 0.0048882 0.9988334
1341845839.281774 -0.0413752 -0.4350233 -0.0272430 0.0045222 0.0642983 -0.0082061 0.9978868
1341845839.514001 -0.0201145 -0.4534265 -0.0346653 0.0067396 0.0730607 -0.0067172 0.9972821
1341845839.713876 -0.0184778 -0.4490174 -0.0376175 0.0084297 0.0761984 -0.0057489 0.9970405
1341845840.585765 -0.0810194 -0.3299061 -0.0017150 -0.0513362 0.0543440 -0.0002020 0.9972017
1341845841.457784 -0.1158189 -0.2128251 0.0135234 -0.0165118 0.0451789 -0.0023787 0.9988396
1341845843.071786 -0.1316649 0.0166528 0.0395165 -0.0037400 0.0199590 0.0386845 0.9990451
1341845844.273743 -0.1264648 0.2105434 0.0750467 0.0061887 0.0478817 0.0472399 0.9977161
1341845844.641742 -0.1461207 0.2847874 0.0743735 -0.0107141 0.0464279 0.0566181 0.9972583
1341845845.213604 -0.1465475 0.3867784 0.0729724 -0.0184409 0.0015280 0.0303131 0.9993691
1341845845.649696 -0.1519236 0.4560310 0.0806476 -0.0369368 -0.0047896 0.0225777 0.9990510
1341845846.217670 -0.1494536 0.5726684 0.0812147 -0.0443712 -0.0033045 0.0219805 0.9987679
1341845846.687048 -0.1383546 0.6248457 0.0698809 -0.0770893 0.0023782 0.0250531 0.9967065
1341845847.089677 -0.1557254 0.5118961 0.0676495 -0.0602510 0.0021568 0.0198996 0.9979826
1341845847.221790 -0.1275631 0.4794934 0.0688635 -0.0432961 -0.0002547 0.0204546 0.9988528
1341845847.425786 -0.1275358 0.4335450 0.0559830 -0.0313435 0.0059377 0.0167210 0.9993511
1341845847.693751 -0.1278669 0.3523436 0.0330320 -0.0337735 0.0010121 0.0134692 0.9993383
1341845847.993685 -0.1297277 0.2756690 0.0134725 -0.0326891 -0.0058642 0.0255115 0.9991227
1341845848.435802 -0.1360035 0.1958296 -0.0117003 -0.0410706 -0.0194435 0.0252986 0.9986467
1341845848.703677 -0.1267757 0.1487539 -0.0184443 -0.0391760 -0.0199327 0.0258630 0.9986987
1341845850.412359 -0.1363516 0.1402055 0.3529308 -0.0339624 0.0236904 0.0040728 0.9991340
1341845851.881832 -0.1098846 0.1626771 0.5774894 -0.0294620 0.0132373 0.0223583 0.9992281
1341845855.201780 -0.2512661 0.1857668 -0.0427148 -0.0307270 0.0139983 0.0126011 0.9993504
1341845859.825831 -0.1793215 0.1453698 -0.3690759 -0.0621449 0.0388795 -0.0076856 0.9972800
1341845860.057745 -0.1862215 0.1482117 -0.3762166 -0.0519088 0.0323129 -0.0134034 0.9980389
1341845860.261716 -0.1832418 0.1440865 -0.3753502 -0.0415083 0.0114069 -0.0234127 0.9987987
1341845860.429768 -0.1861169 0.1446069 -0.3826594 -0.0304840 -0.0071497 -0.0288907 0.9990920
1341845860.638227 -0.1832225 0.1461540 -0.3851134 -0.0352746 -0.0179980 -0.0299919 0.9987653
1341845860.803824 -0.1828351 0.1545967 -0.3898247 -0.0372400 -0.0298685 -0.0246668 0.9985553
1341845860.965899 -0.1879467 0.1490010 -0.3870935 -0.0410663 -0.0365998 -0.0281251 0.9980897
1341845861.939697 -0.1706599 0.1349613 -0.3574046 -0.0294695 -0.0348072 -0.0344621 0.9983649
1341845862.343750 -0.1520160 0.1365455 -0.3517861 -0.0362027 -0.0240201 -0.0333178 0.9985000
1341845862.579869 -0.1453615 0.1340628 -0.3500327 -0.0287105 -0.0079665 -0.0224937 0.9993029
1341845862.679727 -0.1410943 0.1369137 -0.3513302 -0.0286053 -0.0027536 -0.0222511 0.9993393
1341845862.779732 -0.1395051 0.1342997 -0.3512807 -0.0269491 0.0019955 -0.0236854 0.9993542
1341845862.879714 -0.1460332 0.1371694 -0.3567003 -0.0241479 0.0007788 -0.0250603 0.9993939
1341845863.015854 -0.1443283 0.1431095 -0.3596301 -0.0217913 0.0021052 -0.0246888 0.9994555
1341845863.151916 -0.1493392 0.1356462 -0.3580070 -0.0226279 0.0009838 -0.0260503 0.9994040
