1341846313.592026 0.000000000 0.000000000 0.000000000 -0.000000000 -0.000000000 -0.000000000 1.000000000
1341846313.654184 0.007230463 0.000011816 -0.001778321 -0.000812011 -0.003367858 0.004969948 0.999981701
1341846313.686156 0.014898140 0.002124095 -0.002872101 0.000705378 -0.005641769 0.004629027 0.999973118
1341846313.721918 0.019272583 0.002774819 -0.002773452 0.000633848 -0.006662583 0.004858010 0.999965847
1341846313.753994 0.026600609 0.005669221 0.000913565 0.000632325 -0.007442306 0.006569942 0.999950528
1341846313.789969 0.030449638 0.008039113 0.005440577 0.002044598 -0.007819589 0.004916093 0.999955297
1341846313.822075 0.038425039 0.013069743 0.005361228 0.002859675 -0.007240102 0.002886458 0.999965549
1341846313.853928 0.031368200 0.014675275 0.011776376 0.002470497 -0.002463299 0.002038891 0.999991894
1341846313.890011 0.009367997 0.011684223 0.001239670 0.001573737 0.004223229 0.002703735 0.999986231
1341846313.922055 -0.024894238 0.013371363 -0.004895697 -0.000797112 0.011253593 0.002523817 0.999933183
1341846313.957927 -0.034281529 0.019348785 0.008691113 -0.001341339 0.018259611 0.000944224 0.999831975
1341846313.990058 -0.062880434 0.015663616 0.005500996 -0.003617677 0.030779155 0.002911517 0.999515414
1341846314.022042 -0.083936274 0.016657431 0.003101063 -0.006139973 0.036452077 0.003025475 0.999311984
1341846314.057816 -0.106788903 0.026038123 0.012124714 -0.007732899 0.044331238 0.003196876 0.998981833
1341846314.089801 -0.118819118 0.028958928 0.022399796 -0.005952669 0.052645337 0.002738565 0.998591781
1341846314.122037 -0.152932510 0.024322167 0.018466003 -0.008583162 0.063378274 0.005195134 0.997939169
1341846314.157989 -0.162626296 0.029299371 0.024612306 -0.009620655 0.068989187 0.005971712 0.997553170
1341846314.190094 -0.179713711 0.036495384 0.028810991 -0.008161345 0.077090085 0.005364203 0.996976316
1341846314.225969 -0.181734473 0.041244347 0.021475840 -0.010028272 0.080353379 0.007399720 0.996688545
1341846314.257923 -0.184200689 0.040691223 0.028923495 -0.011725301 0.083770573 0.008223927 0.996382177
1341846314.290052 -0.184689730 0.039089460 0.031895559 -0.010993418 0.085891426 0.006761180 0.996220887
1341846314.325981 -0.185543343 0.038501661 0.031937703 -0.012561574 0.087941073 0.004803591 0.996034920
1341846314.357905 -0.188622773 0.050179962 0.038870510 -0.010829332 0.092776909 0.002279503 0.995625496
1341846314.389899 -0.188242465 0.050019603 0.042150915 -0.009407352 0.096337706 0.001916109 0.995302439
1341846314.427905 -0.201733544 0.055856310 0.037316162 -0.009230434 0.101376094 -0.000823630 0.994805038
1341846314.493987 -0.222789064 0.068786524 0.035782740 -0.005645452 0.116739601 -0.009114282 0.993104696
1341846314.526085 -0.224601835 0.070276543 0.028342193 -0.005596140 0.119685337 -0.010728356 0.992738128
1341846314.558292 -0.230082929 0.065347336 0.033166930 -0.007608304 0.124453865 -0.009092293 0.992154598
1341846314.594085 -0.229042396 0.072024278 0.034704491 -0.004310464 0.130529791 -0.010657091 0.991377771
1341846314.626096 -0.244915158 0.068103366 0.029194409 -0.005357932 0.137943864 -0.009452378 0.990380526
1341846314.658455 -0.247751772 0.074083179 0.027024677 -0.006602076 0.141298145 -0.010251828 0.989892006
1341846314.694004 -0.253860742 0.077041551 0.039059468 -0.005149534 0.147907853 -0.012471839 0.988909125
1341846314.725910 -0.255143195 0.072042204 0.050442651 -0.000694295 0.151948959 -0.008024285 0.988355517
1341846314.761942 -0.262157440 0.071645670 0.042808924 0.003579656 0.153709516 -0.002798307 0.988105655
1341846314.794030 -0.265017152 0.073426962 0.041126557 0.007140563 0.157074139 -0.002046439 0.987558961
1341846314.826092 -0.280836761 0.074743472 0.035491411 0.009377168 0.165436342 -0.002270632 0.986173272
1341846314.862145 -0.281842440 0.075910516 0.032908790 0.009708883 0.169749007 -0.001788057 0.985437870
1341846314.894072 -0.291205943 0.077394560 0.032497425 0.009932986 0.176483721 0.000034883 0.984253466
1341846314.925969 -0.295823127 0.076672368 0.031856678 0.010287166 0.180542246 0.003944035 0.983505547
1341846314.961937 -0.302621335 0.067419074 0.026865723 0.005440538 0.182575524 0.010212394 0.983123779
1341846314.994564 -0.304028720 0.079398222 0.032664526 0.004625623 0.185071006 0.008791739 0.982674956
1341846315.029900 -0.310417414 0.083875522 0.033802472 0.005111645 0.191102386 0.005062055 0.981543779
1341846315.061965 -0.310108572 0.080498502 0.035208892 0.004423059 0.193606839 0.008473483 0.981032670
1341846315.094388 -0.308972210 0.083975993 0.034472957 0.005652004 0.193002343 0.008090393 0.981148720
1341846315.129851 -0.312650084 0.083128832 0.035493016 0.007194258 0.194843307 0.006853807 0.980784059
1341846315.161941 -0.319399029 0.076495938 0.031560093 0.003144436 0.196340933 0.011186714 0.980466843
1341846315.197984 -0.301470250 0.077369571 0.038799111 -0.005266487 0.191679493 0.006355387 0.981422901
1341846315.230076 -0.304484397 0.080359980 0.038466871 -0.008181996 0.192252472 0.003384479 0.981305599
1341846315.262069 -0.313564181 0.074689969 0.040351383 -0.011682956 0.191661924 0.007405022 0.981363535
1341846315.298000 -0.312456816 0.077902049 0.042917941 -0.012430336 0.188727200 0.009585559 0.981904089
1341846315.329931 -0.295836359 0.085852936 0.049200092 -0.006271868 0.185949728 0.009317775 0.982495070
1341846315.361981 -0.288108796 0.079745531 0.046370864 -0.001817241 0.184447467 0.012158173 0.982765555
1341846315.397962 -0.292671949 0.087738350 0.047841512 0.002881189 0.186139971 0.014461900 0.982412577
1341846315.429923 -0.308689058 0.095651612 0.050648186 0.007182044 0.191635996 0.015102143 0.981323600
1341846315.466047 -0.320938200 0.087537155 0.052234512 0.006563855 0.198731184 0.017096918 0.979882896
1341846315.497883 -0.320140302 0.085034847 0.054143950 0.005888213 0.201880366 0.021443382 0.979157746
1341846315.530008 -0.321884036 0.085373580 0.056465082 0.006028960 0.204001740 0.021286517 0.978720486
1341846315.566108 -0.322111934 0.084407799 0.057013817 0.005186676 0.205960974 0.022322265 0.978291869
1341846315.597986 -0.323969454 0.087413728 0.058639280 0.005571337 0.207770497 0.021497762 0.977925479
1341846315.630109 -0.327405781 0.089866549 0.057841625 0.005954810 0.209678754 0.019836284 0.977550983
1341846315.666042 -0.339183450 0.089137018 0.052394465 0.004366300 0.213323697 0.019454425 0.976778090
1341846315.698114 -0.338550836 0.088364474 0.053022996 -0.002225990 0.217500448 0.017627375 0.975898504
1341846315.733985 -0.320447415 0.082702078 0.061221350 -0.004138269 0.216973722 0.021440284 0.975933194
1341846315.766041 -0.322273195 0.082834847 0.056265727 -0.003592027 0.214171723 0.021962734 0.976542473
1341846315.798188 -0.320638567 0.086430177 0.059090916 -0.004207957 0.213665530 0.020154018 0.976689935
1341846315.834140 -0.311562598 0.086084470 0.062574260 -0.003185187 0.214345530 0.019101430 0.976565897
1341846315.866751 -0.318634868 0.087139562 0.059223119 -0.000468706 0.216320455 0.018380381 0.976149261
1341846315.898492 -0.317973047 0.086647771 0.058254983 0.000816321 0.216261283 0.018395768 0.976161838
1341846315.936901 -0.322881013 0.091342367 0.055569481 0.004983460 0.218082160 0.016984476 0.975769877
1341846315.966572 -0.322036743 0.090180889 0.054579280 0.008144488 0.218491986 0.016312836 0.975668430
1341846316.034204 -0.323997110 0.090233989 0.049085144 0.011901830 0.216742635 0.014597219 0.976047099
1341846316.066113 -0.320401609 0.090546645 0.048415180 0.014392019 0.215026408 0.014216851 0.976398706
1341846316.101867 -0.324052930 0.084954679 0.045283031 0.014466353 0.213220656 0.016149390 0.976763487
1341846316.134066 -0.314306647 0.084300980 0.039415583 0.012768252 0.206826106 0.013666546 0.978198946
1341846316.202049 -0.308768302 0.086290650 0.040229563 0.013256293 0.199359328 0.009817331 0.979787648
1341846316.233979 -0.309918076 0.083557434 0.036571767 0.012683875 0.197447389 0.008901943 0.980190992
1341846316.270052 -0.309045702 0.082669668 0.036488526 0.010846456 0.197504178 0.006479865 0.980220675
1341846316.301915 -0.300750166 0.083131500 0.039215941 0.011712840 0.196553200 0.004037296 0.980414927
1341846316.334208 -0.295326144 0.078458421 0.039693970 0.012754446 0.193664208 0.005930679 0.980967045
1341846316.370006 -0.293263257 0.077473097 0.039773978 0.014958605 0.191063896 0.006788582 0.981440187
1341846316.401994 -0.288870305 0.072599545 0.042172179 0.016025722 0.188865140 0.009483674 0.981826484
1341846316.438069 -0.279646575 0.072160415 0.041878566 0.018523445 0.186307579 0.011474860 0.982249856
1341846316.470076 -0.273550510 0.071556538 0.041544028 0.024140032 0.183423340 0.014304035 0.982633471
1341846316.502034 -0.269776314 0.060497165 0.040019941 0.023141759 0.178687811 0.017205883 0.983483136
1341846316.537975 -0.266522884 0.064482391 0.037441339 0.020326518 0.174062088 0.014882885 0.984412432
1341846316.570121 -0.261603475 0.068205684 0.037575100 0.021327676 0.172014520 0.011407552 0.984797418
1341846316.601885 -0.254494816 0.063559487 0.038885061 0.022473475 0.169124767 0.010255540 0.985285044
1341846316.638009 -0.266667008 0.066085517 0.028573925 0.026102612 0.168112516 0.012113152 0.985347688
1341846316.669925 -0.266644925 0.071315296 0.025186049 0.029890584 0.166123092 0.011574442 0.985583961
1341846316.705941 -0.260908782 0.070561528 0.027351487 0.034372058 0.164447621 0.011535332 0.985719264
1341846316.738062 -0.248109758 0.084510140 0.017306492 0.038536631 0.159710407 0.015497368 0.986289680
1341846316.770433 -0.241655990 0.075359240 0.021791678 0.035385437 0.157111347 0.015808940 0.986820161
1341846316.805932 -0.236351758 0.081391841 0.022295605 0.037830137 0.155276224 0.014808650 0.987035394
1341846316.838029 -0.228619576 0.081109278 0.027659178 0.039007436 0.150882572 0.015321362 0.987662971
1341846316.870034 -0.221293136 0.075941510 0.031681776 0.038799662 0.144981295 0.017755494 0.988513947
1341846316.906344 -0.220863611 0.074481264 0.030961586 0.039567772 0.140809715 0.016663270 0.989105403
1341846316.937940 -0.216955960 0.070966065 0.032754045 0.038378149 0.138024196 0.014314085 0.989581525
1341846316.973994 -0.214229524 0.070060380 0.032715887 0.037196241 0.134209812 0.014712751 0.990145326
1341846317.005913 -0.213297114 0.069810428 0.032082014 0.036129594 0.129967511 0.015986871 0.990730822
1341846317.037936 -0.213818520 0.070552066 0.032558296 0.037044395 0.126596123 0.016230971 0.991129518
1341846317.073972 -0.213989824 0.070917405 0.031631786 0.038562633 0.123865336 0.016918248 0.991405129
1341846317.106113 -0.213918686 0.070941851 0.031963941 0.041679531 0.121267125 0.021220261 0.991517425
1341846317.137887 -0.212481394 0.072425023 0.029258344 0.045378610 0.112658322 0.024844330 0.992286086
1341846317.173970 -0.214095846 0.079046965 0.020276133 0.047023542 0.104173742 0.025675956 0.993115008
1341846317.205887 -0.220421299 0.079966776 0.016780920 0.047378603 0.101495139 0.026896587 0.993343174
1341846317.248131 -0.229490936 0.085979700 0.010687854 0.050291061 0.098626152 0.028817227 0.993435085
1341846317.306289 -0.242744640 0.086658038 0.002805495 0.052574970 0.092540652 0.033906646 0.993741691
1341846317.348137 -0.251000345 0.082305983 0.001028417 0.053133361 0.094191886 0.034450058 0.993538082
1341846317.410120 -0.270721704 0.089268588 -0.010751797 0.056469012 0.093903109 0.040360566 0.993158877
1341846317.442569 -0.285830230 0.075068817 -0.001592861 0.056874759 0.096317038 0.039815366 0.992926538
1341846317.474010 -0.288969278 0.079635367 -0.004723215 0.064131372 0.095515363 0.043869704 0.992390811
1341846317.509927 -0.301156133 0.084393159 -0.000305820 0.067396112 0.094011314 0.048237089 0.992115319
1341846317.542282 -0.301220953 0.084555015 -0.004840423 0.066140033 0.090104260 0.048751000 0.992537200
1341846317.573943 -0.300841033 0.084665611 -0.003786735 0.066414163 0.090450212 0.047587514 0.992543876
1341846317.610159 -0.300615728 0.084797762 -0.003624571 0.069265448 0.091072232 0.048181027 0.992263436
1341846317.643553 -0.300894767 0.086591102 -0.007276542 0.072148688 0.088858202 0.051912308 0.992070556
1341846317.677993 -0.297485203 0.083074443 -0.004255044 0.071986951 0.083479151 0.055251580 0.992369115
1341846317.709996 -0.299182922 0.085380934 -0.005866426 0.075329334 0.080429435 0.053889617 0.992447793
1341846317.741834 -0.298320115 0.085015729 -0.006744948 0.074589469 0.078027241 0.053077750 0.992739081
1341846317.777923 -0.297447652 0.084861420 -0.006290657 0.072906248 0.075581327 0.052833855 0.993066370
1341846317.810021 -0.296851844 0.084646672 -0.005707627 0.072584964 0.072623834 0.051624794 0.993374109
1341846317.841886 -0.297468692 0.084584936 -0.006516967 0.071137160 0.071049429 0.051656231 0.993591070
1341846317.878017 -0.296394259 0.084148295 -0.006342333 0.068555549 0.069721431 0.047818042 0.994058609
1341846317.909910 -0.295839190 0.083922386 -0.004623753 0.067655057 0.070262313 0.044071086 0.994255364
1341846317.946031 -0.291848004 0.081264943 0.001974910 0.068709418 0.068469338 0.046128292 0.994214892
1341846317.978041 -0.292764127 0.082143672 -0.001276537 0.071140274 0.065807275 0.045433745 0.994255662
1341846318.009897 -0.292448342 0.081866808 -0.001557009 0.073215060 0.065609097 0.043612994 0.994199693
1341846318.045949 -0.291221917 0.080260187 -0.000953186 0.072471179 0.065237857 0.043694373 0.994275033
1341846318.078074 -0.280805677 0.076252460 0.009066069 0.070764139 0.060775671 0.041224092 0.994786084
1341846318.109894 -0.279718578 0.075781554 0.009930379 0.070256509 0.055334408 0.040268432 0.995178699
1341846318.145957 -0.280550778 0.075907081 0.010123805 0.069448881 0.052742615 0.037966929 0.995466530
1341846318.178001 -0.277777910 0.070591353 0.019712353 0.068004638 0.052037712 0.034735858 0.995721340
1341846318.214074 -0.275479764 0.067803450 0.025395891 0.068069838 0.049167328 0.033960085 0.995889485
1341846318.245970 -0.255475312 0.067187332 0.035613425 0.071356140 0.038698249 0.033265755 0.996144652
1341846318.278018 -0.246414065 0.073473603 0.030663460 0.076280229 0.030335668 0.033646572 0.996056736
1341846318.313937 -0.222516701 0.083678626 0.030733282 0.079511404 0.017016461 0.033634562 0.996121049
1341846318.345989 -0.216369614 0.087884143 0.027052382 0.081901245 0.006224542 0.032213021 0.996100307
1341846318.382046 -0.219181359 0.084346272 0.032764621 0.083298057 -0.001427090 0.031698722 0.996019363
1341846318.414072 -0.218919933 0.084533021 0.032441225 0.084927313 -0.009210298 0.032425482 0.995816827
1341846318.446035 -0.218960971 0.084166870 0.033424411 0.087303758 -0.016241733 0.032592446 0.995516002
1341846318.482196 -0.219079554 0.083960377 0.033297658 0.088523664 -0.019573398 0.032116145 0.995363772
1341846318.514144 -0.218782753 0.083901919 0.033340190 0.088688374 -0.022023076 0.033184160 0.995262921
1341846318.546259 -0.218666375 0.084023684 0.033674076 0.090396225 -0.024055876 0.033499461 0.995051563
1341846318.582042 -0.218659416 0.083983555 0.033215906 0.091630124 -0.025167920 0.033828814 0.994900107
1341846318.614115 -0.217960536 0.083681785 0.033276733 0.091082253 -0.027258422 0.034286097 0.994879603
1341846318.650038 -0.217767745 0.083798163 0.033148710 0.090632297 -0.029077752 0.031979524 0.994946003
1341846318.682350 -0.217350781 0.083515719 0.033200409 0.089946836 -0.030976383 0.030072514 0.995010376
1341846318.714063 -0.217175335 0.083798468 0.032875054 0.089408845 -0.034129847 0.030429995 0.994944811
1341846318.749905 -0.216767430 0.083303727 0.033709358 0.090901986 -0.035341170 0.032783069 0.994692445
1341846318.782036 -0.216796324 0.083884902 0.031246357 0.092950813 -0.037812337 0.036515139 0.994282186
1341846318.814121 -0.217149973 0.084808700 0.028270958 0.093478389 -0.044829018 0.038578756 0.993863106
1341846318.850072 -0.217830688 0.084764369 0.028202979 0.094261847 -0.052401435 0.037270725 0.993468523
1341846318.883516 -0.223621875 0.092212446 0.014181994 0.099277630 -0.060047563 0.036199696 0.992586434
1341846318.883516 -0.223621875 0.092212446 0.014181994 0.099277630 -0.060047563 0.036199696 0.992586434
1341846318.883516 -0.223621875 0.092212446 0.014181994 0.099277630 -0.060047563 0.036199696 0.992586434
1341846318.883516 -0.223621875 0.092212446 0.014181994 0.099277630 -0.060047563 0.036199696 0.992586434
1341846318.883516 -0.223621875 0.092212446 0.014181994 0.099277630 -0.060047563 0.036199696 0.992586434
1341846318.883516 -0.223621875 0.092212446 0.014181994 0.099277630 -0.060047563 0.036199696 0.992586434
1341846318.883516 -0.223621875 0.092212446 0.014181994 0.099277630 -0.060047563 0.036199696 0.992586434
1341846318.883516 -0.223621875 0.092212446 0.014181994 0.099277630 -0.060047563 0.036199696 0.992586434
1341846318.883516 -0.223621875 0.092212446 0.014181994 0.099277630 -0.060047563 0.036199696 0.992586434
1341846318.883516 -0.223621875 0.092212446 0.014181994 0.099277630 -0.060047563 0.036199696 0.992586434
1341846318.883516 -0.223621875 0.092212446 0.014181994 0.099277630 -0.060047563 0.036199696 0.992586434
1341846318.883516 -0.223621875 0.092212446 0.014181994 0.099277630 -0.060047563 0.036199696 0.992586434
1341846318.883516 -0.223621875 0.092212446 0.014181994 0.099277630 -0.060047563 0.036199696 0.992586434
1341846318.883516 -0.223621875 0.092212446 0.014181994 0.099277630 -0.060047563 0.036199696 0.992586434
1341846318.883516 -0.223621875 0.092212446 0.014181994 0.099277630 -0.060047563 0.036199696 0.992586434
1341846318.883516 -0.223621875 0.092212446 0.014181994 0.099277630 -0.060047563 0.036199696 0.992586434
1341846318.883516 -0.223621875 0.092212446 0.014181994 0.099277630 -0.060047563 0.036199696 0.992586434
1341846318.883516 -0.223621875 0.092212446 0.014181994 0.099277630 -0.060047563 0.036199696 0.992586434
1341846318.883516 -0.223621875 0.092212446 0.014181994 0.099277630 -0.060047563 0.036199696 0.992586434
1341846318.883516 -0.223621875 0.092212446 0.014181994 0.099277630 -0.060047563 0.036199696 0.992586434
1341846318.883516 -0.223621875 0.092212446 0.014181994 0.099277630 -0.060047563 0.036199696 0.992586434
1341846318.883516 -0.223621875 0.092212446 0.014181994 0.099277630 -0.060047563 0.036199696 0.992586434
1341846318.883516 -0.223621875 0.092212446 0.014181994 0.099277630 -0.060047563 0.036199696 0.992586434
1341846318.883516 -0.223621875 0.092212446 0.014181994 0.099277630 -0.060047563 0.036199696 0.992586434
1341846318.883516 -0.223621875 0.092212446 0.014181994 0.099277630 -0.060047563 0.036199696 0.992586434
1341846318.883516 -0.223621875 0.092212446 0.014181994 0.099277630 -0.060047563 0.036199696 0.992586434
1341846318.883516 -0.223621875 0.092212446 0.014181994 0.099277630 -0.060047563 0.036199696 0.992586434
1341846318.883516 -0.223621875 0.092212446 0.014181994 0.099277630 -0.060047563 0.036199696 0.992586434
1341846318.883516 -0.223621875 0.092212446 0.014181994 0.099277630 -0.060047563 0.036199696 0.992586434
1341846318.883516 -0.223621875 0.092212446 0.014181994 0.099277630 -0.060047563 0.036199696 0.992586434
1341846318.883516 -0.223621875 0.092212446 0.014181994 0.099277630 -0.060047563 0.036199696 0.992586434
1341846318.883516 -0.223621875 0.092212446 0.014181994 0.099277630 -0.060047563 0.036199696 0.992586434
1341846318.883516 -0.223621875 0.092212446 0.014181994 0.099277630 -0.060047563 0.036199696 0.992586434
1341846318.883516 -0.223621875 0.092212446 0.014181994 0.099277630 -0.060047563 0.036199696 0.992586434
1341846318.883516 -0.223621875 0.092212446 0.014181994 0.099277630 -0.060047563 0.036199696 0.992586434
1341846318.883516 -0.223621875 0.092212446 0.014181994 0.099277630 -0.060047563 0.036199696 0.992586434
1341846318.883516 -0.223621875 0.092212446 0.014181994 0.099277630 -0.060047563 0.036199696 0.992586434
1341846318.883516 -0.223621875 0.092212446 0.014181994 0.099277630 -0.060047563 0.036199696 0.992586434
1341846318.883516 -0.223621875 0.092212446 0.014181994 0.099277630 -0.060047563 0.036199696 0.992586434
1341846318.883516 -0.223621875 0.092212446 0.014181994 0.099277630 -0.060047563 0.036199696 0.992586434
1341846318.883516 -0.223621875 0.092212446 0.014181994 0.099277630 -0.060047563 0.036199696 0.992586434
1341846318.883516 -0.223621875 0.092212446 0.014181994 0.099277630 -0.060047563 0.036199696 0.992586434
1341846318.883516 -0.223621875 0.092212446 0.014181994 0.099277630 -0.060047563 0.036199696 0.992586434
1341846318.883516 -0.223621875 0.092212446 0.014181994 0.099277630 -0.060047563 0.036199696 0.992586434
1341846318.883516 -0.223621875 0.092212446 0.014181994 0.099277630 -0.060047563 0.036199696 0.992586434
1341846318.883516 -0.223621875 0.092212446 0.014181994 0.099277630 -0.060047563 0.036199696 0.992586434
1341846318.883516 -0.223621875 0.092212446 0.014181994 0.099277630 -0.060047563 0.036199696 0.992586434
1341846318.883516 -0.223621875 0.092212446 0.014181994 0.099277630 -0.060047563 0.036199696 0.992586434
1341846318.883516 -0.223621875 0.092212446 0.014181994 0.099277630 -0.060047563 0.036199696 0.992586434
1341846318.883516 -0.223621875 0.092212446 0.014181994 0.099277630 -0.060047563 0.036199696 0.992586434
1341846318.883516 -0.223621875 0.092212446 0.014181994 0.099277630 -0.060047563 0.036199696 0.992586434
1341846318.883516 -0.223621875 0.092212446 0.014181994 0.099277630 -0.060047563 0.036199696 0.992586434
1341846318.883516 -0.223621875 0.092212446 0.014181994 0.099277630 -0.060047563 0.036199696 0.992586434
1341846318.883516 -0.223621875 0.092212446 0.014181994 0.099277630 -0.060047563 0.036199696 0.992586434
1341846318.883516 -0.223621875 0.092212446 0.014181994 0.099277630 -0.060047563 0.036199696 0.992586434
1341846318.883516 -0.223621875 0.092212446 0.014181994 0.099277630 -0.060047563 0.036199696 0.992586434
1341846318.883516 -0.223621875 0.092212446 0.014181994 0.099277630 -0.060047563 0.036199696 0.992586434
1341846318.883516 -0.223621875 0.092212446 0.014181994 0.099277630 -0.060047563 0.036199696 0.992586434
1341846318.883516 -0.223621875 0.092212446 0.014181994 0.099277630 -0.060047563 0.036199696 0.992586434
1341846318.883516 -0.223621875 0.092212446 0.014181994 0.099277630 -0.060047563 0.036199696 0.992586434
1341846318.883516 -0.223621875 0.092212446 0.014181994 0.099277630 -0.060047563 0.036199696 0.992586434
1341846318.883516 -0.223621875 0.092212446 0.014181994 0.099277630 -0.060047563 0.036199696 0.992586434
1341846318.883516 -0.223621875 0.092212446 0.014181994 0.099277630 -0.060047563 0.036199696 0.992586434
1341846318.883516 -0.223621875 0.092212446 0.014181994 0.099277630 -0.060047563 0.036199696 0.992586434
1341846321.099840 -0.219717711 0.084942609 0.030050483 0.119459912 -0.038002819 0.014534042 0.992004991
1341846321.099840 -0.219717711 0.084942609 0.030050483 0.119459912 -0.038002819 0.014534042 0.992004991
1341846321.099840 -0.219717711 0.084942609 0.030050483 0.119459912 -0.038002819 0.014534042 0.992004991
1341846321.200042 -0.220092401 0.083838917 0.032914355 0.122865848 -0.025449883 0.014880965 0.991985321
1341846321.231950 -0.219177946 0.083319642 0.034397893 0.121808700 -0.025074424 0.009422499 0.992192090
1341846321.231950 -0.219177946 0.083319642 0.034397893 0.121808700 -0.025074424 0.009422499 0.992192090
1341846321.299948 -0.219484270 0.083938777 0.032609954 0.120958649 -0.020108540 0.006884613 0.992429972
1341846321.299948 -0.219484270 0.083938777 0.032609954 0.120958649 -0.020108540 0.006884613 0.992429972
1341846321.299948 -0.219484270 0.083938777 0.032609954 0.120958649 -0.020108540 0.006884613 0.992429972
1341846321.299948 -0.219484270 0.083938777 0.032609954 0.120958649 -0.020108540 0.006884613 0.992429972
1341846321.299948 -0.219484270 0.083938777 0.032609954 0.120958649 -0.020108540 0.006884613 0.992429972
1341846321.299948 -0.219484270 0.083938777 0.032609954 0.120958649 -0.020108540 0.006884613 0.992429972
1341846321.299948 -0.219484270 0.083938777 0.032609954 0.120958649 -0.020108540 0.006884613 0.992429972
1341846321.299948 -0.219484270 0.083938777 0.032609954 0.120958649 -0.020108540 0.006884613 0.992429972
1341846321.299948 -0.219484270 0.083938777 0.032609954 0.120958649 -0.020108540 0.006884613 0.992429972
1341846321.299948 -0.219484270 0.083938777 0.032609954 0.120958649 -0.020108540 0.006884613 0.992429972
1341846321.299948 -0.219484270 0.083938777 0.032609954 0.120958649 -0.020108540 0.006884613 0.992429972
1341846321.299948 -0.219484270 0.083938777 0.032609954 0.120958649 -0.020108540 0.006884613 0.992429972
1341846321.299948 -0.219484270 0.083938777 0.032609954 0.120958649 -0.020108540 0.006884613 0.992429972
1341846321.299948 -0.219484270 0.083938777 0.032609954 0.120958649 -0.020108540 0.006884613 0.992429972
1341846321.299948 -0.219484270 0.083938777 0.032609954 0.120958649 -0.020108540 0.006884613 0.992429972
1341846321.299948 -0.219484270 0.083938777 0.032609954 0.120958649 -0.020108540 0.006884613 0.992429972
1341846321.299948 -0.219484270 0.083938777 0.032609954 0.120958649 -0.020108540 0.006884613 0.992429972
1341846321.299948 -0.219484270 0.083938777 0.032609954 0.120958649 -0.020108540 0.006884613 0.992429972
1341846321.299948 -0.219484270 0.083938777 0.032609954 0.120958649 -0.020108540 0.006884613 0.992429972
1341846321.299948 -0.219484270 0.083938777 0.032609954 0.120958649 -0.020108540 0.006884613 0.992429972
1341846321.299948 -0.219484270 0.083938777 0.032609954 0.120958649 -0.020108540 0.006884613 0.992429972
1341846322.066178 -0.297425449 0.084771164 -0.004904862 0.072275735 0.078465857 0.000223492 0.994293392
1341846322.107979 -0.297480404 0.085578002 -0.004658556 0.070727661 0.081079543 -0.001973287 0.994193077
1341846322.166164 -0.297182202 0.084474072 -0.005495543 0.073037505 0.079186320 0.000031728 0.994180679
1341846322.202932 -0.297108233 0.084718212 -0.005308369 0.075382225 0.076455556 0.001633397 0.994217992
1341846322.234093 -0.297104448 0.085389502 -0.006032804 0.074519448 0.074578702 -0.001377253 0.994425952
1341846322.265941 -0.297668517 0.085408427 -0.006464217 0.071414128 0.072715916 -0.001190823 0.994791985
1341846322.301996 -0.297101945 0.085254028 -0.005819470 0.069911949 0.070938535 -0.002314197 0.995025039
1341846322.333949 -0.297173053 0.084713131 -0.006166118 0.069400735 0.068720981 0.000464054 0.995218933
1341846322.369871 -0.297569692 0.085685782 -0.006154931 0.071544498 0.063449763 -0.003653205 0.995410562
1341846322.369871 -0.297569692 0.085685782 -0.006154931 0.071544498 0.063449763 -0.003653205 0.995410562
1341846322.369871 -0.297569692 0.085685782 -0.006154931 0.071544498 0.063449763 -0.003653205 0.995410562
1341846322.369871 -0.297569692 0.085685782 -0.006154931 0.071544498 0.063449763 -0.003653205 0.995410562
1341846322.369871 -0.297569692 0.085685782 -0.006154931 0.071544498 0.063449763 -0.003653205 0.995410562
1341846322.369871 -0.297569692 0.085685782 -0.006154931 0.071544498 0.063449763 -0.003653205 0.995410562
1341846322.369871 -0.297569692 0.085685782 -0.006154931 0.071544498 0.063449763 -0.003653205 0.995410562
1341846322.369871 -0.297569692 0.085685782 -0.006154931 0.071544498 0.063449763 -0.003653205 0.995410562
1341846322.369871 -0.297569692 0.085685782 -0.006154931 0.071544498 0.063449763 -0.003653205 0.995410562
1341846322.369871 -0.297569692 0.085685782 -0.006154931 0.071544498 0.063449763 -0.003653205 0.995410562
1341846322.369871 -0.297569692 0.085685782 -0.006154931 0.071544498 0.063449763 -0.003653205 0.995410562
1341846322.369871 -0.297569692 0.085685782 -0.006154931 0.071544498 0.063449763 -0.003653205 0.995410562
1341846322.369871 -0.297569692 0.085685782 -0.006154931 0.071544498 0.063449763 -0.003653205 0.995410562
1341846322.369871 -0.297569692 0.085685782 -0.006154931 0.071544498 0.063449763 -0.003653205 0.995410562
1341846322.369871 -0.297569692 0.085685782 -0.006154931 0.071544498 0.063449763 -0.003653205 0.995410562
1341846322.369871 -0.297569692 0.085685782 -0.006154931 0.071544498 0.063449763 -0.003653205 0.995410562
1341846322.369871 -0.297569692 0.085685782 -0.006154931 0.071544498 0.063449763 -0.003653205 0.995410562
1341846322.369871 -0.297569692 0.085685782 -0.006154931 0.071544498 0.063449763 -0.003653205 0.995410562
1341846322.369871 -0.297569692 0.085685782 -0.006154931 0.071544498 0.063449763 -0.003653205 0.995410562
1341846322.369871 -0.297569692 0.085685782 -0.006154931 0.071544498 0.063449763 -0.003653205 0.995410562
1341846322.369871 -0.297569692 0.085685782 -0.006154931 0.071544498 0.063449763 -0.003653205 0.995410562
1341846322.369871 -0.297569692 0.085685782 -0.006154931 0.071544498 0.063449763 -0.003653205 0.995410562
1341846322.369871 -0.297569692 0.085685782 -0.006154931 0.071544498 0.063449763 -0.003653205 0.995410562
1341846322.369871 -0.297569692 0.085685782 -0.006154931 0.071544498 0.063449763 -0.003653205 0.995410562
1341846322.369871 -0.297569692 0.085685782 -0.006154931 0.071544498 0.063449763 -0.003653205 0.995410562
1341846322.369871 -0.297569692 0.085685782 -0.006154931 0.071544498 0.063449763 -0.003653205 0.995410562
1341846322.369871 -0.297569692 0.085685782 -0.006154931 0.071544498 0.063449763 -0.003653205 0.995410562
1341846322.369871 -0.297569692 0.085685782 -0.006154931 0.071544498 0.063449763 -0.003653205 0.995410562
1341846322.369871 -0.297569692 0.085685782 -0.006154931 0.071544498 0.063449763 -0.003653205 0.995410562
1341846322.369871 -0.297569692 0.085685782 -0.006154931 0.071544498 0.063449763 -0.003653205 0.995410562
1341846322.369871 -0.297569692 0.085685782 -0.006154931 0.071544498 0.063449763 -0.003653205 0.995410562
1341846322.369871 -0.297569692 0.085685782 -0.006154931 0.071544498 0.063449763 -0.003653205 0.995410562
1341846322.369871 -0.297569692 0.085685782 -0.006154931 0.071544498 0.063449763 -0.003653205 0.995410562
1341846322.369871 -0.297569692 0.085685782 -0.006154931 0.071544498 0.063449763 -0.003653205 0.995410562
1341846322.369871 -0.297569692 0.085685782 -0.006154931 0.071544498 0.063449763 -0.003653205 0.995410562
1341846322.369871 -0.297569692 0.085685782 -0.006154931 0.071544498 0.063449763 -0.003653205 0.995410562
1341846322.369871 -0.297569692 0.085685782 -0.006154931 0.071544498 0.063449763 -0.003653205 0.995410562
1341846322.369871 -0.297569692 0.085685782 -0.006154931 0.071544498 0.063449763 -0.003653205 0.995410562
1341846322.369871 -0.297569692 0.085685782 -0.006154931 0.071544498 0.063449763 -0.003653205 0.995410562
1341846322.369871 -0.297569692 0.085685782 -0.006154931 0.071544498 0.063449763 -0.003653205 0.995410562
1341846322.369871 -0.297569692 0.085685782 -0.006154931 0.071544498 0.063449763 -0.003653205 0.995410562
1341846322.369871 -0.297569692 0.085685782 -0.006154931 0.071544498 0.063449763 -0.003653205 0.995410562
1341846322.369871 -0.297569692 0.085685782 -0.006154931 0.071544498 0.063449763 -0.003653205 0.995410562
1341846322.369871 -0.297569692 0.085685782 -0.006154931 0.071544498 0.063449763 -0.003653205 0.995410562
1341846322.369871 -0.297569692 0.085685782 -0.006154931 0.071544498 0.063449763 -0.003653205 0.995410562
1341846322.369871 -0.297569692 0.085685782 -0.006154931 0.071544498 0.063449763 -0.003653205 0.995410562
1341846322.369871 -0.297569692 0.085685782 -0.006154931 0.071544498 0.063449763 -0.003653205 0.995410562
1341846322.369871 -0.297569692 0.085685782 -0.006154931 0.071544498 0.063449763 -0.003653205 0.995410562
1341846322.369871 -0.297569692 0.085685782 -0.006154931 0.071544498 0.063449763 -0.003653205 0.995410562
1341846322.369871 -0.297569692 0.085685782 -0.006154931 0.071544498 0.063449763 -0.003653205 0.995410562
1341846322.369871 -0.297569692 0.085685782 -0.006154931 0.071544498 0.063449763 -0.003653205 0.995410562
1341846322.369871 -0.297569692 0.085685782 -0.006154931 0.071544498 0.063449763 -0.003653205 0.995410562
1341846322.369871 -0.297569692 0.085685782 -0.006154931 0.071544498 0.063449763 -0.003653205 0.995410562
1341846322.369871 -0.297569692 0.085685782 -0.006154931 0.071544498 0.063449763 -0.003653205 0.995410562
1341846322.369871 -0.297569692 0.085685782 -0.006154931 0.071544498 0.063449763 -0.003653205 0.995410562
1341846322.369871 -0.297569692 0.085685782 -0.006154931 0.071544498 0.063449763 -0.003653205 0.995410562
1341846322.369871 -0.297569692 0.085685782 -0.006154931 0.071544498 0.063449763 -0.003653205 0.995410562
1341846322.369871 -0.297569692 0.085685782 -0.006154931 0.071544498 0.063449763 -0.003653205 0.995410562
1341846322.369871 -0.297569692 0.085685782 -0.006154931 0.071544498 0.063449763 -0.003653205 0.995410562
1341846322.369871 -0.297569692 0.085685782 -0.006154931 0.071544498 0.063449763 -0.003653205 0.995410562
1341846322.369871 -0.297569692 0.085685782 -0.006154931 0.071544498 0.063449763 -0.003653205 0.995410562
1341846322.369871 -0.297569692 0.085685782 -0.006154931 0.071544498 0.063449763 -0.003653205 0.995410562
1341846322.369871 -0.297569692 0.085685782 -0.006154931 0.071544498 0.063449763 -0.003653205 0.995410562
1341846322.369871 -0.297569692 0.085685782 -0.006154931 0.071544498 0.063449763 -0.003653205 0.995410562
1341846322.369871 -0.297569692 0.085685782 -0.006154931 0.071544498 0.063449763 -0.003653205 0.995410562
1341846322.369871 -0.297569692 0.085685782 -0.006154931 0.071544498 0.063449763 -0.003653205 0.995410562
1341846322.369871 -0.297569692 0.085685782 -0.006154931 0.071544498 0.063449763 -0.003653205 0.995410562
1341846322.369871 -0.297569692 0.085685782 -0.006154931 0.071544498 0.063449763 -0.003653205 0.995410562
1341846322.369871 -0.297569692 0.085685782 -0.006154931 0.071544498 0.063449763 -0.003653205 0.995410562
1341846322.369871 -0.297569692 0.085685782 -0.006154931 0.071544498 0.063449763 -0.003653205 0.995410562
1341846322.369871 -0.297569692 0.085685782 -0.006154931 0.071544498 0.063449763 -0.003653205 0.995410562
1341846322.369871 -0.297569692 0.085685782 -0.006154931 0.071544498 0.063449763 -0.003653205 0.995410562
1341846322.369871 -0.297569692 0.085685782 -0.006154931 0.071544498 0.063449763 -0.003653205 0.995410562
1341846322.369871 -0.297569692 0.085685782 -0.006154931 0.071544498 0.063449763 -0.003653205 0.995410562
1341846322.369871 -0.297569692 0.085685782 -0.006154931 0.071544498 0.063449763 -0.003653205 0.995410562
1341846322.369871 -0.297569692 0.085685782 -0.006154931 0.071544498 0.063449763 -0.003653205 0.995410562
1341846322.369871 -0.297569692 0.085685782 -0.006154931 0.071544498 0.063449763 -0.003653205 0.995410562
1341846322.369871 -0.297569692 0.085685782 -0.006154931 0.071544498 0.063449763 -0.003653205 0.995410562
1341846322.369871 -0.297569692 0.085685782 -0.006154931 0.071544498 0.063449763 -0.003653205 0.995410562
1341846322.369871 -0.297569692 0.085685782 -0.006154931 0.071544498 0.063449763 -0.003653205 0.995410562
1341846322.369871 -0.297569692 0.085685782 -0.006154931 0.071544498 0.063449763 -0.003653205 0.995410562
1341846322.369871 -0.297569692 0.085685782 -0.006154931 0.071544498 0.063449763 -0.003653205 0.995410562
1341846322.369871 -0.297569692 0.085685782 -0.006154931 0.071544498 0.063449763 -0.003653205 0.995410562
1341846322.369871 -0.297569692 0.085685782 -0.006154931 0.071544498 0.063449763 -0.003653205 0.995410562
1341846322.369871 -0.297569692 0.085685782 -0.006154931 0.071544498 0.063449763 -0.003653205 0.995410562
1341846322.369871 -0.297569692 0.085685782 -0.006154931 0.071544498 0.063449763 -0.003653205 0.995410562
1341846322.369871 -0.297569692 0.085685782 -0.006154931 0.071544498 0.063449763 -0.003653205 0.995410562
1341846325.417931 0.000000000 0.000000000 0.000000000 -0.000000000 -0.000000000 -0.000000000 1.000000000
1341846325.450747 0.002173593 -0.000511871 0.000438807 0.005558991 0.008105891 0.001204138 0.999951005
1341846325.485954 -0.010650166 0.016906457 0.001417778 0.015124112 0.015674500 0.002179663 0.999760389
1341846325.517875 -0.014513050 0.022496162 -0.002790334 0.018292950 0.018627647 0.003472889 0.999653161
1341846325.553859 -0.009049713 0.033107501 0.000633747 0.022526870 0.021641431 0.002428214 0.999509037
1341846325.585855 -0.020571370 0.050408285 -0.004802557 0.025284000 0.025697945 -0.000372715 0.999349892
1341846325.617990 -0.032089002 0.079363838 -0.006545998 0.023620477 0.029058686 -0.004095114 0.999290228
1341846325.653982 -0.029514927 0.056718394 0.002995507 0.018115936 0.030266192 -0.005393455 0.999363124
1341846325.685819 -0.021973316 0.055162538 0.001252074 0.024229649 0.030510612 -0.002472779 0.999237657
1341846325.717857 -0.030106377 0.073735118 0.001312695 0.029735772 0.032796655 0.003325293 0.999014080
1341846325.754083 -0.027463231 0.078201964 0.001899601 0.033579946 0.032470021 0.007843328 0.998877704
1341846325.786087 -0.023794515 0.084787123 0.000193785 0.040446270 0.032732245 0.008150949 0.998612165
1341846325.821856 -0.026925109 0.109814309 0.000417753 0.045757405 0.034882978 0.008320748 0.998308659
1341846325.853827 -0.034880016 0.109436020 0.000504912 0.045766551 0.036534052 0.012644310 0.998203814
1341846325.885958 -0.032898519 0.109027393 -0.007950152 0.043868020 0.033173937 0.021371715 0.998257697
1341846325.921984 -0.031285048 0.108593039 -0.006274249 0.042438768 0.029598571 0.024459504 0.998360991
1341846325.953899 -0.033363890 0.109581843 -0.004811187 0.045469373 0.031344488 0.023949729 0.998186588
1341846325.985823 -0.032762945 0.102209382 -0.007310683 0.045387816 0.034522925 0.030026697 0.997921109
1341846326.021991 -0.031572148 0.099570744 -0.006501906 0.047448944 0.034543734 0.036538031 0.997607350
1341846326.054055 -0.033409297 0.106709942 -0.007828215 0.052102234 0.034742199 0.038597479 0.997290671
1341846326.089984 -0.032119974 0.095854141 -0.007145531 0.050001666 0.036995359 0.037619721 0.997354567
1341846326.121822 -0.031891979 0.094854467 -0.007579687 0.047786023 0.040948771 0.034528859 0.997420430
1341846326.154079 -0.031688042 0.094891861 -0.007117077 0.047859542 0.042918328 0.033873729 0.997356594
1341846326.190178 -0.033013258 0.099765450 -0.008746529 0.048709270 0.042820185 0.034488756 0.997298539
1341846326.222162 -0.033282802 0.098810613 -0.010061535 0.045933172 0.041675989 0.041600585 0.997207463
1341846326.259181 -0.032810606 0.097066797 -0.010493809 0.040806986 0.039196674 0.045623694 0.997354984
1341846326.322766 -0.031510025 0.095010869 -0.007584693 0.029058605 0.039214242 0.044087123 0.997834742
1341846326.359773 -0.028243743 0.092366211 -0.002267485 0.023083907 0.040392995 0.041463874 0.998056293
1341846326.392109 -0.028191792 0.090061255 -0.001144667 0.021376597 0.042773727 0.041379530 0.997998595
1341846326.423985 -0.029587872 0.088992581 -0.003124311 0.025098512 0.043885585 0.046469063 0.997639596
1341846326.459869 -0.028341683 0.085711211 -0.002586636 0.024360543 0.041211948 0.050754093 0.997563124
1341846326.526163 -0.026675664 0.078299761 0.000508355 0.016920693 0.044426862 0.048137274 0.997708738
1341846326.560211 -0.027626527 0.079803191 0.004045485 0.010770130 0.048863310 0.050177805 0.997486174
1341846326.591828 -0.022496935 0.084926941 0.005602533 0.007614047 0.049742326 0.051714845 0.997393250
1341846326.627027 -0.015488381 0.096025504 0.003888195 0.007486495 0.050200079 0.049254026 0.997495890
1341846326.658442 -0.007470412 0.101099685 0.005869390 0.003521573 0.053116199 0.048092004 0.997423410
1341846326.694856 -0.006421349 0.112940781 0.013992150 -0.001165688 0.056131277 0.049407966 0.997199476
1341846326.726206 -0.011597674 0.120476827 0.018935965 -0.008394551 0.058224205 0.046791676 0.997171044
1341846326.762753 -0.013250558 0.120968923 0.016023669 -0.016279718 0.061141185 0.042500116 0.997091055
1341846326.826821 -0.010509662 0.108843669 0.021162633 -0.040158484 0.066841118 0.041659158 0.996084392
1341846326.858887 -0.010343798 0.108572327 0.022218872 -0.049057975 0.067895480 0.041020159 0.995640934
1341846326.895360 0.001819382 0.109206133 0.030190937 -0.051197138 0.065360174 0.044948239 0.995533347
1341846326.926897 0.000999762 0.108723499 0.028098693 -0.050052300 0.061521985 0.047293298 0.995727539
1341846326.958888 -0.008117569 0.117137015 0.021769900 -0.047966246 0.062059369 0.049059764 0.995711386
1341846326.994594 -0.017485071 0.120086424 0.022275109 -0.049494136 0.064696409 0.050225087 0.995410562
1341846327.026301 -0.013068582 0.140295669 0.017969087 -0.050357677 0.065241471 0.048487436 0.995417893
1341846327.063945 -0.010685321 0.141128540 0.025815818 -0.054739874 0.067339554 0.044721566 0.995223105
1341846327.094662 -0.013373582 0.144451007 0.024152510 -0.055592008 0.069466464 0.042924978 0.995108783
1341846327.128901 -0.080101363 0.151155069 0.028981227 -0.056365527 0.080377132 0.039638970 0.994379818
1341846327.161940 -0.135681525 0.156450734 0.030478939 -0.058029380 0.088330872 0.036553539 0.993727386
1341846327.193867 -0.191570461 0.153572336 0.052175261 -0.061605714 0.100192547 0.031703807 0.992552817
1341846327.229885 -0.243821040 0.161372215 0.057775892 -0.061140958 0.112195820 0.027841404 0.991412520
1341846327.262014 -0.283505470 0.170706555 0.060091168 -0.062500797 0.122573026 0.022117816 0.990242600
1341846327.294023 -0.350910872 0.180325300 0.073230930 -0.057994425 0.145806700 0.013139454 0.987524390
1341846327.330015 -0.393578649 0.196746051 0.080179006 -0.055326313 0.162743300 0.007166700 0.985089958
1341846327.361939 -0.405570418 0.229874983 0.085147791 -0.054986287 0.168805540 -0.001284931 0.984113634
1341846327.393887 -0.430460274 0.237544328 0.087863706 -0.057399493 0.174340561 -0.009493356 0.982965171
1341846327.429966 -0.444792598 0.257382452 0.067143053 -0.058234956 0.174363539 -0.005342677 0.982943296
1341846327.461965 -0.451078594 0.252132654 0.062504396 -0.070449412 0.169815645 -0.004115622 0.982945859
1341846327.497931 -0.449640095 0.250884414 0.058239542 -0.075498924 0.168076381 -0.004955135 0.982866049
1341846327.530068 -0.466673255 0.265651822 0.054609504 -0.075364061 0.171088725 -0.003527062 0.982362688
1341846327.561895 -0.488629341 0.276940763 0.062706232 -0.076235324 0.172961116 0.000993580 0.981973350
1341846327.598010 -0.498125702 0.284771711 0.062800445 -0.073637120 0.171603128 0.006416793 0.982389331
1341846327.629945 -0.493569940 0.291425496 0.050934494 -0.075181313 0.164503723 0.006582678 0.983485103
1341846327.662003 -0.502905548 0.297945380 0.059876125 -0.075196266 0.163387224 0.002707637 0.983688414
1341846327.697919 -0.525166333 0.321059942 0.057405427 -0.071599096 0.166158751 0.000440857 0.983496189
1341846327.730075 -0.525014579 0.343128622 0.056460749 -0.076018348 0.165693879 0.003116525 0.983238041
1341846327.766017 -0.519224167 0.347870708 0.057131413 -0.080837660 0.164716676 0.004586359 0.983012080
1341846327.797917 -0.523569882 0.362169355 0.057494629 -0.086033836 0.165422678 0.007457640 0.982434690
1341846327.830054 -0.522154927 0.366622299 0.058432478 -0.093436144 0.165172085 0.008065557 0.981795728
1341846327.865944 -0.515592754 0.364125609 0.062410790 -0.099338658 0.166410878 0.008861595 0.980999887
1341846327.898010 -0.525910974 0.382815391 0.060515877 -0.100924268 0.168583050 0.009240153 0.980463505
1341846327.929991 -0.528200269 0.389987051 0.061545398 -0.106257781 0.167359203 0.007245665 0.980126381
1341846327.966065 -0.524236023 0.407313973 0.056216441 -0.109671563 0.166862890 0.005774842 0.979844689
1341846327.998073 -0.533633351 0.411334932 0.060369246 -0.117940336 0.169521257 0.003062967 0.978439212
1341846328.034045 -0.533422470 0.412516803 0.059771951 -0.124844193 0.170259044 0.002368456 0.977455974
1341846328.065993 -0.539920747 0.409160495 0.067106962 -0.131214425 0.172628969 0.003149557 0.976202905
1341846328.098045 -0.543050706 0.398362905 0.073360182 -0.132257715 0.173864782 0.004578638 0.975837052
1341846328.133967 -0.564327896 0.393744946 0.075454369 -0.129694238 0.176427290 0.006727424 0.975708723
1341846328.166023 -0.580206752 0.388209194 0.080148101 -0.130853087 0.175910324 0.007374679 0.975642681
1341846328.198018 -0.573499262 0.375187606 0.081180401 -0.131620482 0.171781570 0.006684274 0.976279914
1341846328.234044 -0.575018525 0.369740397 0.078898259 -0.127367809 0.170130759 0.005071223 0.977142394
1341846328.265899 -0.601581454 0.361442208 0.093559675 -0.125466138 0.173307791 0.004625616 0.976832271
1341846328.302051 -0.628236711 0.351904958 0.113772564 -0.121627845 0.178158075 0.002531827 0.976452768
1341846328.333917 -0.649695039 0.343690515 0.121767052 -0.116624527 0.181857497 0.002918967 0.976380050
1341846328.366008 -0.670924008 0.344233632 0.139381930 -0.109546185 0.184737086 -0.002238840 0.976661086
1341846328.402010 -0.719675839 0.329981387 0.161421016 -0.096392617 0.195606604 -0.004445740 0.975923538
1341846328.433920 -0.740691602 0.330972254 0.157542080 -0.089222737 0.196610332 -0.006654226 0.976391017
1341846328.470003 -0.745228827 0.326826274 0.176065356 -0.088463396 0.196206316 -0.014594932 0.976454973
1341846328.502194 -0.747782886 0.326635808 0.175729468 -0.083190821 0.197818562 -0.023475936 0.976419985
1341846328.534033 -0.748981297 0.310796052 0.179508507 -0.082455143 0.200681910 -0.024974072 0.975860775
1341846328.570125 -0.763077438 0.291700870 0.187498361 -0.080216482 0.203733101 -0.023405440 0.975453913
1341846328.602804 -0.761410832 0.280949891 0.185911000 -0.071948595 0.198304415 -0.015666636 0.977370620
1341846328.672663 -0.785040855 0.271029770 0.179788232 -0.056790534 0.187635913 -0.022068504 0.980347216
1341846328.702975 -0.790521502 0.254658997 0.190059751 -0.055411916 0.185378626 -0.026166113 0.980754614
1341846328.770129 -0.802588344 0.227032766 0.186078906 -0.047096580 0.183267906 -0.032140043 0.981408119
1341846328.802331 -0.799790442 0.205968678 0.191948265 -0.047245033 0.179916590 -0.031789269 0.982032359
1341846328.838051 -0.811666250 0.202875465 0.187685803 -0.041526943 0.179218397 -0.037571602 0.982214212
1341846328.869939 -0.816108942 0.202289671 0.186173499 -0.041632712 0.178434312 -0.039553951 0.982274592
1341846328.904486 -0.807862341 0.189712375 0.192342579 -0.045824938 0.174272731 -0.036240179 0.982962728
1341846328.939814 -0.809934974 0.204658270 0.198515117 -0.036022417 0.172665626 -0.034947529 0.983700991
1341846328.970217 -0.814645290 0.195281073 0.193968117 -0.032128185 0.171308637 -0.031312671 0.984195411
1341846329.006232 -0.811031997 0.203154445 0.196101993 -0.027295705 0.168918416 -0.028393552 0.984842777
1341846329.038243 -0.810599208 0.212391451 0.183717936 -0.018222785 0.167527407 -0.030660523 0.985222042
1341846329.106125 -0.812212229 0.202135891 0.178873643 -0.015699087 0.166925654 -0.032470327 0.985309660
1341846329.138340 -0.820137858 0.204843253 0.176636472 -0.011498632 0.166941464 -0.035318684 0.985266924
1341846329.169991 -0.820104718 0.204533473 0.174530953 -0.009117166 0.165264711 -0.037196074 0.985505462
1341846329.208656 -0.821399808 0.205751300 0.176046461 -0.007830581 0.164801434 -0.038402393 0.985547781
1341846329.238169 -0.822496712 0.205824316 0.174966395 -0.008005884 0.164057449 -0.038540993 0.985665083
1341846329.273827 -0.823892117 0.199141979 0.170034140 -0.007945053 0.163270578 -0.036941778 0.985857487
1341846329.306052 -0.823994040 0.186401218 0.163704678 -0.009176610 0.160025299 -0.038077801 0.986335516
1341846329.338104 -0.824238777 0.195974231 0.159055606 -0.011328089 0.158608586 -0.040032718 0.986464620
1341846329.373907 -0.823736072 0.181619510 0.159159198 -0.013961645 0.157486483 -0.039964076 0.986613393
1341846329.405985 -0.831846237 0.181682497 0.157235116 -0.010958693 0.156770989 -0.044078786 0.986590028
1341846329.442057 -0.831977367 0.170882031 0.160362840 -0.014667164 0.156080797 -0.048555031 0.986441135
1341846329.473950 -0.831427872 0.154433250 0.158125281 -0.017161949 0.153876498 -0.052193403 0.986561358
1341846329.506147 -0.832715392 0.141213894 0.157895029 -0.019021982 0.151647404 -0.053320181 0.986812115
1341846329.542121 -0.841914475 0.129261047 0.159135222 -0.021383630 0.149879515 -0.052518688 0.987076819
1341846329.574086 -0.842872798 0.116257474 0.157827124 -0.018552743 0.147557318 -0.055107016 0.987342834
1341846329.606387 -0.842636466 0.116051786 0.154700816 -0.015827488 0.146500915 -0.056804392 0.987451375
1341846329.641955 -0.844318807 0.116869047 0.154106945 -0.015178592 0.145118594 -0.056226440 0.987698734
1341846329.681570 -0.844206750 0.108248450 0.154052943 -0.015875587 0.142073154 -0.054821711 0.988209426
1341846329.748113 -0.843462646 0.098531663 0.156487375 -0.014902211 0.142004326 -0.058113929 0.988046348
1341846329.810175 -0.845245600 0.093539253 0.156695917 -0.012771051 0.145734429 -0.054245740 0.987752974
1341846329.842255 -0.846306026 0.075349115 0.157642931 -0.011710562 0.145920292 -0.050537426 0.987935305
1341846329.874044 -0.851877570 0.061290819 0.156187132 -0.010722987 0.146542430 -0.047334161 0.988013089
1341846329.910073 -0.852263212 0.060958870 0.155983821 -0.010469751 0.146372601 -0.044947963 0.988152385
1341846329.942009 -0.851928234 0.061504826 0.156037033 -0.013842446 0.146690354 -0.037866514 0.988360524
1341846329.978087 -0.850921154 0.066746891 0.158507779 -0.011478749 0.145850226 -0.039494418 0.988451362
1341846330.016305 -0.851598859 0.061629284 0.155915633 -0.011521022 0.147255003 -0.040720880 0.988192797
1341846330.048192 -0.851758301 0.067066751 0.157191306 -0.015140446 0.148775950 -0.037756909 0.988033891
1341846330.080418 -0.851599216 0.064181894 0.156693280 -0.016228897 0.148771971 -0.035325792 0.988107145
1341846330.115886 -0.851925254 0.068559483 0.155695692 -0.009519016 0.150002107 -0.036843792 0.987953067
1341846330.147839 -0.857058346 0.065330371 0.150038615 -0.009396227 0.150218323 -0.034175567 0.988017380
1341846330.181257 -0.857826173 0.064227983 0.150037900 -0.015898786 0.150641277 -0.029479884 0.988021016
1341846330.215852 -0.856644094 0.069444418 0.152343467 -0.019224077 0.151562527 -0.031941980 0.987744451
1341846330.247833 -0.858399093 0.066318735 0.149295405 -0.020399034 0.151767746 -0.031851813 0.987692297
1341846330.283913 -0.858231664 0.069003232 0.149369538 -0.025565155 0.151267827 -0.030216545 0.987700105
1341846330.316011 -0.858768821 0.067223549 0.147787601 -0.030023545 0.150282502 -0.030207623 0.987725317
1341846330.347868 -0.858695328 0.067475796 0.148463517 -0.031154558 0.148233712 -0.030847019 0.987980068
1341846330.383835 -0.855865538 0.068053886 0.149998009 -0.032702126 0.147993550 -0.029853949 0.987996578
1341846330.415934 -0.853413045 0.068379119 0.152237952 -0.031370521 0.148278832 -0.031193009 0.987955689
1341846330.452561 -0.856965661 0.067838609 0.149626836 -0.028528906 0.147483617 -0.032357763 0.988123298
1341846330.483903 -0.856836915 0.068236567 0.147406116 -0.028280485 0.145480722 -0.028601112 0.988543212
1341846330.515970 -0.860732913 0.066849835 0.143489257 -0.028003838 0.143621400 -0.026025673 0.988894045
1341846330.552099 -0.858751476 0.068969697 0.143594444 -0.025551939 0.142260686 -0.024343438 0.989199877
1341846330.583876 -0.863053203 0.066815183 0.138474166 -0.027364738 0.142238781 -0.023841031 0.989166856
1341846330.619992 -0.865722120 0.066178925 0.132487178 -0.033351947 0.140724599 -0.022791449 0.989224374
1341846330.652136 -0.866214633 0.070205197 0.127653673 -0.038064897 0.139413029 -0.023223460 0.989229918
1341846330.683796 -0.863767982 0.068173721 0.133353889 -0.043422017 0.139108047 -0.023830660 0.989037693
1341846330.719991 -0.863803148 0.067856237 0.134808421 -0.043930329 0.136699051 -0.019741150 0.989441156
1341846330.752103 -0.866432548 0.071556285 0.131216839 -0.040035561 0.132438853 -0.015773097 0.990256727
1341846330.787952 -0.875762165 0.072990298 0.120481640 -0.038840026 0.128574193 -0.011309132 0.990874469
1341846330.819823 -0.874421656 0.072774351 0.120863251 -0.039208457 0.123959839 -0.010437848 0.991457403
1341846330.852208 -0.875579834 0.069325358 0.117914923 -0.040845446 0.122474849 -0.010384944 0.991576374
1341846330.914111 -0.881564856 0.074453063 0.107563064 -0.051245220 0.119578093 -0.009376163 0.991457105
1341846330.949903 -0.879388809 0.074251741 0.110232890 -0.052556094 0.117983945 -0.007480495 0.991595566
1341846330.981986 -0.882509053 0.078765467 0.100688376 -0.050767351 0.112729453 -0.005361977 0.992313445
1341846331.014111 -0.886800647 0.078591198 0.098014139 -0.051773641 0.109495342 -0.005596074 0.992622256
1341846331.082139 -0.887998044 0.079636693 0.089459762 -0.050123051 0.105614893 -0.008470620 0.993106961
1341846331.114334 -0.899013519 0.083651461 0.080722183 -0.050001424 0.104118794 -0.009819457 0.993258655
1341846331.149989 -0.909835279 0.074851990 0.084693708 -0.050637402 0.105070911 -0.012495683 0.993096054
1341846331.181954 -0.910699546 0.075403690 0.081196129 -0.047669295 0.104051813 -0.013646615 0.993335128
1341846331.218151 -0.912169456 0.075990342 0.073851436 -0.049232248 0.100132599 -0.010958291 0.993694901
1341846331.249914 -0.911870599 0.076656207 0.077005662 -0.050345290 0.099292308 -0.012653749 0.993703306
1341846331.318141 -0.912674606 0.077668443 0.074468605 -0.040256027 0.108800173 -0.021136148 0.993023276
1341846331.349926 -0.915048778 0.078086846 0.071409091 -0.040682551 0.112004630 -0.021163598 0.992648959
1341846331.382003 -0.918755293 0.083969504 0.069559216 -0.035050664 0.121117003 -0.025386468 0.991694391
1341846331.382003 -0.918755293 0.083969504 0.069559216 -0.035050664 0.121117003 -0.025386468 0.991694391
1341846331.382003 -0.918755293 0.083969504 0.069559216 -0.035050664 0.121117003 -0.025386468 0.991694391
1341846331.382003 -0.918755293 0.083969504 0.069559216 -0.035050664 0.121117003 -0.025386468 0.991694391
1341846331.382003 -0.918755293 0.083969504 0.069559216 -0.035050664 0.121117003 -0.025386468 0.991694391
1341846331.382003 -0.918755293 0.083969504 0.069559216 -0.035050664 0.121117003 -0.025386468 0.991694391
1341846331.382003 -0.918755293 0.083969504 0.069559216 -0.035050664 0.121117003 -0.025386468 0.991694391
1341846331.382003 -0.918755293 0.083969504 0.069559216 -0.035050664 0.121117003 -0.025386468 0.991694391
1341846331.382003 -0.918755293 0.083969504 0.069559216 -0.035050664 0.121117003 -0.025386468 0.991694391
1341846331.382003 -0.918755293 0.083969504 0.069559216 -0.035050664 0.121117003 -0.025386468 0.991694391
1341846331.717954 -0.882725894 0.128594324 0.153809562 -0.023387248 0.148103639 -0.029655907 0.988250434
1341846331.717954 -0.882725894 0.128594324 0.153809562 -0.023387248 0.148103639 -0.029655907 0.988250434
1341846331.717954 -0.882725894 0.128594324 0.153809562 -0.023387248 0.148103639 -0.029655907 0.988250434
1341846331.717954 -0.882725894 0.128594324 0.153809562 -0.023387248 0.148103639 -0.029655907 0.988250434
1341846331.717954 -0.882725894 0.128594324 0.153809562 -0.023387248 0.148103639 -0.029655907 0.988250434
1341846331.717954 -0.882725894 0.128594324 0.153809562 -0.023387248 0.148103639 -0.029655907 0.988250434
1341846331.717954 -0.882725894 0.128594324 0.153809562 -0.023387248 0.148103639 -0.029655907 0.988250434
1341846331.717954 -0.882725894 0.128594324 0.153809562 -0.023387248 0.148103639 -0.029655907 0.988250434
1341846331.717954 -0.882725894 0.128594324 0.153809562 -0.023387248 0.148103639 -0.029655907 0.988250434
1341846331.717954 -0.882725894 0.128594324 0.153809562 -0.023387248 0.148103639 -0.029655907 0.988250434
1341846332.054175 -0.831378937 0.033548113 0.263417125 -0.020806428 0.171001405 -0.032601457 0.984511435
1341846332.086502 -0.802073061 0.019190591 0.258588046 -0.017287478 0.166554093 -0.022852043 0.985615909
1341846332.086502 -0.802073061 0.019190591 0.258588046 -0.017287478 0.166554093 -0.022852043 0.985615909
1341846332.086502 -0.802073061 0.019190591 0.258588046 -0.017287478 0.166554093 -0.022852043 0.985615909
1341846332.086502 -0.802073061 0.019190591 0.258588046 -0.017287478 0.166554093 -0.022852043 0.985615909
1341846332.086502 -0.802073061 0.019190591 0.258588046 -0.017287478 0.166554093 -0.022852043 0.985615909
1341846332.086502 -0.802073061 0.019190591 0.258588046 -0.017287478 0.166554093 -0.022852043 0.985615909
1341846332.086502 -0.802073061 0.019190591 0.258588046 -0.017287478 0.166554093 -0.022852043 0.985615909
1341846332.086502 -0.802073061 0.019190591 0.258588046 -0.017287478 0.166554093 -0.022852043 0.985615909
1341846332.086502 -0.802073061 0.019190591 0.258588046 -0.017287478 0.166554093 -0.022852043 0.985615909
1341846332.086502 -0.802073061 0.019190591 0.258588046 -0.017287478 0.166554093 -0.022852043 0.985615909
1341846332.086502 -0.802073061 0.019190591 0.258588046 -0.017287478 0.166554093 -0.022852043 0.985615909
1341846332.086502 -0.802073061 0.019190591 0.258588046 -0.017287478 0.166554093 -0.022852043 0.985615909
1341846332.086502 -0.802073061 0.019190591 0.258588046 -0.017287478 0.166554093 -0.022852043 0.985615909
1341846332.086502 -0.802073061 0.019190591 0.258588046 -0.017287478 0.166554093 -0.022852043 0.985615909
1341846332.086502 -0.802073061 0.019190591 0.258588046 -0.017287478 0.166554093 -0.022852043 0.985615909
1341846332.086502 -0.802073061 0.019190591 0.258588046 -0.017287478 0.166554093 -0.022852043 0.985615909
1341846332.086502 -0.802073061 0.019190591 0.258588046 -0.017287478 0.166554093 -0.022852043 0.985615909
1341846332.086502 -0.802073061 0.019190591 0.258588046 -0.017287478 0.166554093 -0.022852043 0.985615909
1341846332.086502 -0.802073061 0.019190591 0.258588046 -0.017287478 0.166554093 -0.022852043 0.985615909
1341846332.086502 -0.802073061 0.019190591 0.258588046 -0.017287478 0.166554093 -0.022852043 0.985615909
1341846332.086502 -0.802073061 0.019190591 0.258588046 -0.017287478 0.166554093 -0.022852043 0.985615909
1341846332.086502 -0.802073061 0.019190591 0.258588046 -0.017287478 0.166554093 -0.022852043 0.985615909
1341846332.086502 -0.802073061 0.019190591 0.258588046 -0.017287478 0.166554093 -0.022852043 0.985615909
1341846332.086502 -0.802073061 0.019190591 0.258588046 -0.017287478 0.166554093 -0.022852043 0.985615909
1341846332.086502 -0.802073061 0.019190591 0.258588046 -0.017287478 0.166554093 -0.022852043 0.985615909
1341846332.086502 -0.802073061 0.019190591 0.258588046 -0.017287478 0.166554093 -0.022852043 0.985615909
1341846332.086502 -0.802073061 0.019190591 0.258588046 -0.017287478 0.166554093 -0.022852043 0.985615909
1341846332.086502 -0.802073061 0.019190591 0.258588046 -0.017287478 0.166554093 -0.022852043 0.985615909
1341846332.086502 -0.802073061 0.019190591 0.258588046 -0.017287478 0.166554093 -0.022852043 0.985615909
1341846332.086502 -0.802073061 0.019190591 0.258588046 -0.017287478 0.166554093 -0.022852043 0.985615909
1341846332.086502 -0.802073061 0.019190591 0.258588046 -0.017287478 0.166554093 -0.022852043 0.985615909
1341846332.086502 -0.802073061 0.019190591 0.258588046 -0.017287478 0.166554093 -0.022852043 0.985615909
1341846332.086502 -0.802073061 0.019190591 0.258588046 -0.017287478 0.166554093 -0.022852043 0.985615909
1341846332.086502 -0.802073061 0.019190591 0.258588046 -0.017287478 0.166554093 -0.022852043 0.985615909
1341846332.086502 -0.802073061 0.019190591 0.258588046 -0.017287478 0.166554093 -0.022852043 0.985615909
1341846332.086502 -0.802073061 0.019190591 0.258588046 -0.017287478 0.166554093 -0.022852043 0.985615909
1341846332.086502 -0.802073061 0.019190591 0.258588046 -0.017287478 0.166554093 -0.022852043 0.985615909
1341846332.086502 -0.802073061 0.019190591 0.258588046 -0.017287478 0.166554093 -0.022852043 0.985615909
1341846332.086502 -0.802073061 0.019190591 0.258588046 -0.017287478 0.166554093 -0.022852043 0.985615909
1341846332.086502 -0.802073061 0.019190591 0.258588046 -0.017287478 0.166554093 -0.022852043 0.985615909
1341846332.086502 -0.802073061 0.019190591 0.258588046 -0.017287478 0.166554093 -0.022852043 0.985615909
1341846332.086502 -0.802073061 0.019190591 0.258588046 -0.017287478 0.166554093 -0.022852043 0.985615909
1341846332.086502 -0.802073061 0.019190591 0.258588046 -0.017287478 0.166554093 -0.022852043 0.985615909
1341846332.086502 -0.802073061 0.019190591 0.258588046 -0.017287478 0.166554093 -0.022852043 0.985615909
1341846332.086502 -0.802073061 0.019190591 0.258588046 -0.017287478 0.166554093 -0.022852043 0.985615909
1341846332.086502 -0.802073061 0.019190591 0.258588046 -0.017287478 0.166554093 -0.022852043 0.985615909
1341846332.086502 -0.802073061 0.019190591 0.258588046 -0.017287478 0.166554093 -0.022852043 0.985615909
1341846332.086502 -0.802073061 0.019190591 0.258588046 -0.017287478 0.166554093 -0.022852043 0.985615909
1341846332.086502 -0.802073061 0.019190591 0.258588046 -0.017287478 0.166554093 -0.022852043 0.985615909
1341846332.086502 -0.802073061 0.019190591 0.258588046 -0.017287478 0.166554093 -0.022852043 0.985615909
1341846332.086502 -0.802073061 0.019190591 0.258588046 -0.017287478 0.166554093 -0.022852043 0.985615909
1341846332.086502 -0.802073061 0.019190591 0.258588046 -0.017287478 0.166554093 -0.022852043 0.985615909
1341846332.086502 -0.802073061 0.019190591 0.258588046 -0.017287478 0.166554093 -0.022852043 0.985615909
1341846332.086502 -0.802073061 0.019190591 0.258588046 -0.017287478 0.166554093 -0.022852043 0.985615909
1341846332.086502 -0.802073061 0.019190591 0.258588046 -0.017287478 0.166554093 -0.022852043 0.985615909
1341846332.086502 -0.802073061 0.019190591 0.258588046 -0.017287478 0.166554093 -0.022852043 0.985615909
1341846332.086502 -0.802073061 0.019190591 0.258588046 -0.017287478 0.166554093 -0.022852043 0.985615909
1341846332.086502 -0.802073061 0.019190591 0.258588046 -0.017287478 0.166554093 -0.022852043 0.985615909
1341846332.086502 -0.802073061 0.019190591 0.258588046 -0.017287478 0.166554093 -0.022852043 0.985615909
1341846332.086502 -0.802073061 0.019190591 0.258588046 -0.017287478 0.166554093 -0.022852043 0.985615909
1341846332.086502 -0.802073061 0.019190591 0.258588046 -0.017287478 0.166554093 -0.022852043 0.985615909
1341846332.086502 -0.802073061 0.019190591 0.258588046 -0.017287478 0.166554093 -0.022852043 0.985615909
1341846332.086502 -0.802073061 0.019190591 0.258588046 -0.017287478 0.166554093 -0.022852043 0.985615909
1341846332.086502 -0.802073061 0.019190591 0.258588046 -0.017287478 0.166554093 -0.022852043 0.985615909
1341846332.086502 -0.802073061 0.019190591 0.258588046 -0.017287478 0.166554093 -0.022852043 0.985615909
1341846332.086502 -0.802073061 0.019190591 0.258588046 -0.017287478 0.166554093 -0.022852043 0.985615909
1341846332.086502 -0.802073061 0.019190591 0.258588046 -0.017287478 0.166554093 -0.022852043 0.985615909
1341846332.086502 -0.802073061 0.019190591 0.258588046 -0.017287478 0.166554093 -0.022852043 0.985615909
1341846332.086502 -0.802073061 0.019190591 0.258588046 -0.017287478 0.166554093 -0.022852043 0.985615909
1341846332.086502 -0.802073061 0.019190591 0.258588046 -0.017287478 0.166554093 -0.022852043 0.985615909
1341846332.086502 -0.802073061 0.019190591 0.258588046 -0.017287478 0.166554093 -0.022852043 0.985615909
1341846332.086502 -0.802073061 0.019190591 0.258588046 -0.017287478 0.166554093 -0.022852043 0.985615909
1341846332.086502 -0.802073061 0.019190591 0.258588046 -0.017287478 0.166554093 -0.022852043 0.985615909
1341846332.086502 -0.802073061 0.019190591 0.258588046 -0.017287478 0.166554093 -0.022852043 0.985615909
1341846332.086502 -0.802073061 0.019190591 0.258588046 -0.017287478 0.166554093 -0.022852043 0.985615909
1341846332.086502 -0.802073061 0.019190591 0.258588046 -0.017287478 0.166554093 -0.022852043 0.985615909
1341846332.086502 -0.802073061 0.019190591 0.258588046 -0.017287478 0.166554093 -0.022852043 0.985615909
1341846332.086502 -0.802073061 0.019190591 0.258588046 -0.017287478 0.166554093 -0.022852043 0.985615909
1341846332.086502 -0.802073061 0.019190591 0.258588046 -0.017287478 0.166554093 -0.022852043 0.985615909
1341846332.086502 -0.802073061 0.019190591 0.258588046 -0.017287478 0.166554093 -0.022852043 0.985615909
1341846332.086502 -0.802073061 0.019190591 0.258588046 -0.017287478 0.166554093 -0.022852043 0.985615909
1341846332.086502 -0.802073061 0.019190591 0.258588046 -0.017287478 0.166554093 -0.022852043 0.985615909
1341846332.086502 -0.802073061 0.019190591 0.258588046 -0.017287478 0.166554093 -0.022852043 0.985615909
1341846332.086502 -0.802073061 0.019190591 0.258588046 -0.017287478 0.166554093 -0.022852043 0.985615909
1341846332.086502 -0.802073061 0.019190591 0.258588046 -0.017287478 0.166554093 -0.022852043 0.985615909
1341846332.086502 -0.802073061 0.019190591 0.258588046 -0.017287478 0.166554093 -0.022852043 0.985615909
1341846332.086502 -0.802073061 0.019190591 0.258588046 -0.017287478 0.166554093 -0.022852043 0.985615909
1341846335.138045 0.000000000 0.000000000 0.000000000 -0.000000000 -0.000000000 -0.000000000 1.000000000
1341846335.169900 -0.006796892 -0.000893230 -0.016332187 -0.000381848 -0.002472596 0.000821120 0.999996543
1341846335.206091 -0.004003530 -0.000139839 -0.024850300 -0.001040007 -0.004863317 -0.001482133 0.999986529
1341846335.239365 -0.003669292 -0.000813843 -0.028032543 -0.000940742 -0.003894943 -0.003837995 0.999984622
1341846335.269948 -0.007491359 -0.005026934 -0.037731770 0.000260311 -0.002811874 -0.004312661 0.999986708
1341846335.305972 -0.011388293 -0.010044057 -0.050000537 0.001860677 -0.004312301 -0.003849570 0.999981582
1341846335.338012 -0.010695979 -0.011389218 -0.061109606 0.003530801 -0.005732313 -0.002788452 0.999973476
1341846335.374005 -0.008509015 -0.013147610 -0.073109716 0.009086356 -0.003979784 -0.002718680 0.999947131
1341846335.406025 -0.008650394 -0.012956274 -0.078886159 0.016046476 -0.001978296 -0.000045880 0.999869347
1341846335.438079 -0.005998704 -0.012673021 -0.092154652 0.020934632 -0.001646730 0.003651855 0.999772906
1341846335.473998 -0.012967590 -0.007722370 -0.104764163 0.023475278 0.000977826 0.004127678 0.999715447
1341846335.507038 -0.012920460 -0.003971658 -0.113090925 0.024814472 0.003617285 0.001660896 0.999684215
1341846335.538040 -0.019959887 -0.002543455 -0.125904828 0.023830779 0.006334891 -0.000579673 0.999695778
1341846335.574119 -0.024592003 0.001814831 -0.138629064 0.021701982 0.006299870 -0.000050921 0.999744654
1341846335.605970 -0.023593988 0.001620087 -0.138457716 0.020541955 0.005231719 -0.000430182 0.999775231
1341846335.641978 -0.024005661 0.002674310 -0.143085077 0.021694113 0.006332339 -0.003177367 0.999739587
1341846335.673993 -0.023696305 0.004126690 -0.150782481 0.021539917 0.006584054 -0.002883445 0.999742210
1341846335.706178 -0.025962969 0.006913766 -0.158677027 0.021129481 0.005087861 -0.001460792 0.999762774
1341846335.741982 -0.026179120 0.007493791 -0.159367368 0.021799009 0.004818533 -0.002150397 0.999748468
1341846335.773960 -0.033390060 0.010649499 -0.174215913 0.022116840 0.005892985 -0.003053450 0.999733388
1341846335.806271 -0.034959398 0.014132768 -0.186319098 0.020190958 0.005341809 -0.003148704 0.999776900
1341846335.842031 -0.034638740 0.012806078 -0.181045637 0.018106345 0.005850898 -0.002128517 0.999816716
1341846335.873966 -0.037419252 0.014416904 -0.189272135 0.019497283 0.007585488 -0.003366405 0.999775469
1341846335.910005 -0.046222750 0.011357646 -0.209232986 0.018379921 0.008282075 -0.001156664 0.999796093
1341846335.941936 -0.048262313 0.007797627 -0.228702068 0.017001497 0.006408801 -0.001008398 0.999834418
1341846335.974198 -0.047372438 0.002246780 -0.242047831 0.016153704 0.005266391 -0.002858079 0.999851584
1341846336.010032 -0.051549755 0.002709343 -0.254507154 0.016069785 0.005441672 -0.004742838 0.999844849
1341846336.042129 -0.057303194 0.000595834 -0.268932939 0.014978470 0.004436912 -0.004073818 0.999869704
1341846336.078076 -0.056223277 0.002059138 -0.271412075 0.015268158 0.001933758 -0.004186176 0.999872804
1341846336.110739 -0.057567161 0.003978075 -0.275761932 0.015848048 0.001667353 -0.005739709 0.999856591
1341846336.142002 -0.060605332 0.005359874 -0.282559246 0.015846107 0.001530804 -0.004153224 0.999864697
1341846336.183953 -0.065618232 0.009742967 -0.299960434 0.015834745 -0.001021250 -0.002951662 0.999869764
1341846336.241891 -0.065954573 0.011598578 -0.302732170 0.014154542 -0.001913384 -0.003677297 0.999891281
1341846336.277946 -0.071955904 0.004156733 -0.310054183 0.013939004 -0.001227996 -0.001213030 0.999901414
1341846336.309977 -0.073690414 0.006029236 -0.318714023 0.016971419 -0.004031590 0.002612811 0.999844432
1341846336.346143 -0.076904975 0.008863376 -0.335716069 0.019216357 -0.005000565 0.002405053 0.999799967
1341846336.377975 -0.076882064 0.009892827 -0.335843295 0.020037087 -0.004939565 0.002011216 0.999785066
1341846336.410032 -0.078335352 0.016436331 -0.338691354 0.021429751 -0.004475031 0.003047710 0.999755740
1341846336.446041 -0.084644042 0.006076469 -0.374298185 0.020071521 -0.004202493 0.001188646 0.999789000
1341846336.477990 -0.085146077 0.005981705 -0.376943409 0.018985147 -0.004283004 0.001239783 0.999809802
1341846336.510056 -0.086889625 0.005939294 -0.378682405 0.019361103 -0.003645686 0.002335456 0.999803185
1341846336.546024 -0.087576777 0.007190387 -0.381042272 0.020651596 -0.003700004 0.003778746 0.999772727
1341846336.578003 -0.087321885 0.009734947 -0.391176581 0.020217516 -0.004299567 0.006083365 0.999767840
1341846336.614020 -0.086680986 0.011100957 -0.390853703 0.019667663 -0.003766568 0.004922107 0.999787390
1341846336.645982 -0.092497475 0.012216949 -0.400452137 0.018313015 -0.001985501 0.004040882 0.999822199
1341846336.678036 -0.098870605 0.009915916 -0.407858551 0.016470011 -0.003659348 0.004721150 0.999846578
1341846336.714024 -0.097790986 0.009356881 -0.405421764 0.018306175 -0.006321748 0.004897883 0.999800444
1341846336.746016 -0.102557272 0.004617238 -0.414815992 0.021974260 -0.008508858 0.007397350 0.999694943
1341846336.778014 -0.108604155 0.007955761 -0.428325802 0.024807727 -0.011991366 0.011312183 0.999556363
1341846336.820006 -0.106525913 0.009946498 -0.439596772 0.025259169 -0.016318051 0.013293012 0.999459445
1341846336.882056 -0.111570410 0.013249095 -0.440867186 0.028486378 -0.018105133 0.012492768 0.999352098
1341846336.914273 -0.110632099 0.009458309 -0.466354072 0.031227211 -0.023334887 0.016166693 0.999109149
1341846336.945998 -0.052451074 0.023437085 -0.485897332 0.040495098 -0.037663098 0.018941270 0.998290002
1341846336.981980 0.012647887 0.034066509 -0.485887855 0.042750277 -0.052432086 0.015298227 0.997591734
1341846337.014238 0.074993782 0.050227925 -0.489420056 0.041721407 -0.064366862 0.012889435 0.996970475
1341846337.046017 0.124362484 0.056977227 -0.471469074 0.040862516 -0.073622040 0.009320212 0.996405125
1341846337.082104 0.173920915 0.059367560 -0.476292312 0.040615588 -0.081176333 0.006351379 0.995851636
1341846337.114317 0.218239233 0.070493922 -0.470660627 0.040582120 -0.090232350 0.005595266 0.995077848
1341846337.150037 0.263307214 0.083186582 -0.460707277 0.041241162 -0.098828636 0.003880950 0.994241953
1341846337.181873 0.285870492 0.083244555 -0.461287707 0.040672641 -0.101629458 -0.000229462 0.993990541
1341846337.214073 0.308729768 0.086261801 -0.467053592 0.038244314 -0.102955103 -0.003487549 0.993944407
1341846337.250087 0.317405552 0.089553773 -0.459205031 0.036615569 -0.105582684 -0.002339269 0.993733466
1341846337.282028 0.350425154 0.091487586 -0.462043196 0.038207147 -0.114415772 0.000739871 0.992697716
1341846337.317920 0.366862953 0.086497739 -0.459856868 0.036906924 -0.118079141 0.000387814 0.992318034
1341846337.350018 0.363937050 0.091547355 -0.468838990 0.035421893 -0.116834149 -0.000369169 0.992519498
1341846337.382159 0.368254125 0.088138141 -0.460140705 0.032336015 -0.117293827 -0.002169063 0.992568314
1341846337.417941 0.374681473 0.085698269 -0.458929211 0.033231553 -0.117354497 -0.002561575 0.992530644
1341846337.450137 0.382714182 0.087766156 -0.466174334 0.033774074 -0.120065913 -0.001800026 0.992189646
1341846337.482096 0.381170869 0.086794026 -0.463893026 0.032011822 -0.120087221 -0.001066737 0.992246509
1341846337.518008 0.376043975 0.082918175 -0.457718730 0.032568980 -0.119632661 -0.001545669 0.992282689
1341846337.549978 0.381839275 0.086099833 -0.466730773 0.033041432 -0.121298149 -0.002502713 0.992062926
1341846337.585971 0.381525457 0.085836262 -0.465766132 0.030246276 -0.121833563 -0.003681441 0.992082775
1341846337.617903 0.374562889 0.080784328 -0.453756511 0.030914791 -0.121056587 -0.004141929 0.992155492
1341846337.650141 0.380935222 0.085658394 -0.465240985 0.033923026 -0.122441240 -0.003857193 0.991888344
1341846337.686352 0.382090777 0.087986335 -0.468358338 0.032386076 -0.122423321 -0.003385129 0.991943657
1341846337.718002 0.383316129 0.086988159 -0.462228268 0.030503154 -0.122093596 -0.003927386 0.992042005
1341846337.749920 0.381734580 0.085484192 -0.465880245 0.029531745 -0.119757459 -0.005559257 0.992348313
1341846337.786157 0.387357771 0.090436399 -0.468008667 0.027128330 -0.117846765 -0.004635619 0.992650330
1341846337.817945 0.384305090 0.085416801 -0.455742091 0.024136040 -0.115118891 -0.003972860 0.993050516
1341846337.854071 0.390046030 0.088360615 -0.458529919 0.023423107 -0.112807289 -0.003974277 0.993332803
1341846337.885951 0.385961980 0.097690955 -0.452934027 0.021811033 -0.109793782 -0.006219561 0.993695617
1341846337.918223 0.386459976 0.096455440 -0.448928744 0.016989002 -0.108410865 -0.009395966 0.993916571
1341846337.954120 0.395315319 0.091517419 -0.437882036 0.014967477 -0.109278634 -0.009858999 0.993849576
1341846337.985994 0.383931398 0.097019210 -0.452253997 0.011934116 -0.105447777 -0.010050103 0.994302452
1341846338.018107 0.386025816 0.099059045 -0.440044999 0.009155110 -0.104208604 -0.009200747 0.994470775
1341846338.054055 0.391353846 0.105598696 -0.434901834 0.007644232 -0.103266224 -0.010395489 0.994570076
1341846338.085986 0.385504812 0.102617621 -0.426730096 0.003480942 -0.098893434 -0.011364679 0.995027065
1341846338.121875 0.384659052 0.106378183 -0.418094993 0.002585002 -0.096665263 -0.009793163 0.995265424
1341846338.154089 0.382285625 0.110549554 -0.413834512 0.002357187 -0.095884405 -0.006829855 0.995366275
1341846338.186029 0.390351951 0.120592937 -0.406525165 0.003139108 -0.097518012 -0.004120523 0.995220304
1341846338.222071 0.387092233 0.116175763 -0.397558749 0.000409111 -0.095225982 -0.005722873 0.995439172
1341846338.254107 0.389444768 0.125910848 -0.392810762 0.001119385 -0.094137937 -0.004459869 0.995548606
1341846338.290130 0.384727955 0.116004303 -0.378576875 -0.000573782 -0.093195662 -0.003377552 0.995641947
1341846338.321952 0.383226961 0.120296359 -0.376207530 -0.000107786 -0.091811009 -0.002208661 0.995773971
1341846338.354022 0.382512510 0.116006009 -0.365577668 -0.001232285 -0.091107138 -0.001857789 0.995838642
1341846338.389969 0.382208526 0.120630525 -0.364291668 -0.001461444 -0.090029746 -0.001578814 0.995936751
1341846338.422377 0.387721360 0.134437442 -0.351058155 -0.000329686 -0.090776190 -0.001199987 0.995870590
1341846338.454010 0.383645058 0.120823793 -0.335939288 -0.005134528 -0.090420030 -0.001938723 0.995888591
1341846338.489894 0.385481596 0.118509881 -0.321700245 -0.007209951 -0.091145247 -0.001712586 0.995810032
1341846338.522066 0.385564983 0.121477939 -0.318905443 -0.005139411 -0.090541020 -0.002752098 0.995875716
1341846338.558058 0.374565393 0.131797075 -0.311984211 -0.005447963 -0.088839054 -0.003735761 0.996024132
1341846338.589842 0.387207866 0.128071159 -0.291908860 -0.008245450 -0.091134712 -0.003483489 0.995798349
1341846338.622019 0.388472259 0.123924807 -0.278585374 -0.007947370 -0.090064220 -0.002469025 0.995901227
1341846338.657984 0.385745257 0.128709823 -0.277876586 -0.007595582 -0.090051256 -0.000262715 0.995908141
1341846338.690198 0.385669768 0.132649750 -0.270367771 -0.009194408 -0.090412222 -0.001649297 0.995860696
1341846338.722454 0.387226671 0.132920772 -0.249779463 -0.009511831 -0.089360282 -0.002100903 0.995951772
1341846338.757945 0.379940867 0.133617297 -0.253212482 -0.009377987 -0.088630527 0.000295706 0.996020377
1341846338.790039 0.386580944 0.133974671 -0.236053944 -0.011998187 -0.091321036 0.000716316 0.995748997
1341846338.826048 0.388924986 0.133810714 -0.224544555 -0.011451635 -0.090263963 -0.001960048 0.995850146
1341846338.858027 0.394439280 0.138366416 -0.222421378 -0.011615773 -0.089597292 -0.001201310 0.995909631
1341846338.889902 0.388327837 0.138664559 -0.205927759 -0.014083445 -0.089896858 -0.002542666 0.995848298
1341846338.925948 0.392908156 0.138250455 -0.190561891 -0.014506076 -0.089450359 -0.004846200 0.995873868
1341846338.958108 0.389655143 0.139053822 -0.183358654 -0.014063250 -0.087097861 -0.005496309 0.996085405
1341846338.990057 0.394977510 0.137379125 -0.165940747 -0.014223791 -0.087822177 -0.004226716 0.996025681
1341846339.025928 0.397780448 0.136676952 -0.156286791 -0.011866647 -0.087059446 -0.004941755 0.996120214
1341846339.057939 0.396180451 0.144478753 -0.146503299 -0.008438288 -0.084357604 -0.004120863 0.996391296
1341846339.093927 0.393377364 0.149871096 -0.144180223 -0.009686333 -0.084493160 -0.002791882 0.996373057
1341846339.126562 0.398678154 0.153314635 -0.134577483 -0.012833418 -0.085897617 -0.004841335 0.996209562
1341846339.157969 0.398943782 0.154169992 -0.115842164 -0.015121488 -0.082833245 -0.007134908 0.996423185
1341846339.194113 0.395569593 0.155818149 -0.114472158 -0.017230198 -0.081642002 -0.005477070 0.996497750
1341846339.228165 0.401140243 0.160186872 -0.101985045 -0.020989990 -0.084238254 -0.002562444 0.996221304
1341846339.257998 0.404538751 0.160471112 -0.084486358 -0.022927366 -0.083491378 -0.003892961 0.996237099
1341846339.294132 0.400303096 0.157206729 -0.083962388 -0.024025489 -0.080197304 -0.001952839 0.996487558
1341846339.326577 0.404062033 0.162298739 -0.080231167 -0.028451765 -0.082947515 0.003570587 0.996141315
1341846339.362269 0.410531521 0.164962947 -0.059831079 -0.032181088 -0.085412741 -0.000850581 0.995825469
1341846339.394725 0.414966375 0.166559756 -0.049236502 -0.032829527 -0.083773553 -0.001570303 0.995942652
1341846339.462186 0.418861419 0.164915040 -0.028569762 -0.036681607 -0.084742106 -0.002418607 0.995724559
1341846339.496743 0.429784358 0.162671700 -0.017334741 -0.033904020 -0.082154676 -0.004606686 0.996032119
1341846339.562052 0.425239295 0.160608500 0.000489073 -0.032815915 -0.078366168 -0.001398299 0.996383429
1341846339.595122 0.431407690 0.162802383 0.009146088 -0.030676184 -0.078027666 -0.001775855 0.996477604
1341846339.632085 0.436196417 0.168710709 0.022856493 -0.028361475 -0.074640051 -0.004917100 0.996795058
1341846339.664568 0.433350235 0.168415070 0.028717870 -0.027874144 -0.071193837 -0.007179521 0.997047186
1341846339.698896 0.435874522 0.165142834 0.038957555 -0.028516619 -0.070741035 -0.007213270 0.997060955
1341846339.731977 0.436130196 0.164874047 0.040564556 -0.028236844 -0.070100464 -0.008787191 0.997101545
1341846339.762241 0.438946128 0.163183093 0.054209776 -0.027989179 -0.069122806 -0.009640192 0.997168899
1341846339.797873 0.438910961 0.161786750 0.062115349 -0.028394090 -0.068474442 -0.007918290 0.997217298
1341846339.830245 0.439962059 0.165513188 0.068009563 -0.027782835 -0.068948425 -0.008209273 0.997199476
1341846339.862015 0.441328108 0.165948376 0.074911594 -0.028329588 -0.068719655 -0.008633323 0.997196376
1341846339.897797 0.447982043 0.165249407 0.085052550 -0.029364780 -0.068224564 -0.009011479 0.997197032
1341846339.929916 0.450080037 0.162800387 0.092353500 -0.029714093 -0.067634195 -0.007483176 0.997239590
1341846339.961960 0.447829723 0.159483582 0.102196284 -0.028874297 -0.067663066 -0.006772375 0.997267365
1341846339.997845 0.456672907 0.160705417 0.110209964 -0.027430316 -0.067118786 -0.006160089 0.997348845
1341846340.029925 0.461802512 0.157439709 0.116553091 -0.026859196 -0.065455958 -0.004551124 0.997483552
1341846340.066044 0.460131645 0.156299010 0.124018833 -0.024853632 -0.063591845 -0.003532045 0.997660220
1341846340.098009 0.459989935 0.165447906 0.130389974 -0.022448877 -0.063024737 -0.003210847 0.997754335
1341846340.130102 0.459828019 0.155353189 0.129107207 -0.024977775 -0.062810078 -0.004018574 0.997704804
1341846340.166041 0.467468113 0.161650509 0.150032893 -0.022839241 -0.061349399 -0.007147138 0.997829497
1341846340.197867 0.460307002 0.163779959 0.149597570 -0.021195767 -0.057787102 -0.006873981 0.998080254
1341846340.229904 0.459685534 0.168692783 0.155548885 -0.021743152 -0.057562228 -0.007323425 0.998078287
1341846340.265859 0.462035179 0.162254065 0.168642357 -0.023312943 -0.056567013 -0.008396981 0.998091280
1341846340.298061 0.462694824 0.162775874 0.171943426 -0.021076266 -0.054470129 -0.007988743 0.998261034
1341846340.334063 0.460733980 0.165889263 0.171545938 -0.021966709 -0.055012561 -0.005482761 0.998228967
1341846340.366064 0.466296434 0.162111968 0.184439257 -0.023875527 -0.057293747 -0.005869510 0.998054624
1341846340.397995 0.469941378 0.165113792 0.194146708 -0.021327771 -0.057020314 -0.007638945 0.998115957
1341846340.433895 0.472899079 0.168361396 0.203412190 -0.020193035 -0.057576999 -0.006936123 0.998112738
1341846340.465959 0.472459465 0.167831421 0.206059158 -0.019701475 -0.059915859 -0.005101915 0.997996032
1341846340.501858 0.473426491 0.168585524 0.204317823 -0.018757960 -0.062924728 -0.005864885 0.997824788
1341846340.534329 0.472712159 0.169546202 0.201642230 -0.018471800 -0.063466780 -0.006570733 0.997791350
1341846340.566041 0.479463369 0.166702852 0.204682708 -0.017384736 -0.065495312 -0.006117197 0.997682691
1341846340.601909 0.476606578 0.171869412 0.198613569 -0.013844468 -0.064578205 -0.006261225 0.997797012
1341846340.634005 0.475064337 0.170543283 0.190749139 -0.013365523 -0.064186476 -0.006093011 0.997829795
1341846340.666028 0.484576255 0.170983002 0.199099094 -0.013194476 -0.065209553 -0.008473564 0.997748435
1341846340.701946 0.493433028 0.171134472 0.199615240 -0.010895114 -0.065385401 -0.010933575 0.997740746
1341846340.733954 0.494865924 0.174353600 0.194919586 -0.009024241 -0.063882172 -0.012955490 0.997832596
1341846340.770081 0.493274719 0.171275705 0.195201695 -0.010664224 -0.062944278 -0.014914839 0.997848630
1341846340.801980 0.494344771 0.173116341 0.196278021 -0.009690528 -0.061763361 -0.020922324 0.997824550
1341846340.833999 0.494425446 0.174090877 0.191334262 -0.009903197 -0.059177674 -0.024503939 0.997897565
1341846340.870013 0.493777961 0.173915714 0.190455630 -0.011091861 -0.059461180 -0.025889471 0.997833252
1341846340.901955 0.494811952 0.173863381 0.192120597 -0.010017567 -0.059648916 -0.026809236 0.997809112
1341846340.933918 0.493887663 0.174750522 0.189637467 -0.007984300 -0.060143027 -0.024108648 0.997866690
1341846340.970122 0.495483428 0.174458891 0.189040482 -0.006753962 -0.063637406 -0.018725691 0.997774601
1341846341.001922 0.495733261 0.174246833 0.188528374 -0.005747466 -0.067337684 -0.013394348 0.997623801
1341846341.037923 0.495368987 0.174905136 0.186487839 -0.004261743 -0.069666684 -0.010889699 0.997501791
1341846341.070300 0.496494174 0.174243271 0.188823640 -0.004038049 -0.070668191 -0.011770182 0.997422278
1341846341.102028 0.496437788 0.175112277 0.186072618 -0.003810774 -0.072373427 -0.010781960 0.997312069
1341846341.137982 0.496549755 0.176331654 0.185352311 -0.003550613 -0.074156687 -0.010710602 0.997182786
1341846341.170048 0.497286379 0.174215183 0.184506416 -0.003200936 -0.074737974 -0.009380125 0.997153938
1341846341.202110 0.497123986 0.172129065 0.186878443 -0.002184372 -0.074922964 -0.007452707 0.997159123
1341846341.237996 0.497128695 0.174592584 0.183688745 0.000290474 -0.074767366 -0.007286166 0.997174382
1341846341.269883 0.496985018 0.174566478 0.182745993 0.001220265 -0.074374810 -0.006326230 0.997209609
1341846341.306107 0.497266501 0.174405053 0.183499262 0.001827446 -0.075270332 -0.006947368 0.997137308
1341846341.338109 0.497724116 0.174003556 0.184819058 0.002797833 -0.074812852 -0.009053577 0.997152627
1341846341.370120 0.496990561 0.174840882 0.182706192 0.003701743 -0.073434971 -0.011823692 0.997223139
1341846341.406074 0.496497363 0.173565254 0.183698133 0.003220494 -0.073574908 -0.010919315 0.997224748
1341846341.438113 0.497698665 0.173853472 0.184356779 0.004805477 -0.075639725 -0.010800043 0.997065127
1341846341.470024 0.496736109 0.174501151 0.182651222 0.007645429 -0.075280420 -0.013510230 0.997041643
1341846341.506077 0.496724695 0.174561098 0.181381881 0.007297809 -0.074723795 -0.013796695 0.997082114
1341846341.538156 0.497471899 0.173732191 0.183392316 0.006376319 -0.077158667 -0.012525887 0.996919811
1341846341.574016 0.496324688 0.175025612 0.180054203 0.007426026 -0.078931756 -0.012377989 0.996775508
1341846341.612466 0.497134179 0.178015918 0.174049914 0.008465078 -0.079642363 -0.011837384 0.996717334
1341846341.643972 0.497132361 0.177569360 0.172218114 0.007228616 -0.081123218 -0.012823498 0.996595383
1341846341.679982 0.498367399 0.177640602 0.174504995 0.007367507 -0.083283827 -0.011593701 0.996431231
1341846341.712332 0.497420222 0.178428262 0.170853242 0.007750208 -0.085448802 -0.008265382 0.996278167
1341846341.744185 0.497315675 0.180060849 0.167866424 0.008269712 -0.087302722 -0.007141544 0.996121943
1341846341.780061 0.498084992 0.180697441 0.165585816 0.008780381 -0.087811947 -0.005506700 0.996083200
1341846341.842595 0.497354716 0.181962207 0.167041942 0.011948371 -0.088464372 0.000131661 0.996007681
1341846341.906227 0.502481997 0.168107554 0.159147814 0.012544128 -0.089855522 0.005638563 0.995859921
1341846341.942069 0.507055521 0.154260218 0.155354768 0.014078896 -0.090347089 0.007783909 0.995780408
1341846341.974775 0.513517737 0.150525853 0.150776818 0.016931580 -0.091539569 0.009217778 0.995614827
1341846342.010161 0.508280516 0.154263288 0.146435142 0.017888930 -0.092083409 0.012357894 0.995513916
1341846342.042024 0.513784528 0.151160076 0.148699835 0.019671217 -0.093242891 0.012652286 0.995368719
1341846342.080032 0.519882262 0.152172700 0.144543305 0.021862607 -0.091556989 0.012761222 0.995478034
1341846342.112265 0.524533510 0.147059977 0.148416936 0.021370584 -0.092341855 0.015200606 0.995381951
1341846342.147954 0.524313986 0.143899053 0.146924838 0.023397511 -0.093357116 0.018575951 0.995184362
1341846342.179852 0.524966657 0.141001463 0.145487517 0.025744706 -0.092708766 0.019469546 0.995169997
1341846342.211848 0.523333609 0.145786136 0.143398464 0.027405774 -0.091726758 0.018815581 0.995229185
1341846342.247920 0.522864580 0.143109635 0.143423423 0.028447863 -0.091244899 0.017775174 0.995263398
1341846342.279870 0.523356080 0.143109888 0.140010551 0.030117322 -0.091054484 0.018296761 0.995222211
1341846342.316068 0.526928961 0.143407837 0.136968806 0.031249931 -0.090962298 0.019619508 0.995170534
1341846342.347894 0.525524914 0.147038162 0.138482317 0.032270826 -0.090865836 0.019335033 0.995152414
1341846342.379953 0.524949491 0.143414870 0.137220472 0.031926997 -0.090204574 0.019430960 0.995221734
1341846342.416195 0.519746065 0.147665173 0.131841943 0.033169165 -0.089111194 0.020208023 0.995264113
