1341846647.802247 0.000000000 0.000000000 0.000000000 -0.000000000 -0.000000000 -0.000000000 1.000000000
1341846647.834093 0.000014709 -0.003257217 -0.001176178 0.000223621 0.000463744 0.000632620 0.999999642
1341846647.866652 0.003557354 -0.002517982 -0.002442280 0.001854503 0.002250621 0.002098817 0.999993563
1341846647.901972 0.004593599 -0.003108299 -0.005613510 0.001752091 0.004505435 0.002457229 0.999985278
1341846647.934224 0.003002114 -0.003151936 -0.006773410 0.000316479 0.004859703 0.002851515 0.999984086
1341846647.970225 0.003779206 -0.004138358 -0.004975789 -0.000230592 0.003430147 0.003149842 0.999989152
1341846648.002341 0.004220859 -0.002134026 -0.009058433 -0.000744178 0.002473375 0.002937368 0.999992371
1341846648.034343 -0.001504911 -0.002011330 -0.010344266 -0.003322663 0.002190468 0.003220709 0.999986947
1341846648.070164 0.000842946 -0.005100306 -0.009118129 -0.004959976 -0.001397817 0.003562497 0.999980390
1341846648.102152 0.001852082 -0.008996898 -0.010066560 -0.004971664 -0.004701739 0.003889974 0.999969006
1341846648.138185 0.005922055 -0.009648183 -0.015010347 -0.005638451 -0.006665166 0.003645652 0.999955297
1341846648.170568 0.003856321 -0.008735168 -0.018259982 -0.008813391 -0.007963499 0.002943595 0.999925196
1341846648.202106 -0.002351531 -0.018069910 -0.016553394 -0.011652517 -0.011465025 0.002728845 0.999862671
1341846648.238157 -0.006464277 -0.019662082 -0.024323100 -0.011084579 -0.015465188 0.002857091 0.999814868
1341846648.270152 0.000595922 -0.004123170 -0.029442118 -0.010549725 -0.022135686 0.000775106 0.999698997
1341846648.302183 -0.001116885 -0.007882126 -0.030640541 -0.017100431 -0.027101902 -0.005264874 0.999472558
1341846648.338170 0.002193834 -0.006875168 -0.028203532 -0.020160429 -0.032879926 -0.008512406 0.999219716
1341846648.370216 0.011242089 -0.011964797 -0.025963316 -0.023162019 -0.042165309 -0.007680581 0.998812616
1341846648.406052 0.017497726 -0.010657898 -0.029489221 -0.024440724 -0.053564668 -0.005311185 0.998251140
1341846648.438342 0.014686543 -0.012607081 -0.037064567 -0.023927856 -0.057194490 -0.002550677 0.998073041
1341846648.470076 0.016745273 -0.016433612 -0.039026435 -0.026036495 -0.063135631 -0.003087163 0.997660518
1341846648.506263 0.019440237 -0.020993467 -0.040572349 -0.030721076 -0.070463464 -0.003449129 0.997035205
1341846648.538249 0.021103501 -0.019082025 -0.046692438 -0.032626588 -0.077130795 -0.006600056 0.996465206
1341846648.570179 0.019989310 -0.020397354 -0.044502713 -0.036107272 -0.079213113 -0.008950615 0.996163368
1341846648.606081 0.030894188 -0.022816978 -0.037873745 -0.039488219 -0.086588703 -0.008201605 0.995427430
1341846648.638395 0.032364022 -0.022768235 -0.030051548 -0.038968850 -0.096508071 -0.009913112 0.994519651
1341846648.674053 0.034327619 -0.025769904 -0.031781491 -0.038021490 -0.099860132 -0.010918800 0.994214833
1341846648.706058 0.045423515 -0.033358451 -0.028362233 -0.040841077 -0.109428219 -0.008988290 0.993114650
1341846648.738116 0.041060142 -0.029531855 -0.027365735 -0.040007822 -0.117092073 -0.009833901 0.992266178
1341846648.774049 0.045712411 -0.021221118 -0.033885587 -0.034805279 -0.119220339 -0.010361180 0.992203474
1341846648.805941 0.053538702 -0.023708660 -0.033831134 -0.034009300 -0.124141127 -0.007695982 0.991651714
1341846648.838602 0.055003762 -0.021470273 -0.038266491 -0.034519061 -0.131589368 -0.004897736 0.990691006
1341846648.874088 0.052897651 -0.019916639 -0.038369868 -0.036187075 -0.133281678 -0.006130287 0.990398347
1341846648.906165 0.069667168 -0.028699543 -0.030669462 -0.040537935 -0.142645955 -0.004247433 0.988934159
1341846648.942154 0.086738206 -0.023959113 -0.031001667 -0.039439719 -0.160728127 0.000914561 0.986209989
1341846648.974090 0.083720610 -0.020545609 -0.042930972 -0.040870603 -0.169429228 -0.001804520 0.984692931
1341846649.006157 0.083804995 -0.022029590 -0.031857494 -0.044458535 -0.172434464 -0.004381600 0.984007418
1341846649.042101 0.102506317 -0.031348687 -0.032466836 -0.045868993 -0.184610367 -0.000091881 0.981740832
1341846649.074128 0.107592709 -0.015306586 -0.042315729 -0.044605918 -0.192178473 -0.011449645 0.980278850
1341846649.106188 0.112489462 -0.018950762 -0.039611742 -0.047965046 -0.192884296 -0.020456202 0.979834974
1341846649.142042 0.118071303 -0.030537482 -0.034509119 -0.053483639 -0.195767596 -0.020615706 0.978973746
1341846649.174442 0.138352513 -0.016768314 -0.025361612 -0.053248204 -0.205734923 -0.025410427 0.976827562
1341846649.216152 0.141958296 -0.016931729 -0.019508235 -0.054437481 -0.206575885 -0.028567957 0.976497233
1341846649.248048 0.146283358 -0.024257781 -0.021263275 -0.058236156 -0.206340790 -0.026200248 0.976394176
1341846649.280075 0.153504103 -0.021528574 -0.031247292 -0.061770715 -0.209185243 -0.025926903 0.975578666
1341846649.316071 0.163879320 -0.012434633 -0.023337269 -0.064456932 -0.211928487 -0.026667122 0.974792600
1341846649.348041 0.180686936 -0.011390497 -0.001285353 -0.065275759 -0.218662113 -0.021135563 0.973385513
1341846649.383973 0.187334031 -0.007149823 0.000177435 -0.062810704 -0.223840103 -0.018803213 0.972418070
1341846649.416053 0.186378270 0.000676830 -0.023957673 -0.062201291 -0.220659673 -0.024658838 0.973053038
1341846649.448084 0.187500805 -0.004839992 -0.016830184 -0.067832373 -0.217805117 -0.027298434 0.973249495
1341846649.484154 0.185505062 -0.018778037 0.004989170 -0.074196585 -0.220875427 -0.023262892 0.972197354
1341846649.516198 0.188844517 -0.011179397 0.009210849 -0.071329013 -0.222971916 -0.027796220 0.971814334
1341846649.552101 0.196048751 -0.013018190 0.009911989 -0.069826297 -0.221370384 -0.031381000 0.972180367
1341846649.616167 0.195993677 -0.030480938 0.016925611 -0.073040456 -0.224663094 -0.024444299 0.971387684
1341846649.678101 0.195871606 -0.042346917 0.027288880 -0.073914878 -0.226607412 -0.028258026 0.970766306
1341846649.710937 0.198923737 -0.053355239 0.018381059 -0.074643679 -0.232398331 -0.025498221 0.969416976
1341846649.746112 0.200786397 -0.051118266 0.021020882 -0.071734063 -0.238794923 -0.031153463 0.967915654
1341846649.778019 0.202990368 -0.053506847 0.018049650 -0.070313238 -0.243275255 -0.032236584 0.966868162
1341846649.810257 0.209427178 -0.054159340 0.015920574 -0.069484286 -0.251908571 -0.030836422 0.964760661
1341846649.846059 0.213297874 -0.051834229 -0.004074400 -0.070547275 -0.259452552 -0.034765318 0.962548137
1341846649.878137 0.212450743 -0.054279879 0.008248694 -0.076238669 -0.264604211 -0.038505100 0.960567415
1341846649.914184 0.210147604 -0.055565637 0.020682769 -0.075193800 -0.269508243 -0.033524886 0.959472477
1341846649.952612 0.214484617 -0.055328894 0.011902941 -0.073505409 -0.270784736 -0.030615527 0.959341049
1341846650.014156 0.227203950 -0.063568756 0.024277493 -0.074703231 -0.274966329 -0.019785127 0.958343148
1341846650.046184 0.234463200 -0.060628176 0.026357191 -0.073119760 -0.277931988 -0.020471033 0.957595050
1341846650.078250 0.240059197 -0.063087359 0.035510711 -0.071508527 -0.277831227 -0.022999326 0.957688630
1341846650.114215 0.248402625 -0.066544279 0.036546007 -0.070460774 -0.278091371 -0.018264491 0.957792699
1341846650.146137 0.254165977 -0.064550906 0.039649453 -0.067637861 -0.281218290 -0.017045144 0.957105458
1341846650.182236 0.258310974 -0.065845773 0.040736988 -0.063105933 -0.280701637 -0.021483393 0.957477331
1341846650.214164 0.265764624 -0.074315481 0.032863401 -0.063499764 -0.278937489 -0.019014925 0.958018839
1341846650.246084 0.271768868 -0.079472542 0.049086392 -0.066668250 -0.281764030 -0.019459378 0.956966937
1341846650.282167 0.271015227 -0.080338098 0.073114365 -0.062077757 -0.281302869 -0.027902644 0.957202494
1341846650.314158 0.276955903 -0.086690180 0.052168742 -0.060766913 -0.276378095 -0.027119868 0.958742440
1341846650.350453 0.279726386 -0.089241885 0.047720112 -0.063288637 -0.276480824 -0.027223211 0.958546698
1341846650.382075 0.284541041 -0.087990135 0.060581222 -0.064397424 -0.277481109 -0.030952454 0.958070517
1341846650.414224 0.288218051 -0.083912812 0.068945520 -0.059927512 -0.274115801 -0.033823449 0.959231555
1341846650.450353 0.286436856 -0.093776256 0.055701822 -0.061325803 -0.267166704 -0.028155144 0.961284757
1341846650.484849 0.288108259 -0.094046772 0.057709076 -0.063475609 -0.264931083 -0.031823207 0.961649537
1341846650.514091 0.283592045 -0.094502427 0.061833579 -0.063142538 -0.258267701 -0.033523120 0.963424683
1341846650.550746 0.281765342 -0.088512927 0.069878407 -0.055697531 -0.252763808 -0.032568689 0.965374291
1341846650.582069 0.277892977 -0.090917714 0.059291728 -0.052293506 -0.246056333 -0.032950185 0.967282772
1341846650.618092 0.271745920 -0.093191527 0.051489443 -0.052615430 -0.239894822 -0.037309993 0.968653738
1341846650.650422 0.264906675 -0.090830177 0.052983504 -0.050725687 -0.232642144 -0.040157467 0.970408142
1341846650.682114 0.255046517 -0.094626777 0.055855341 -0.050885357 -0.225275278 -0.041541439 0.972078264
1341846650.718110 0.246368185 -0.095354483 0.050305456 -0.050269525 -0.219837874 -0.043863829 0.973252416
1341846650.750112 0.240313515 -0.092601061 0.054604031 -0.048191521 -0.213479891 -0.050088469 0.974471688
1341846650.782116 0.226474062 -0.094866127 0.052882720 -0.046655096 -0.202542111 -0.045728438 0.977092147
1341846650.818115 0.216077119 -0.100185513 0.050996274 -0.045028571 -0.198170587 -0.042251930 0.978220642
1341846650.850139 0.208035544 -0.093576968 0.043745611 -0.043219008 -0.193761706 -0.047858112 0.978927076
1341846650.886238 0.194607094 -0.084544361 0.055104747 -0.042295020 -0.182681561 -0.053344496 0.980812371
1341846650.918288 0.182329968 -0.101803258 0.057944186 -0.046320509 -0.170837313 -0.044401336 0.983207822
1341846650.950233 0.169490308 -0.097436406 0.046957821 -0.045224968 -0.163009271 -0.042715393 0.984661460
1341846650.986247 0.160490513 -0.090314366 0.051091608 -0.044153929 -0.153182611 -0.043464728 0.986253679
1341846651.050482 0.137642190 -0.096313633 0.035246510 -0.043564808 -0.134883136 -0.037057549 0.989209473
1341846651.086169 0.133051306 -0.091060966 0.041596811 -0.046663325 -0.128237188 -0.035792898 0.989998281
1341846651.118423 0.117289655 -0.095915437 0.060115479 -0.046768874 -0.116873018 -0.029812001 0.991596997
1341846651.154189 0.105652630 -0.096300200 0.055613082 -0.041873205 -0.109880060 -0.028550660 0.992651939
1341846651.186391 0.097662605 -0.094734751 0.055795845 -0.042959556 -0.104332566 -0.028003639 0.993219554
1341846651.218036 0.085245915 -0.093852252 0.058412526 -0.044515274 -0.097816624 -0.028334631 0.993804514
1341846651.254031 0.078106903 -0.092701070 0.068291262 -0.044739194 -0.093140692 -0.027644578 0.994263053
1341846651.286406 0.070540607 -0.085228674 0.079403557 -0.045448519 -0.089016668 -0.031503819 0.994493842
1341846651.318309 0.058288630 -0.086707644 0.084131658 -0.046765558 -0.083879054 -0.034048516 0.994795501
1341846651.354135 0.042700682 -0.085464388 0.086726755 -0.045627628 -0.075554878 -0.036101118 0.995442808
1341846651.386180 0.029008450 -0.086058378 0.094809391 -0.044404361 -0.067927085 -0.036247872 0.996042311
1341846651.422237 0.011278561 -0.080724001 0.096679926 -0.043717496 -0.063716084 -0.037504572 0.996304393
1341846651.492135 -0.011955729 -0.079479292 0.112624317 -0.046595789 -0.055214036 -0.045768090 0.996336043
1341846651.560316 -0.038290124 -0.081718244 0.141366199 -0.043219324 -0.038201626 -0.048368882 0.997162580
1341846651.622176 -0.080482587 -0.090897441 0.145456970 -0.036746331 -0.023187000 -0.052876461 0.997655332
1341846651.654223 -0.099676378 -0.090297513 0.143072024 -0.033061579 -0.017632751 -0.052918456 0.997895658
1341846651.690127 -0.124397643 -0.088596821 0.134496316 -0.028574137 -0.012221321 -0.052853432 0.998118579
1341846651.722318 -0.147223845 -0.088445470 0.135179579 -0.024852520 -0.005833487 -0.051457334 0.998348892
1341846651.754212 -0.165882632 -0.085862875 0.133659884 -0.022929618 -0.000778559 -0.052664395 0.998348713
1341846651.790200 -0.190604195 -0.081993908 0.118956275 -0.024445552 0.007163520 -0.054580845 0.998184383
1341846651.822233 -0.209218830 -0.086541742 0.128297210 -0.024489895 0.014584390 -0.050815780 0.998301208
1341846651.858213 -0.232017994 -0.082773253 0.133283913 -0.014806649 0.021532586 -0.049515627 0.998431444
1341846651.890237 -0.254549682 -0.070775613 0.127249867 -0.004637653 0.029406307 -0.047356769 0.998434365
1341846651.922186 -0.259898096 -0.067383051 0.118631966 -0.002690739 0.033298865 -0.044827070 0.998436034
1341846651.958047 -0.276073039 -0.073577330 0.128352776 -0.001344207 0.037478827 -0.043764975 0.998337746
1341846651.990020 -0.304191828 -0.072154380 0.135505855 0.006296443 0.046172582 -0.042508170 0.998008788
1341846652.022081 -0.340545952 -0.071237929 0.137218654 0.012341442 0.055837259 -0.040906351 0.997525215
1341846652.058058 -0.371826857 -0.066746287 0.130981028 0.012499873 0.061233468 -0.040438067 0.997225642
1341846652.090106 -0.397051364 -0.067523919 0.126238793 0.010161209 0.065740906 -0.043271385 0.996846259
1341846652.126257 -0.431215942 -0.066424958 0.122797698 0.008034411 0.074735641 -0.041636243 0.996301413
1341846652.158232 -0.456906021 -0.068338908 0.125426963 0.005963458 0.079877608 -0.041716423 0.995913565
1341846652.190049 -0.472649008 -0.067063071 0.133133978 0.005440449 0.083353490 -0.042799901 0.995585620
1341846652.225981 -0.517326355 -0.062573589 0.143906757 0.007552760 0.098051123 -0.045300867 0.994121075
1341846652.258089 -0.547937989 -0.060599893 0.156325951 0.010395000 0.107380010 -0.041589811 0.993293405
1341846652.290189 -0.571254671 -0.072823994 0.149466202 0.011680672 0.109435193 -0.036061119 0.993270934
1341846652.326148 -0.594682992 -0.058543723 0.139953136 0.021718556 0.114287250 -0.034468226 0.992612064
1341846652.358184 -0.636432290 -0.045015108 0.142703667 0.026054751 0.122868180 -0.035977356 0.991428375
1341846652.394279 -0.653659046 -0.047693606 0.136347130 0.026212258 0.126248568 -0.035519909 0.991015911
1341846652.426287 -0.668978572 -0.058273323 0.135671228 0.026454810 0.129488438 -0.036960609 0.990538657
1341846652.458277 -0.685797572 -0.068506926 0.137568370 0.027824841 0.134227112 -0.035746709 0.989914656
1341846652.494100 -0.701501787 -0.063540637 0.138917193 0.031257745 0.138218671 -0.035498608 0.989271641
1341846652.526469 -0.724291384 -0.059263419 0.138512567 0.031142075 0.144754395 -0.038296044 0.988235712
1341846652.562089 -0.749696016 -0.042153463 0.153490454 0.034008335 0.155256554 -0.042472053 0.986374676
1341846652.594254 -0.757358789 -0.041847043 0.155644432 0.036834270 0.167394638 -0.043097217 0.984258592
1341846652.626356 -0.767123222 -0.043793615 0.156994209 0.038405150 0.179898143 -0.043620840 0.981966853
1341846652.662152 -0.789546192 -0.035903838 0.143782526 0.040758859 0.194781184 -0.048106339 0.978818119
1341846652.662152 -0.789546192 -0.035903838 0.143782526 0.040758859 0.194781184 -0.048106339 0.978818119
1341846652.662152 -0.789546192 -0.035903838 0.143782526 0.040758859 0.194781184 -0.048106339 0.978818119
1341846652.662152 -0.789546192 -0.035903838 0.143782526 0.040758859 0.194781184 -0.048106339 0.978818119
1341846652.662152 -0.789546192 -0.035903838 0.143782526 0.040758859 0.194781184 -0.048106339 0.978818119
1341846652.662152 -0.789546192 -0.035903838 0.143782526 0.040758859 0.194781184 -0.048106339 0.978818119
1341846652.662152 -0.789546192 -0.035903838 0.143782526 0.040758859 0.194781184 -0.048106339 0.978818119
1341846652.662152 -0.789546192 -0.035903838 0.143782526 0.040758859 0.194781184 -0.048106339 0.978818119
1341846652.662152 -0.789546192 -0.035903838 0.143782526 0.040758859 0.194781184 -0.048106339 0.978818119
1341846652.662152 -0.789546192 -0.035903838 0.143782526 0.040758859 0.194781184 -0.048106339 0.978818119
1341846652.662152 -0.789546192 -0.035903838 0.143782526 0.040758859 0.194781184 -0.048106339 0.978818119
1341846652.662152 -0.789546192 -0.035903838 0.143782526 0.040758859 0.194781184 -0.048106339 0.978818119
1341846652.662152 -0.789546192 -0.035903838 0.143782526 0.040758859 0.194781184 -0.048106339 0.978818119
1341846652.662152 -0.789546192 -0.035903838 0.143782526 0.040758859 0.194781184 -0.048106339 0.978818119
1341846652.662152 -0.789546192 -0.035903838 0.143782526 0.040758859 0.194781184 -0.048106339 0.978818119
1341846652.662152 -0.789546192 -0.035903838 0.143782526 0.040758859 0.194781184 -0.048106339 0.978818119
1341846652.662152 -0.789546192 -0.035903838 0.143782526 0.040758859 0.194781184 -0.048106339 0.978818119
1341846652.662152 -0.789546192 -0.035903838 0.143782526 0.040758859 0.194781184 -0.048106339 0.978818119
1341846652.662152 -0.789546192 -0.035903838 0.143782526 0.040758859 0.194781184 -0.048106339 0.978818119
1341846652.662152 -0.789546192 -0.035903838 0.143782526 0.040758859 0.194781184 -0.048106339 0.978818119
1341846652.662152 -0.789546192 -0.035903838 0.143782526 0.040758859 0.194781184 -0.048106339 0.978818119
1341846652.662152 -0.789546192 -0.035903838 0.143782526 0.040758859 0.194781184 -0.048106339 0.978818119
1341846652.662152 -0.789546192 -0.035903838 0.143782526 0.040758859 0.194781184 -0.048106339 0.978818119
1341846652.662152 -0.789546192 -0.035903838 0.143782526 0.040758859 0.194781184 -0.048106339 0.978818119
1341846652.662152 -0.789546192 -0.035903838 0.143782526 0.040758859 0.194781184 -0.048106339 0.978818119
1341846652.662152 -0.789546192 -0.035903838 0.143782526 0.040758859 0.194781184 -0.048106339 0.978818119
1341846652.662152 -0.789546192 -0.035903838 0.143782526 0.040758859 0.194781184 -0.048106339 0.978818119
1341846652.662152 -0.789546192 -0.035903838 0.143782526 0.040758859 0.194781184 -0.048106339 0.978818119
1341846652.662152 -0.789546192 -0.035903838 0.143782526 0.040758859 0.194781184 -0.048106339 0.978818119
1341846652.662152 -0.789546192 -0.035903838 0.143782526 0.040758859 0.194781184 -0.048106339 0.978818119
1341846652.662152 -0.789546192 -0.035903838 0.143782526 0.040758859 0.194781184 -0.048106339 0.978818119
1341846652.662152 -0.789546192 -0.035903838 0.143782526 0.040758859 0.194781184 -0.048106339 0.978818119
1341846652.662152 -0.789546192 -0.035903838 0.143782526 0.040758859 0.194781184 -0.048106339 0.978818119
1341846652.662152 -0.789546192 -0.035903838 0.143782526 0.040758859 0.194781184 -0.048106339 0.978818119
1341846652.662152 -0.789546192 -0.035903838 0.143782526 0.040758859 0.194781184 -0.048106339 0.978818119
1341846652.662152 -0.789546192 -0.035903838 0.143782526 0.040758859 0.194781184 -0.048106339 0.978818119
1341846652.662152 -0.789546192 -0.035903838 0.143782526 0.040758859 0.194781184 -0.048106339 0.978818119
1341846652.662152 -0.789546192 -0.035903838 0.143782526 0.040758859 0.194781184 -0.048106339 0.978818119
1341846652.662152 -0.789546192 -0.035903838 0.143782526 0.040758859 0.194781184 -0.048106339 0.978818119
1341846652.662152 -0.789546192 -0.035903838 0.143782526 0.040758859 0.194781184 -0.048106339 0.978818119
1341846652.662152 -0.789546192 -0.035903838 0.143782526 0.040758859 0.194781184 -0.048106339 0.978818119
1341846652.662152 -0.789546192 -0.035903838 0.143782526 0.040758859 0.194781184 -0.048106339 0.978818119
1341846652.662152 -0.789546192 -0.035903838 0.143782526 0.040758859 0.194781184 -0.048106339 0.978818119
1341846652.662152 -0.789546192 -0.035903838 0.143782526 0.040758859 0.194781184 -0.048106339 0.978818119
1341846652.662152 -0.789546192 -0.035903838 0.143782526 0.040758859 0.194781184 -0.048106339 0.978818119
1341846652.662152 -0.789546192 -0.035903838 0.143782526 0.040758859 0.194781184 -0.048106339 0.978818119
1341846652.662152 -0.789546192 -0.035903838 0.143782526 0.040758859 0.194781184 -0.048106339 0.978818119
1341846652.662152 -0.789546192 -0.035903838 0.143782526 0.040758859 0.194781184 -0.048106339 0.978818119
1341846652.662152 -0.789546192 -0.035903838 0.143782526 0.040758859 0.194781184 -0.048106339 0.978818119
1341846652.662152 -0.789546192 -0.035903838 0.143782526 0.040758859 0.194781184 -0.048106339 0.978818119
1341846652.662152 -0.789546192 -0.035903838 0.143782526 0.040758859 0.194781184 -0.048106339 0.978818119
1341846652.662152 -0.789546192 -0.035903838 0.143782526 0.040758859 0.194781184 -0.048106339 0.978818119
1341846652.662152 -0.789546192 -0.035903838 0.143782526 0.040758859 0.194781184 -0.048106339 0.978818119
1341846652.662152 -0.789546192 -0.035903838 0.143782526 0.040758859 0.194781184 -0.048106339 0.978818119
1341846652.662152 -0.789546192 -0.035903838 0.143782526 0.040758859 0.194781184 -0.048106339 0.978818119
1341846652.662152 -0.789546192 -0.035903838 0.143782526 0.040758859 0.194781184 -0.048106339 0.978818119
1341846652.662152 -0.789546192 -0.035903838 0.143782526 0.040758859 0.194781184 -0.048106339 0.978818119
1341846652.662152 -0.789546192 -0.035903838 0.143782526 0.040758859 0.194781184 -0.048106339 0.978818119
1341846652.662152 -0.789546192 -0.035903838 0.143782526 0.040758859 0.194781184 -0.048106339 0.978818119
1341846652.662152 -0.789546192 -0.035903838 0.143782526 0.040758859 0.194781184 -0.048106339 0.978818119
1341846652.662152 -0.789546192 -0.035903838 0.143782526 0.040758859 0.194781184 -0.048106339 0.978818119
1341846652.662152 -0.789546192 -0.035903838 0.143782526 0.040758859 0.194781184 -0.048106339 0.978818119
1341846652.662152 -0.789546192 -0.035903838 0.143782526 0.040758859 0.194781184 -0.048106339 0.978818119
1341846652.662152 -0.789546192 -0.035903838 0.143782526 0.040758859 0.194781184 -0.048106339 0.978818119
1341846652.662152 -0.789546192 -0.035903838 0.143782526 0.040758859 0.194781184 -0.048106339 0.978818119
1341846652.662152 -0.789546192 -0.035903838 0.143782526 0.040758859 0.194781184 -0.048106339 0.978818119
1341846652.662152 -0.789546192 -0.035903838 0.143782526 0.040758859 0.194781184 -0.048106339 0.978818119
1341846652.662152 -0.789546192 -0.035903838 0.143782526 0.040758859 0.194781184 -0.048106339 0.978818119
1341846652.662152 -0.789546192 -0.035903838 0.143782526 0.040758859 0.194781184 -0.048106339 0.978818119
1341846652.662152 -0.789546192 -0.035903838 0.143782526 0.040758859 0.194781184 -0.048106339 0.978818119
1341846652.662152 -0.789546192 -0.035903838 0.143782526 0.040758859 0.194781184 -0.048106339 0.978818119
1341846652.662152 -0.789546192 -0.035903838 0.143782526 0.040758859 0.194781184 -0.048106339 0.978818119
1341846652.662152 -0.789546192 -0.035903838 0.143782526 0.040758859 0.194781184 -0.048106339 0.978818119
1341846652.662152 -0.789546192 -0.035903838 0.143782526 0.040758859 0.194781184 -0.048106339 0.978818119
1341846652.662152 -0.789546192 -0.035903838 0.143782526 0.040758859 0.194781184 -0.048106339 0.978818119
1341846652.662152 -0.789546192 -0.035903838 0.143782526 0.040758859 0.194781184 -0.048106339 0.978818119
1341846652.662152 -0.789546192 -0.035903838 0.143782526 0.040758859 0.194781184 -0.048106339 0.978818119
1341846652.662152 -0.789546192 -0.035903838 0.143782526 0.040758859 0.194781184 -0.048106339 0.978818119
1341846652.662152 -0.789546192 -0.035903838 0.143782526 0.040758859 0.194781184 -0.048106339 0.978818119
1341846652.662152 -0.789546192 -0.035903838 0.143782526 0.040758859 0.194781184 -0.048106339 0.978818119
1341846652.662152 -0.789546192 -0.035903838 0.143782526 0.040758859 0.194781184 -0.048106339 0.978818119
1341846652.662152 -0.789546192 -0.035903838 0.143782526 0.040758859 0.194781184 -0.048106339 0.978818119
1341846652.662152 -0.789546192 -0.035903838 0.143782526 0.040758859 0.194781184 -0.048106339 0.978818119
1341846652.662152 -0.789546192 -0.035903838 0.143782526 0.040758859 0.194781184 -0.048106339 0.978818119
1341846652.662152 -0.789546192 -0.035903838 0.143782526 0.040758859 0.194781184 -0.048106339 0.978818119
1341846652.662152 -0.789546192 -0.035903838 0.143782526 0.040758859 0.194781184 -0.048106339 0.978818119
1341846652.662152 -0.789546192 -0.035903838 0.143782526 0.040758859 0.194781184 -0.048106339 0.978818119
1341846655.710074 0.000000000 0.000000000 0.000000000 -0.000000000 -0.000000000 -0.000000000 1.000000000
1341846655.748050 0.017524097 -0.002073355 -0.008827790 -0.003284784 -0.012481812 0.004014300 0.999908686
1341846655.810222 0.046121772 -0.005009429 0.010179835 -0.007342802 -0.034724582 0.007215589 0.999343932
1341846655.846257 0.068351857 -0.006299927 0.008057703 -0.009497414 -0.047967754 0.010004916 0.998753607
1341846655.910355 0.147529587 -0.022966905 0.004049513 -0.019083414 -0.080019549 0.011216753 0.996547461
1341846655.946240 0.194246739 -0.026814777 -0.013945772 -0.021175096 -0.099148087 0.013642207 0.994753838
1341846655.978412 0.223185644 -0.033192959 -0.017083801 -0.025562264 -0.110178098 0.015002797 0.993469834
1341846656.014188 0.255365282 -0.031225447 -0.015424806 -0.027752327 -0.117979407 0.016801324 0.992486000
1341846656.046211 0.278892040 -0.034503605 -0.007638071 -0.029972948 -0.124484181 0.019608922 0.991574943
1341846656.078165 0.294980586 -0.031614609 -0.002192538 -0.029653179 -0.130979806 0.022593914 0.990683854
1341846656.114220 0.324955106 -0.032762531 -0.006598832 -0.032222405 -0.140853241 0.022646863 0.989246786
1341846656.146158 0.341745198 -0.029049922 0.004222199 -0.033910148 -0.149541959 0.021168109 0.987946987
1341846656.178154 0.375431865 -0.025003644 0.005740241 -0.032962427 -0.161628574 0.023117686 0.986030102
1341846656.214132 0.399591506 -0.022501230 0.008922389 -0.032696053 -0.171074435 0.023705482 0.984430075
1341846656.246093 0.406864256 -0.026677191 0.002364493 -0.032882508 -0.174953163 0.023240574 0.983753026
1341846656.282181 0.409407854 -0.018020742 0.000047030 -0.032021072 -0.177721828 0.023913214 0.983268976
1341846656.314258 0.410003752 -0.024797900 -0.005094132 -0.034855358 -0.182719678 0.021736711 0.982306540
1341846656.346094 0.412062854 -0.023403926 -0.007174646 -0.036935788 -0.186810926 0.021087473 0.981474757
1341846656.382222 0.409806639 -0.025264867 -0.000501766 -0.039985478 -0.190406397 0.021314261 0.980659127
1341846656.414253 0.411082357 -0.021639753 -0.002999374 -0.037894066 -0.200523674 0.023725681 0.978668213
1341846656.446177 0.412560433 -0.027602363 -0.031631939 -0.041128062 -0.207800493 0.022393078 0.977049649
1341846656.482260 0.411324084 -0.025419887 -0.028271740 -0.045880880 -0.213731125 0.024066994 0.975517690
1341846656.519461 0.409129083 -0.026806273 -0.025257746 -0.046098784 -0.221069559 0.022417203 0.973909974
1341846656.582247 0.420468360 -0.035517633 -0.045953661 -0.053040218 -0.227608621 0.022656985 0.972043097
1341846656.614195 0.419177681 -0.036147319 -0.048121348 -0.054049075 -0.229930013 0.022274470 0.971449852
1341846656.649995 0.427833259 -0.036752298 -0.062644899 -0.054112345 -0.232056096 0.022056831 0.970945597
1341846656.682076 0.423091024 -0.036485285 -0.057472214 -0.054615121 -0.235515818 0.024306031 0.970030308
1341846656.714216 0.424218446 -0.036579419 -0.070846662 -0.055714026 -0.239559248 0.024698116 0.968967199
1341846656.749974 0.425816059 -0.038727105 -0.077569500 -0.058509722 -0.241385207 0.024123572 0.968363523
1341846656.782653 0.425086439 -0.034799367 -0.066168681 -0.058191217 -0.243610919 0.024030834 0.967827499
1341846656.824388 0.419717610 -0.033791684 -0.080235794 -0.058312733 -0.245916680 0.025083169 0.967210174
1341846656.856226 0.425688237 -0.029979773 -0.083660424 -0.061352756 -0.247179940 0.023868749 0.966730714
1341846656.892050 0.421574473 -0.019910797 -0.082789779 -0.060849160 -0.244357035 0.023505550 0.967488766
1341846656.924099 0.431175411 -0.033080593 -0.077517048 -0.063246481 -0.244823605 0.024586637 0.967190146
1341846656.956112 0.430153042 -0.033410549 -0.088378645 -0.064843230 -0.239118874 0.021364909 0.968587160
1341846656.992122 0.428600788 -0.035083696 -0.074641973 -0.066705942 -0.231833681 0.024193935 0.970163941
1341846657.024108 0.428145140 -0.036748033 -0.079681531 -0.067062348 -0.229126394 0.023763081 0.970793009
1341846657.056121 0.429417670 -0.042513125 -0.086776718 -0.068577267 -0.222596094 0.021747850 0.972252607
1341846657.092006 0.431220800 -0.041552491 -0.072706580 -0.064777792 -0.212772727 0.023115633 0.974678040
1341846657.124027 0.430220306 -0.051514551 -0.078150019 -0.058553237 -0.201427251 0.024901511 0.977434635
1341846657.155973 0.430213481 -0.054802999 -0.094164923 -0.053175010 -0.187401220 0.023191065 0.980568945
1341846657.155973 0.430213481 -0.054802999 -0.094164923 -0.053175010 -0.187401220 0.023191065 0.980568945
1341846657.155973 0.430213481 -0.054802999 -0.094164923 -0.053175010 -0.187401220 0.023191065 0.980568945
1341846657.155973 0.430213481 -0.054802999 -0.094164923 -0.053175010 -0.187401220 0.023191065 0.980568945
1341846657.155973 0.430213481 -0.054802999 -0.094164923 -0.053175010 -0.187401220 0.023191065 0.980568945
1341846657.155973 0.430213481 -0.054802999 -0.094164923 -0.053175010 -0.187401220 0.023191065 0.980568945
1341846657.155973 0.430213481 -0.054802999 -0.094164923 -0.053175010 -0.187401220 0.023191065 0.980568945
1341846657.155973 0.430213481 -0.054802999 -0.094164923 -0.053175010 -0.187401220 0.023191065 0.980568945
1341846657.155973 0.430213481 -0.054802999 -0.094164923 -0.053175010 -0.187401220 0.023191065 0.980568945
1341846657.155973 0.430213481 -0.054802999 -0.094164923 -0.053175010 -0.187401220 0.023191065 0.980568945
1341846657.155973 0.430213481 -0.054802999 -0.094164923 -0.053175010 -0.187401220 0.023191065 0.980568945
1341846657.155973 0.430213481 -0.054802999 -0.094164923 -0.053175010 -0.187401220 0.023191065 0.980568945
1341846657.155973 0.430213481 -0.054802999 -0.094164923 -0.053175010 -0.187401220 0.023191065 0.980568945
1341846657.155973 0.430213481 -0.054802999 -0.094164923 -0.053175010 -0.187401220 0.023191065 0.980568945
1341846657.155973 0.430213481 -0.054802999 -0.094164923 -0.053175010 -0.187401220 0.023191065 0.980568945
1341846657.155973 0.430213481 -0.054802999 -0.094164923 -0.053175010 -0.187401220 0.023191065 0.980568945
1341846657.155973 0.430213481 -0.054802999 -0.094164923 -0.053175010 -0.187401220 0.023191065 0.980568945
1341846657.155973 0.430213481 -0.054802999 -0.094164923 -0.053175010 -0.187401220 0.023191065 0.980568945
1341846657.155973 0.430213481 -0.054802999 -0.094164923 -0.053175010 -0.187401220 0.023191065 0.980568945
1341846657.155973 0.430213481 -0.054802999 -0.094164923 -0.053175010 -0.187401220 0.023191065 0.980568945
1341846657.155973 0.430213481 -0.054802999 -0.094164923 -0.053175010 -0.187401220 0.023191065 0.980568945
1341846657.155973 0.430213481 -0.054802999 -0.094164923 -0.053175010 -0.187401220 0.023191065 0.980568945
1341846657.155973 0.430213481 -0.054802999 -0.094164923 -0.053175010 -0.187401220 0.023191065 0.980568945
1341846657.155973 0.430213481 -0.054802999 -0.094164923 -0.053175010 -0.187401220 0.023191065 0.980568945
1341846657.155973 0.430213481 -0.054802999 -0.094164923 -0.053175010 -0.187401220 0.023191065 0.980568945
1341846657.155973 0.430213481 -0.054802999 -0.094164923 -0.053175010 -0.187401220 0.023191065 0.980568945
1341846657.155973 0.430213481 -0.054802999 -0.094164923 -0.053175010 -0.187401220 0.023191065 0.980568945
1341846657.155973 0.430213481 -0.054802999 -0.094164923 -0.053175010 -0.187401220 0.023191065 0.980568945
1341846657.155973 0.430213481 -0.054802999 -0.094164923 -0.053175010 -0.187401220 0.023191065 0.980568945
1341846657.155973 0.430213481 -0.054802999 -0.094164923 -0.053175010 -0.187401220 0.023191065 0.980568945
1341846657.155973 0.430213481 -0.054802999 -0.094164923 -0.053175010 -0.187401220 0.023191065 0.980568945
1341846657.155973 0.430213481 -0.054802999 -0.094164923 -0.053175010 -0.187401220 0.023191065 0.980568945
1341846657.155973 0.430213481 -0.054802999 -0.094164923 -0.053175010 -0.187401220 0.023191065 0.980568945
1341846657.155973 0.430213481 -0.054802999 -0.094164923 -0.053175010 -0.187401220 0.023191065 0.980568945
1341846657.155973 0.430213481 -0.054802999 -0.094164923 -0.053175010 -0.187401220 0.023191065 0.980568945
1341846657.155973 0.430213481 -0.054802999 -0.094164923 -0.053175010 -0.187401220 0.023191065 0.980568945
1341846657.155973 0.430213481 -0.054802999 -0.094164923 -0.053175010 -0.187401220 0.023191065 0.980568945
1341846657.155973 0.430213481 -0.054802999 -0.094164923 -0.053175010 -0.187401220 0.023191065 0.980568945
1341846657.155973 0.430213481 -0.054802999 -0.094164923 -0.053175010 -0.187401220 0.023191065 0.980568945
1341846657.155973 0.430213481 -0.054802999 -0.094164923 -0.053175010 -0.187401220 0.023191065 0.980568945
1341846657.155973 0.430213481 -0.054802999 -0.094164923 -0.053175010 -0.187401220 0.023191065 0.980568945
1341846657.155973 0.430213481 -0.054802999 -0.094164923 -0.053175010 -0.187401220 0.023191065 0.980568945
1341846657.155973 0.430213481 -0.054802999 -0.094164923 -0.053175010 -0.187401220 0.023191065 0.980568945
1341846657.155973 0.430213481 -0.054802999 -0.094164923 -0.053175010 -0.187401220 0.023191065 0.980568945
1341846657.155973 0.430213481 -0.054802999 -0.094164923 -0.053175010 -0.187401220 0.023191065 0.980568945
1341846657.155973 0.430213481 -0.054802999 -0.094164923 -0.053175010 -0.187401220 0.023191065 0.980568945
1341846657.155973 0.430213481 -0.054802999 -0.094164923 -0.053175010 -0.187401220 0.023191065 0.980568945
1341846657.155973 0.430213481 -0.054802999 -0.094164923 -0.053175010 -0.187401220 0.023191065 0.980568945
1341846657.155973 0.430213481 -0.054802999 -0.094164923 -0.053175010 -0.187401220 0.023191065 0.980568945
1341846657.155973 0.430213481 -0.054802999 -0.094164923 -0.053175010 -0.187401220 0.023191065 0.980568945
1341846657.155973 0.430213481 -0.054802999 -0.094164923 -0.053175010 -0.187401220 0.023191065 0.980568945
1341846657.155973 0.430213481 -0.054802999 -0.094164923 -0.053175010 -0.187401220 0.023191065 0.980568945
1341846657.155973 0.430213481 -0.054802999 -0.094164923 -0.053175010 -0.187401220 0.023191065 0.980568945
1341846657.155973 0.430213481 -0.054802999 -0.094164923 -0.053175010 -0.187401220 0.023191065 0.980568945
1341846657.155973 0.430213481 -0.054802999 -0.094164923 -0.053175010 -0.187401220 0.023191065 0.980568945
1341846657.155973 0.430213481 -0.054802999 -0.094164923 -0.053175010 -0.187401220 0.023191065 0.980568945
1341846657.155973 0.430213481 -0.054802999 -0.094164923 -0.053175010 -0.187401220 0.023191065 0.980568945
1341846657.155973 0.430213481 -0.054802999 -0.094164923 -0.053175010 -0.187401220 0.023191065 0.980568945
1341846657.155973 0.430213481 -0.054802999 -0.094164923 -0.053175010 -0.187401220 0.023191065 0.980568945
1341846657.155973 0.430213481 -0.054802999 -0.094164923 -0.053175010 -0.187401220 0.023191065 0.980568945
1341846657.155973 0.430213481 -0.054802999 -0.094164923 -0.053175010 -0.187401220 0.023191065 0.980568945
1341846657.155973 0.430213481 -0.054802999 -0.094164923 -0.053175010 -0.187401220 0.023191065 0.980568945
1341846657.155973 0.430213481 -0.054802999 -0.094164923 -0.053175010 -0.187401220 0.023191065 0.980568945
1341846657.155973 0.430213481 -0.054802999 -0.094164923 -0.053175010 -0.187401220 0.023191065 0.980568945
1341846657.155973 0.430213481 -0.054802999 -0.094164923 -0.053175010 -0.187401220 0.023191065 0.980568945
1341846657.155973 0.430213481 -0.054802999 -0.094164923 -0.053175010 -0.187401220 0.023191065 0.980568945
1341846657.155973 0.430213481 -0.054802999 -0.094164923 -0.053175010 -0.187401220 0.023191065 0.980568945
1341846657.155973 0.430213481 -0.054802999 -0.094164923 -0.053175010 -0.187401220 0.023191065 0.980568945
1341846657.155973 0.430213481 -0.054802999 -0.094164923 -0.053175010 -0.187401220 0.023191065 0.980568945
1341846657.155973 0.430213481 -0.054802999 -0.094164923 -0.053175010 -0.187401220 0.023191065 0.980568945
1341846657.155973 0.430213481 -0.054802999 -0.094164923 -0.053175010 -0.187401220 0.023191065 0.980568945
1341846657.155973 0.430213481 -0.054802999 -0.094164923 -0.053175010 -0.187401220 0.023191065 0.980568945
1341846657.155973 0.430213481 -0.054802999 -0.094164923 -0.053175010 -0.187401220 0.023191065 0.980568945
1341846657.155973 0.430213481 -0.054802999 -0.094164923 -0.053175010 -0.187401220 0.023191065 0.980568945
1341846657.155973 0.430213481 -0.054802999 -0.094164923 -0.053175010 -0.187401220 0.023191065 0.980568945
1341846657.155973 0.430213481 -0.054802999 -0.094164923 -0.053175010 -0.187401220 0.023191065 0.980568945
1341846657.155973 0.430213481 -0.054802999 -0.094164923 -0.053175010 -0.187401220 0.023191065 0.980568945
1341846657.155973 0.430213481 -0.054802999 -0.094164923 -0.053175010 -0.187401220 0.023191065 0.980568945
1341846657.155973 0.430213481 -0.054802999 -0.094164923 -0.053175010 -0.187401220 0.023191065 0.980568945
1341846657.155973 0.430213481 -0.054802999 -0.094164923 -0.053175010 -0.187401220 0.023191065 0.980568945
1341846657.155973 0.430213481 -0.054802999 -0.094164923 -0.053175010 -0.187401220 0.023191065 0.980568945
1341846657.155973 0.430213481 -0.054802999 -0.094164923 -0.053175010 -0.187401220 0.023191065 0.980568945
1341846657.155973 0.430213481 -0.054802999 -0.094164923 -0.053175010 -0.187401220 0.023191065 0.980568945
1341846657.155973 0.430213481 -0.054802999 -0.094164923 -0.053175010 -0.187401220 0.023191065 0.980568945
1341846657.155973 0.430213481 -0.054802999 -0.094164923 -0.053175010 -0.187401220 0.023191065 0.980568945
1341846657.155973 0.430213481 -0.054802999 -0.094164923 -0.053175010 -0.187401220 0.023191065 0.980568945
1341846660.234105 0.000000000 0.000000000 0.000000000 -0.000000000 -0.000000000 -0.000000000 1.000000000
1341846660.302258 0.000000000 0.000000000 0.000000000 -0.000000000 -0.000000000 -0.000000000 1.000000000
1341846660.334349 -0.004855325 0.017469168 -0.010282596 0.013229463 0.000693873 -0.003775174 0.999905169
1341846660.370214 -0.014305343 0.024332769 -0.015539761 0.018264139 0.003320570 -0.005903606 0.999810278
1341846660.401986 -0.024544261 0.026604837 -0.019695321 0.018519759 0.002445406 -0.006516096 0.999804318
1341846660.438062 -0.017519969 0.020789174 -0.014116646 0.018095516 0.000616578 -0.008285052 0.999801815
1341846660.470191 -0.016370177 0.014680916 -0.019258667 0.020335199 0.000357767 -0.007489548 0.999765158
1341846660.502233 -0.020086231 0.021077523 -0.023734283 0.023215262 -0.001696895 -0.006360114 0.999708831
1341846660.537985 -0.017880043 0.026934892 -0.022106629 0.023917479 -0.002039060 -0.007624893 0.999682844
1341846660.570279 -0.017978130 0.018692460 -0.020590540 0.023990873 -0.000959556 -0.004496289 0.999701619
1341846660.602130 -0.023098219 0.015308208 -0.026477233 0.028049864 -0.003306688 -0.000562236 0.999600947
1341846660.638256 -0.012092544 0.033448696 -0.025343373 0.031405997 -0.006375191 -0.001931542 0.999484539
1341846660.670338 -0.009816345 0.031621233 -0.019670848 0.030974668 -0.002257947 -0.002330310 0.999514937
1341846660.706457 -0.009383261 0.002576282 -0.022892358 0.031701703 -0.002301082 0.004972300 0.999482453
1341846660.738241 -0.011010109 0.022139711 -0.026149252 0.041205861 -0.003746218 0.004064416 0.999135435
1341846660.770121 0.005423318 0.024110356 -0.027355261 0.043692216 -0.001711690 0.003160943 0.999038577
1341846660.806117 -0.004623374 0.011334755 -0.023808757 0.046543885 0.004377094 0.004828892 0.998895049
1341846660.838338 -0.003274904 0.004195367 -0.027985599 0.055345189 0.003221293 0.008477068 0.998426080
1341846660.870203 0.003710188 0.019252941 -0.028163059 0.065463781 0.003410221 0.005957571 0.997831345
1341846660.906366 -0.003066210 0.018685862 -0.031103825 0.070169896 0.011196132 0.004544063 0.997461915
1341846660.938063 0.001636479 0.011354752 -0.031455308 0.079744957 0.010905425 0.007489479 0.996727526
1341846660.974147 -0.004192466 0.011476233 -0.031498309 0.092556193 0.011149751 0.007434836 0.995617270
1341846661.006234 -0.002283134 0.026088769 -0.034100421 0.098140776 0.015481840 0.006784580 0.995029032
1341846661.038225 -0.005228959 0.012974373 -0.033691000 0.098663345 0.016162537 0.009162498 0.994947433
1341846661.074059 -0.001329662 0.025503922 -0.036929235 0.114140801 0.012437230 0.008604635 0.993349493
1341846661.106184 -0.005109100 0.032459050 -0.039880592 0.123109847 0.015699230 0.007461784 0.992240846
1341846661.138209 -0.005114134 0.032536473 -0.040023196 0.120687254 0.016202228 0.007153089 0.992532611
1341846661.174244 -0.003402545 0.018792413 -0.036870353 0.119761519 0.016444024 0.006738859 0.992643654
1341846661.206205 -0.004117444 0.022170739 -0.039091598 0.124097951 0.017260360 0.007539589 0.992091238
1341846661.242184 -0.001570732 0.029125629 -0.038889095 0.125809550 0.016712524 0.007642463 0.991884232
1341846661.274177 -0.002237137 0.037599929 -0.040260047 0.125246987 0.017790524 0.006457795 0.991945088
1341846661.308814 -0.005789577 0.025888447 -0.037425756 0.122095041 0.017765472 0.006972826 0.992334902
1341846661.342489 -0.002462473 0.036837265 -0.038520653 0.123478882 0.016355738 0.005916464 0.992194772
1341846661.374640 -0.002469280 0.029509284 -0.037080873 0.121309884 0.016886102 0.005034264 0.992458284
1341846661.410178 0.005112333 0.012607770 -0.035339653 0.123210602 0.013410212 0.008375560 0.992254615
1341846661.442211 0.006061128 0.027211726 -0.042389028 0.128844127 0.011685052 0.006503432 0.991574705
1341846661.474354 0.001321554 0.034099437 -0.036215298 0.128359258 0.014259567 0.005505017 0.991609991
1341846661.510169 -0.004268008 0.040133175 -0.040435269 0.127784237 0.012483747 0.006041849 0.991705060
1341846661.542767 0.000946003 0.060906459 -0.042687777 0.124653831 0.011303242 0.000773600 0.992135584
1341846661.574217 -0.026333541 0.044480488 -0.033749450 0.120877177 0.017400552 -0.000502519 0.992514849
1341846661.610041 -0.002669561 0.036838487 -0.035525933 0.122907594 0.009123193 0.002945853 0.992371857
1341846661.642253 -0.004465315 0.045153003 -0.039134119 0.122338891 0.009330021 0.000964241 0.992444098
1341846661.678078 -0.012188252 0.034502927 -0.036267426 0.119520120 0.010347843 0.001463381 0.992776811
1341846661.710142 -0.042999756 0.026789606 -0.031770524 0.122617789 0.013600178 0.000357571 0.992360711
1341846661.742341 -0.080476172 0.015401475 -0.041573856 0.128929108 0.019220455 -0.001532933 0.991466343
1341846661.778063 -0.132193565 0.002780485 -0.044333152 0.135696039 0.028566776 -0.004066051 0.990330279
1341846661.810103 -0.180203483 -0.010115240 -0.042055555 0.140236363 0.037110925 -0.006833370 0.989398718
1341846661.842216 -0.238208368 -0.017025344 -0.035082642 0.147372425 0.046811163 -0.006659706 0.987950265
1341846661.878157 -0.274297029 -0.019641489 -0.047280315 0.151399881 0.054116171 -0.010109554 0.986938357
1341846661.910222 -0.325085729 -0.018819889 -0.041477654 0.152400404 0.065309964 -0.011175578 0.986095250
1341846661.946090 -0.387914211 -0.017479157 -0.016583757 0.156485856 0.076884106 -0.011113237 0.984620512
1341846662.010311 -0.390959710 -0.147452757 -0.151642740 0.139919251 0.070460573 -0.006934528 0.987628400
1341846662.010311 -0.390959710 -0.147452757 -0.151642740 0.139919251 0.070460573 -0.006934528 0.987628400
1341846662.078099 -0.290109515 -0.023389839 -0.060527377 0.184366032 0.055045325 -0.015253734 0.981196523
1341846662.078099 -0.290109515 -0.023389839 -0.060527377 0.184366032 0.055045325 -0.015253734 0.981196523
1341846662.078099 -0.290109515 -0.023389839 -0.060527377 0.184366032 0.055045325 -0.015253734 0.981196523
1341846662.078099 -0.290109515 -0.023389839 -0.060527377 0.184366032 0.055045325 -0.015253734 0.981196523
1341846662.078099 -0.290109515 -0.023389839 -0.060527377 0.184366032 0.055045325 -0.015253734 0.981196523
1341846662.078099 -0.290109515 -0.023389839 -0.060527377 0.184366032 0.055045325 -0.015253734 0.981196523
1341846662.078099 -0.290109515 -0.023389839 -0.060527377 0.184366032 0.055045325 -0.015253734 0.981196523
1341846662.078099 -0.290109515 -0.023389839 -0.060527377 0.184366032 0.055045325 -0.015253734 0.981196523
1341846662.078099 -0.290109515 -0.023389839 -0.060527377 0.184366032 0.055045325 -0.015253734 0.981196523
1341846662.078099 -0.290109515 -0.023389839 -0.060527377 0.184366032 0.055045325 -0.015253734 0.981196523
1341846662.078099 -0.290109515 -0.023389839 -0.060527377 0.184366032 0.055045325 -0.015253734 0.981196523
1341846662.078099 -0.290109515 -0.023389839 -0.060527377 0.184366032 0.055045325 -0.015253734 0.981196523
1341846662.078099 -0.290109515 -0.023389839 -0.060527377 0.184366032 0.055045325 -0.015253734 0.981196523
1341846662.078099 -0.290109515 -0.023389839 -0.060527377 0.184366032 0.055045325 -0.015253734 0.981196523
1341846662.078099 -0.290109515 -0.023389839 -0.060527377 0.184366032 0.055045325 -0.015253734 0.981196523
1341846662.078099 -0.290109515 -0.023389839 -0.060527377 0.184366032 0.055045325 -0.015253734 0.981196523
1341846662.078099 -0.290109515 -0.023389839 -0.060527377 0.184366032 0.055045325 -0.015253734 0.981196523
1341846662.078099 -0.290109515 -0.023389839 -0.060527377 0.184366032 0.055045325 -0.015253734 0.981196523
1341846662.078099 -0.290109515 -0.023389839 -0.060527377 0.184366032 0.055045325 -0.015253734 0.981196523
1341846662.078099 -0.290109515 -0.023389839 -0.060527377 0.184366032 0.055045325 -0.015253734 0.981196523
1341846662.078099 -0.290109515 -0.023389839 -0.060527377 0.184366032 0.055045325 -0.015253734 0.981196523
1341846662.078099 -0.290109515 -0.023389839 -0.060527377 0.184366032 0.055045325 -0.015253734 0.981196523
1341846662.078099 -0.290109515 -0.023389839 -0.060527377 0.184366032 0.055045325 -0.015253734 0.981196523
1341846662.078099 -0.290109515 -0.023389839 -0.060527377 0.184366032 0.055045325 -0.015253734 0.981196523
1341846662.078099 -0.290109515 -0.023389839 -0.060527377 0.184366032 0.055045325 -0.015253734 0.981196523
1341846662.078099 -0.290109515 -0.023389839 -0.060527377 0.184366032 0.055045325 -0.015253734 0.981196523
1341846662.078099 -0.290109515 -0.023389839 -0.060527377 0.184366032 0.055045325 -0.015253734 0.981196523
1341846662.078099 -0.290109515 -0.023389839 -0.060527377 0.184366032 0.055045325 -0.015253734 0.981196523
1341846662.078099 -0.290109515 -0.023389839 -0.060527377 0.184366032 0.055045325 -0.015253734 0.981196523
1341846662.078099 -0.290109515 -0.023389839 -0.060527377 0.184366032 0.055045325 -0.015253734 0.981196523
1341846662.078099 -0.290109515 -0.023389839 -0.060527377 0.184366032 0.055045325 -0.015253734 0.981196523
1341846662.078099 -0.290109515 -0.023389839 -0.060527377 0.184366032 0.055045325 -0.015253734 0.981196523
1341846662.078099 -0.290109515 -0.023389839 -0.060527377 0.184366032 0.055045325 -0.015253734 0.981196523
1341846662.078099 -0.290109515 -0.023389839 -0.060527377 0.184366032 0.055045325 -0.015253734 0.981196523
1341846662.078099 -0.290109515 -0.023389839 -0.060527377 0.184366032 0.055045325 -0.015253734 0.981196523
1341846662.078099 -0.290109515 -0.023389839 -0.060527377 0.184366032 0.055045325 -0.015253734 0.981196523
1341846662.078099 -0.290109515 -0.023389839 -0.060527377 0.184366032 0.055045325 -0.015253734 0.981196523
1341846662.078099 -0.290109515 -0.023389839 -0.060527377 0.184366032 0.055045325 -0.015253734 0.981196523
1341846662.078099 -0.290109515 -0.023389839 -0.060527377 0.184366032 0.055045325 -0.015253734 0.981196523
1341846662.078099 -0.290109515 -0.023389839 -0.060527377 0.184366032 0.055045325 -0.015253734 0.981196523
1341846662.078099 -0.290109515 -0.023389839 -0.060527377 0.184366032 0.055045325 -0.015253734 0.981196523
1341846662.078099 -0.290109515 -0.023389839 -0.060527377 0.184366032 0.055045325 -0.015253734 0.981196523
1341846662.078099 -0.290109515 -0.023389839 -0.060527377 0.184366032 0.055045325 -0.015253734 0.981196523
1341846662.078099 -0.290109515 -0.023389839 -0.060527377 0.184366032 0.055045325 -0.015253734 0.981196523
1341846662.078099 -0.290109515 -0.023389839 -0.060527377 0.184366032 0.055045325 -0.015253734 0.981196523
1341846662.078099 -0.290109515 -0.023389839 -0.060527377 0.184366032 0.055045325 -0.015253734 0.981196523
1341846662.078099 -0.290109515 -0.023389839 -0.060527377 0.184366032 0.055045325 -0.015253734 0.981196523
1341846662.078099 -0.290109515 -0.023389839 -0.060527377 0.184366032 0.055045325 -0.015253734 0.981196523
1341846662.078099 -0.290109515 -0.023389839 -0.060527377 0.184366032 0.055045325 -0.015253734 0.981196523
1341846662.078099 -0.290109515 -0.023389839 -0.060527377 0.184366032 0.055045325 -0.015253734 0.981196523
1341846662.078099 -0.290109515 -0.023389839 -0.060527377 0.184366032 0.055045325 -0.015253734 0.981196523
1341846662.078099 -0.290109515 -0.023389839 -0.060527377 0.184366032 0.055045325 -0.015253734 0.981196523
1341846662.078099 -0.290109515 -0.023389839 -0.060527377 0.184366032 0.055045325 -0.015253734 0.981196523
1341846662.078099 -0.290109515 -0.023389839 -0.060527377 0.184366032 0.055045325 -0.015253734 0.981196523
1341846662.078099 -0.290109515 -0.023389839 -0.060527377 0.184366032 0.055045325 -0.015253734 0.981196523
1341846662.078099 -0.290109515 -0.023389839 -0.060527377 0.184366032 0.055045325 -0.015253734 0.981196523
1341846662.078099 -0.290109515 -0.023389839 -0.060527377 0.184366032 0.055045325 -0.015253734 0.981196523
1341846662.078099 -0.290109515 -0.023389839 -0.060527377 0.184366032 0.055045325 -0.015253734 0.981196523
1341846662.078099 -0.290109515 -0.023389839 -0.060527377 0.184366032 0.055045325 -0.015253734 0.981196523
1341846662.078099 -0.290109515 -0.023389839 -0.060527377 0.184366032 0.055045325 -0.015253734 0.981196523
1341846662.078099 -0.290109515 -0.023389839 -0.060527377 0.184366032 0.055045325 -0.015253734 0.981196523
1341846664.222189 -0.020827170 0.042548314 -0.030315274 0.038628664 0.015464711 -0.007537562 0.999105632
1341846664.258172 -0.020989843 0.043764040 -0.027116885 0.035078976 0.014951717 -0.007040662 0.999247909
1341846664.290022 -0.017292222 0.068837442 -0.028110253 0.031972207 0.016696103 -0.008191866 0.999315798
1341846664.322491 -0.016897567 0.069804706 -0.024255645 0.021513106 0.018467516 -0.007603540 0.999569058
1341846664.358302 -0.023765808 0.055078346 -0.027069708 0.010762479 0.019155215 -0.006836312 0.999735296
1341846664.390101 -0.021239443 0.057863485 -0.025381118 0.003432567 0.018992413 -0.008361400 0.999778807
1341846664.426143 -0.020849412 0.064345054 -0.023060588 -0.003968135 0.020437967 -0.008248962 0.999749243
1341846664.458304 -0.018134741 0.070122220 -0.021540362 -0.012418511 0.020596726 -0.007852431 0.999679923
1341846664.490116 -0.017605869 0.067283958 -0.021360010 -0.022666859 0.022539075 -0.008127070 0.999455988
1341846664.526173 -0.021600535 0.066737652 -0.020329421 -0.031137154 0.023861464 -0.007119114 0.999204934
1341846664.558129 -0.018300865 0.070727065 -0.018280363 -0.038561188 0.023105616 -0.006581982 0.998967409
1341846664.590129 -0.017033942 0.072097026 -0.016734146 -0.045822997 0.025499614 -0.007499903 0.998595953
1341846664.626196 -0.017539917 0.046238072 -0.006808043 -0.052885957 0.027296232 -0.006025224 0.998209298
1341846664.658276 -0.020679444 0.043402657 -0.006902592 -0.050179042 0.026706757 -0.004706022 0.998372078
1341846664.694136 -0.012100737 0.060554214 -0.014709921 -0.046478946 0.026437413 -0.007882537 0.998538315
1341846664.726667 -0.017487533 0.060588162 -0.011966048 -0.050432287 0.030940579 -0.007504789 0.998219907
1341846664.758141 -0.025200767 0.045515627 -0.009684807 -0.054485463 0.031369258 -0.005167125 0.998008370
1341846664.794104 -0.016880887 0.052710146 -0.013302959 -0.054233544 0.028776839 -0.006249830 0.998094022
1341846664.826123 -0.021407468 0.058928765 -0.011663907 -0.055383433 0.031006841 -0.004989231 0.997971177
1341846664.862093 -0.022595810 0.054180257 -0.009614113 -0.057624996 0.029677743 -0.002903082 0.997892916
1341846664.894198 -0.018642843 0.053021114 -0.012429610 -0.058541846 0.028752673 -0.003284505 0.997865438
1341846664.926270 -0.018011231 0.065088302 -0.013555066 -0.057751819 0.031888865 -0.003080374 0.997816801
1341846664.962375 -0.021403106 0.059745464 -0.012993852 -0.061040293 0.032404438 -0.002709852 0.997605562
1341846664.997077 -0.019294614 0.061370961 -0.014886045 -0.063432910 0.032277931 -0.004006807 0.997455955
1341846665.026380 -0.021835677 0.064224437 -0.012898242 -0.065630458 0.034279060 -0.004873443 0.997243166
1341846665.062417 -0.022822907 0.050938182 -0.013628647 -0.069401495 0.034165982 -0.003800366 0.996996343
1341846665.094077 -0.014388324 0.067636833 -0.018636603 -0.069040425 0.032331098 -0.004255062 0.997080803
1341846665.130160 -0.017489063 0.065352909 -0.017897651 -0.075282916 0.036457390 -0.003543640 0.996489286
1341846665.162114 -0.020764582 0.051473681 -0.013388291 -0.081586428 0.035576306 -0.001065635 0.996030569
1341846665.194100 -0.022598008 0.062456273 -0.016407190 -0.081422791 0.034843955 -0.002004136 0.996068418
1341846665.230221 -0.019441720 0.075230069 -0.021182787 -0.086272791 0.037546515 -0.001855345 0.995562077
1341846665.262005 -0.021006232 0.074594103 -0.022639927 -0.096620396 0.038685180 -0.001891925 0.994567513
1341846665.300077 -0.019235220 0.075776272 -0.020063166 -0.103904441 0.038117528 -0.001062779 0.993856072
1341846665.362294 -0.023536500 0.061127104 -0.012969563 -0.117096178 0.043241881 -0.001460177 0.992177725
1341846665.398079 -0.024961812 0.068474822 -0.017204177 -0.118887715 0.040729806 -0.000995391 0.992071509
1341846665.430162 0.002162392 0.101210497 -0.021395762 -0.122010760 0.037302706 -0.003281456 0.991822124
1341846665.462226 -0.020836765 0.073109142 -0.018862123 -0.139901906 0.046391621 -0.004227857 0.989068985
1341846665.498226 -0.027795501 0.082343958 -0.013873249 -0.143153444 0.044732612 -0.002124347 0.988686860
1341846665.530109 -0.024663571 0.070648305 -0.015299572 -0.146131694 0.044410408 -0.003237238 0.988262594
1341846665.562222 -0.022678839 0.070201613 -0.017253798 -0.147022307 0.045715962 -0.001454983 0.988075078
1341846665.598196 -0.023528900 0.070035748 -0.019204199 -0.149081469 0.044602759 -0.000554239 0.987818360
1341846665.630107 -0.024172263 0.082511857 -0.022926480 -0.150107920 0.045414079 -0.002164701 0.987623692
1341846665.666289 -0.028999660 0.078296781 -0.022442944 -0.155591756 0.048890091 -0.002088691 0.986608684
1341846665.698060 -0.020851655 0.068592757 -0.021739466 -0.160800472 0.045928735 -0.000577886 0.985917568
1341846665.730361 -0.023298213 0.075064294 -0.024818122 -0.162086815 0.045934882 -0.001830315 0.985705078
1341846665.766193 -0.021438550 0.078825071 -0.026674168 -0.166020200 0.047933657 -0.001866165 0.984954894
1341846665.798338 -0.022972995 0.078622825 -0.026931329 -0.169702783 0.049090523 -0.001616130 0.984270573
1341846665.834237 -0.020829232 0.080471627 -0.030326892 -0.173361212 0.048892844 -0.001699583 0.983642459
1341846665.866106 -0.014423343 0.089049622 -0.034472845 -0.178002179 0.050424136 -0.001539474 0.982736170
1341846665.898073 -0.014393102 0.088852137 -0.034820601 -0.186239377 0.053555757 -0.000677340 0.981043458
1341846665.934076 -0.018767992 0.085871108 -0.034383550 -0.191980988 0.053282972 0.000669954 0.979950964
1341846665.966137 -0.021015195 0.082047299 -0.035473377 -0.197230309 0.053854987 0.000616905 0.978876650
1341846665.998149 -0.021522662 0.087217450 -0.034857310 -0.200624272 0.057496753 0.001026619 0.977979064
1341846666.034210 -0.011287998 0.083641492 -0.033376787 -0.201720506 0.054511607 0.004029296 0.977916777
1341846666.072502 -0.016990639 0.086439073 -0.038764413 -0.202094287 0.054915708 0.003901938 0.977817416
1341846666.134147 -0.010740539 0.074297406 -0.034536529 -0.213709444 0.056566305 0.005196179 0.975244343
1341846666.166356 -0.019865496 0.078054063 -0.039667852 -0.214189664 0.056969531 0.004882752 0.975117147
1341846666.202327 -0.019036764 0.084711194 -0.041901100 -0.215359539 0.059231695 0.003972574 0.974728763
1341846666.234319 -0.015276588 0.078368679 -0.038515348 -0.219609246 0.057188354 0.004934134 0.973897815
1341846666.266322 -0.026211575 0.083766885 -0.043297052 -0.223369166 0.056571364 0.006179905 0.973071337
1341846666.302195 -0.024291461 0.137777090 -0.066352502 -0.223680601 0.058221418 0.004639844 0.972911000
1341846666.335080 -0.028442331 0.100131974 -0.044833444 -0.243766755 0.059718419 0.005203900 0.967979550
1341846666.370216 -0.027444277 0.091151640 -0.044613853 -0.252166122 0.055849258 0.006695807 0.966047764
1341846666.402019 -0.022325857 0.100001097 -0.042469658 -0.257813334 0.055400524 0.009501199 0.964558363
1341846666.434088 -0.021515880 0.082288526 -0.038101539 -0.266817421 0.056916926 0.011776418 0.961992860
1341846666.470060 -0.023625001 0.084607601 -0.038485311 -0.267726421 0.054583132 0.015577616 0.961821556
1341846666.502190 -0.019240830 0.113604516 -0.048687685 -0.267461956 0.054285448 0.018462019 0.961860895
1341846666.534121 -0.026568603 0.129648983 -0.055598799 -0.276027620 0.058871333 0.019251253 0.959151864
1341846666.570131 -0.022798065 0.094457105 -0.043332778 -0.291231632 0.057681240 0.021421148 0.954671800
1341846666.602180 -0.028911786 0.094388202 -0.047762848 -0.297550529 0.057993848 0.022792395 0.952670455
1341846666.638072 -0.015837828 0.098162599 -0.045057334 -0.304365814 0.057243217 0.022588814 0.950565338
1341846666.670134 -0.027935788 0.093555585 -0.040470518 -0.308919460 0.057742957 0.024196358 0.949025333
1341846666.738266 -0.025774790 0.102351904 -0.047841404 -0.311619043 0.054810982 0.025583837 0.948279917
1341846666.770390 -0.035119668 0.091409907 -0.044791073 -0.316054672 0.054411002 0.027539155 0.946779013
1341846666.802119 -0.031421404 0.098709002 -0.048613001 -0.315805197 0.050381456 0.030111961 0.947006941
1341846666.838108 -0.024553325 0.107556604 -0.052832730 -0.316158831 0.048061471 0.032227494 0.946939886
1341846666.870483 -0.025676740 0.108363755 -0.053071439 -0.318813920 0.047782592 0.033147380 0.946031630
1341846666.906019 -0.021062836 0.104076095 -0.058221549 -0.322494328 0.046228036 0.034378711 0.944816649
1341846666.937989 -0.020510580 0.113853328 -0.060958344 -0.324788392 0.043862034 0.034449793 0.944140851
1341846666.970036 -0.004236091 0.106588341 -0.061428387 -0.329931408 0.040670242 0.033124536 0.942546546
1341846667.006200 -0.040486556 0.119520940 -0.064978562 -0.329495877 0.047510110 0.028760422 0.942522168
1341846667.038153 -0.011555078 0.113114111 -0.067192398 -0.333705068 0.038069353 0.030120123 0.941426814
1341846667.074153 0.041778911 0.145532042 -0.082928479 -0.333816797 0.026486574 0.030367786 0.941776276
1341846667.106156 0.098060355 0.144879416 -0.082433276 -0.342113495 0.016673131 0.025624830 0.939161181
1341846667.106156 0.098060355 0.144879416 -0.082433276 -0.342113495 0.016673131 0.025624830 0.939161181
1341846667.106156 0.098060355 0.144879416 -0.082433276 -0.342113495 0.016673131 0.025624830 0.939161181
1341846667.106156 0.098060355 0.144879416 -0.082433276 -0.342113495 0.016673131 0.025624830 0.939161181
1341846667.106156 0.098060355 0.144879416 -0.082433276 -0.342113495 0.016673131 0.025624830 0.939161181
1341846667.106156 0.098060355 0.144879416 -0.082433276 -0.342113495 0.016673131 0.025624830 0.939161181
1341846667.106156 0.098060355 0.144879416 -0.082433276 -0.342113495 0.016673131 0.025624830 0.939161181
1341846667.106156 0.098060355 0.144879416 -0.082433276 -0.342113495 0.016673131 0.025624830 0.939161181
1341846667.106156 0.098060355 0.144879416 -0.082433276 -0.342113495 0.016673131 0.025624830 0.939161181
1341846667.106156 0.098060355 0.144879416 -0.082433276 -0.342113495 0.016673131 0.025624830 0.939161181
1341846667.106156 0.098060355 0.144879416 -0.082433276 -0.342113495 0.016673131 0.025624830 0.939161181
1341846667.106156 0.098060355 0.144879416 -0.082433276 -0.342113495 0.016673131 0.025624830 0.939161181
1341846667.106156 0.098060355 0.144879416 -0.082433276 -0.342113495 0.016673131 0.025624830 0.939161181
1341846667.106156 0.098060355 0.144879416 -0.082433276 -0.342113495 0.016673131 0.025624830 0.939161181
1341846667.106156 0.098060355 0.144879416 -0.082433276 -0.342113495 0.016673131 0.025624830 0.939161181
1341846667.106156 0.098060355 0.144879416 -0.082433276 -0.342113495 0.016673131 0.025624830 0.939161181
1341846667.106156 0.098060355 0.144879416 -0.082433276 -0.342113495 0.016673131 0.025624830 0.939161181
1341846667.106156 0.098060355 0.144879416 -0.082433276 -0.342113495 0.016673131 0.025624830 0.939161181
1341846667.106156 0.098060355 0.144879416 -0.082433276 -0.342113495 0.016673131 0.025624830 0.939161181
1341846667.106156 0.098060355 0.144879416 -0.082433276 -0.342113495 0.016673131 0.025624830 0.939161181
1341846667.106156 0.098060355 0.144879416 -0.082433276 -0.342113495 0.016673131 0.025624830 0.939161181
1341846667.106156 0.098060355 0.144879416 -0.082433276 -0.342113495 0.016673131 0.025624830 0.939161181
1341846667.106156 0.098060355 0.144879416 -0.082433276 -0.342113495 0.016673131 0.025624830 0.939161181
1341846667.106156 0.098060355 0.144879416 -0.082433276 -0.342113495 0.016673131 0.025624830 0.939161181
1341846667.106156 0.098060355 0.144879416 -0.082433276 -0.342113495 0.016673131 0.025624830 0.939161181
1341846667.106156 0.098060355 0.144879416 -0.082433276 -0.342113495 0.016673131 0.025624830 0.939161181
1341846667.106156 0.098060355 0.144879416 -0.082433276 -0.342113495 0.016673131 0.025624830 0.939161181
1341846667.106156 0.098060355 0.144879416 -0.082433276 -0.342113495 0.016673131 0.025624830 0.939161181
1341846667.106156 0.098060355 0.144879416 -0.082433276 -0.342113495 0.016673131 0.025624830 0.939161181
1341846667.106156 0.098060355 0.144879416 -0.082433276 -0.342113495 0.016673131 0.025624830 0.939161181
1341846667.106156 0.098060355 0.144879416 -0.082433276 -0.342113495 0.016673131 0.025624830 0.939161181
1341846667.106156 0.098060355 0.144879416 -0.082433276 -0.342113495 0.016673131 0.025624830 0.939161181
1341846667.106156 0.098060355 0.144879416 -0.082433276 -0.342113495 0.016673131 0.025624830 0.939161181
1341846667.106156 0.098060355 0.144879416 -0.082433276 -0.342113495 0.016673131 0.025624830 0.939161181
1341846667.106156 0.098060355 0.144879416 -0.082433276 -0.342113495 0.016673131 0.025624830 0.939161181
1341846667.106156 0.098060355 0.144879416 -0.082433276 -0.342113495 0.016673131 0.025624830 0.939161181
1341846667.106156 0.098060355 0.144879416 -0.082433276 -0.342113495 0.016673131 0.025624830 0.939161181
1341846667.106156 0.098060355 0.144879416 -0.082433276 -0.342113495 0.016673131 0.025624830 0.939161181
1341846667.106156 0.098060355 0.144879416 -0.082433276 -0.342113495 0.016673131 0.025624830 0.939161181
1341846667.106156 0.098060355 0.144879416 -0.082433276 -0.342113495 0.016673131 0.025624830 0.939161181
1341846667.106156 0.098060355 0.144879416 -0.082433276 -0.342113495 0.016673131 0.025624830 0.939161181
1341846667.106156 0.098060355 0.144879416 -0.082433276 -0.342113495 0.016673131 0.025624830 0.939161181
1341846667.106156 0.098060355 0.144879416 -0.082433276 -0.342113495 0.016673131 0.025624830 0.939161181
1341846667.106156 0.098060355 0.144879416 -0.082433276 -0.342113495 0.016673131 0.025624830 0.939161181
1341846667.106156 0.098060355 0.144879416 -0.082433276 -0.342113495 0.016673131 0.025624830 0.939161181
1341846667.106156 0.098060355 0.144879416 -0.082433276 -0.342113495 0.016673131 0.025624830 0.939161181
1341846667.106156 0.098060355 0.144879416 -0.082433276 -0.342113495 0.016673131 0.025624830 0.939161181
1341846667.106156 0.098060355 0.144879416 -0.082433276 -0.342113495 0.016673131 0.025624830 0.939161181
1341846667.106156 0.098060355 0.144879416 -0.082433276 -0.342113495 0.016673131 0.025624830 0.939161181
1341846667.106156 0.098060355 0.144879416 -0.082433276 -0.342113495 0.016673131 0.025624830 0.939161181
1341846667.106156 0.098060355 0.144879416 -0.082433276 -0.342113495 0.016673131 0.025624830 0.939161181
1341846667.106156 0.098060355 0.144879416 -0.082433276 -0.342113495 0.016673131 0.025624830 0.939161181
1341846667.106156 0.098060355 0.144879416 -0.082433276 -0.342113495 0.016673131 0.025624830 0.939161181
1341846667.106156 0.098060355 0.144879416 -0.082433276 -0.342113495 0.016673131 0.025624830 0.939161181
1341846667.106156 0.098060355 0.144879416 -0.082433276 -0.342113495 0.016673131 0.025624830 0.939161181
1341846667.106156 0.098060355 0.144879416 -0.082433276 -0.342113495 0.016673131 0.025624830 0.939161181
1341846667.106156 0.098060355 0.144879416 -0.082433276 -0.342113495 0.016673131 0.025624830 0.939161181
1341846667.106156 0.098060355 0.144879416 -0.082433276 -0.342113495 0.016673131 0.025624830 0.939161181
1341846667.106156 0.098060355 0.144879416 -0.082433276 -0.342113495 0.016673131 0.025624830 0.939161181
1341846667.106156 0.098060355 0.144879416 -0.082433276 -0.342113495 0.016673131 0.025624830 0.939161181
1341846667.106156 0.098060355 0.144879416 -0.082433276 -0.342113495 0.016673131 0.025624830 0.939161181
1341846667.106156 0.098060355 0.144879416 -0.082433276 -0.342113495 0.016673131 0.025624830 0.939161181
1341846667.106156 0.098060355 0.144879416 -0.082433276 -0.342113495 0.016673131 0.025624830 0.939161181
1341846667.106156 0.098060355 0.144879416 -0.082433276 -0.342113495 0.016673131 0.025624830 0.939161181
1341846667.106156 0.098060355 0.144879416 -0.082433276 -0.342113495 0.016673131 0.025624830 0.939161181
1341846667.106156 0.098060355 0.144879416 -0.082433276 -0.342113495 0.016673131 0.025624830 0.939161181
1341846667.106156 0.098060355 0.144879416 -0.082433276 -0.342113495 0.016673131 0.025624830 0.939161181
1341846667.106156 0.098060355 0.144879416 -0.082433276 -0.342113495 0.016673131 0.025624830 0.939161181
1341846667.106156 0.098060355 0.144879416 -0.082433276 -0.342113495 0.016673131 0.025624830 0.939161181
1341846667.106156 0.098060355 0.144879416 -0.082433276 -0.342113495 0.016673131 0.025624830 0.939161181
1341846667.106156 0.098060355 0.144879416 -0.082433276 -0.342113495 0.016673131 0.025624830 0.939161181
1341846667.106156 0.098060355 0.144879416 -0.082433276 -0.342113495 0.016673131 0.025624830 0.939161181
1341846667.106156 0.098060355 0.144879416 -0.082433276 -0.342113495 0.016673131 0.025624830 0.939161181
1341846667.106156 0.098060355 0.144879416 -0.082433276 -0.342113495 0.016673131 0.025624830 0.939161181
1341846667.106156 0.098060355 0.144879416 -0.082433276 -0.342113495 0.016673131 0.025624830 0.939161181
1341846667.106156 0.098060355 0.144879416 -0.082433276 -0.342113495 0.016673131 0.025624830 0.939161181
1341846667.106156 0.098060355 0.144879416 -0.082433276 -0.342113495 0.016673131 0.025624830 0.939161181
1341846667.106156 0.098060355 0.144879416 -0.082433276 -0.342113495 0.016673131 0.025624830 0.939161181
1341846667.106156 0.098060355 0.144879416 -0.082433276 -0.342113495 0.016673131 0.025624830 0.939161181
1341846667.106156 0.098060355 0.144879416 -0.082433276 -0.342113495 0.016673131 0.025624830 0.939161181
1341846667.106156 0.098060355 0.144879416 -0.082433276 -0.342113495 0.016673131 0.025624830 0.939161181
1341846667.106156 0.098060355 0.144879416 -0.082433276 -0.342113495 0.016673131 0.025624830 0.939161181
1341846667.106156 0.098060355 0.144879416 -0.082433276 -0.342113495 0.016673131 0.025624830 0.939161181
1341846667.106156 0.098060355 0.144879416 -0.082433276 -0.342113495 0.016673131 0.025624830 0.939161181
1341846667.106156 0.098060355 0.144879416 -0.082433276 -0.342113495 0.016673131 0.025624830 0.939161181
1341846667.106156 0.098060355 0.144879416 -0.082433276 -0.342113495 0.016673131 0.025624830 0.939161181
1341846667.106156 0.098060355 0.144879416 -0.082433276 -0.342113495 0.016673131 0.025624830 0.939161181
1341846667.106156 0.098060355 0.144879416 -0.082433276 -0.342113495 0.016673131 0.025624830 0.939161181
1341846667.106156 0.098060355 0.144879416 -0.082433276 -0.342113495 0.016673131 0.025624830 0.939161181
1341846670.596103 0.000000000 0.000000000 0.000000000 -0.000000000 -0.000000000 -0.000000000 1.000000000
1341846670.628412 0.008340729 0.015145583 -0.003542812 0.003712418 0.003198222 -0.003362814 0.999982357
1341846670.664027 0.018002145 0.026364138 -0.000964186 0.008180951 0.007824377 -0.008758620 0.999897599
1341846670.696002 0.036913604 0.042363264 0.003613427 0.014793315 0.012927097 -0.012292012 0.999731481
1341846670.728093 0.043072954 0.065803453 -0.004681186 0.022410212 0.019975122 -0.016206671 0.999417901
1341846670.764128 0.055882227 0.079559386 -0.008867385 0.025876651 0.026528409 -0.022223325 0.999065936
1341846670.796059 0.069900617 0.087557569 -0.001869180 0.030301455 0.034512639 -0.026357755 0.998597026
1341846670.832246 0.075203240 0.106284760 -0.003508202 0.038827121 0.039958242 -0.021997202 0.998204350
1341846670.863970 0.077499494 0.109314643 -0.004856562 0.042499971 0.042652953 -0.020565286 0.997973740
1341846670.896139 0.073184110 0.129930317 0.007756812 0.049011599 0.051667962 -0.023319673 0.997188270
1341846670.932028 0.065273024 0.147160590 0.020011827 0.059457749 0.062228382 -0.015073143 0.996175289
1341846670.964063 0.074442424 0.163093507 0.014658890 0.071496189 0.063790180 -0.006245180 0.995379388
1341846671.000270 0.081762202 0.180832610 0.004121759 0.081027508 0.066692635 -0.006766737 0.994455040
1341846671.032112 0.086440757 0.182805642 0.004430196 0.086093478 0.076372340 -0.009281549 0.993312180
1341846671.064030 0.086372420 0.181394681 0.005690271 0.090902925 0.082266748 -0.010261439 0.992402971
1341846671.101398 0.085900471 0.182503074 0.005705811 0.098806195 0.088089809 -0.017419012 0.991046965
1341846671.132289 0.089354970 0.179961562 0.012684099 0.106762320 0.094804890 -0.022601077 0.989496350
1341846671.168159 0.089881353 0.179182872 0.013593263 0.119367979 0.099835031 -0.022530586 0.987560987
1341846671.200149 0.089624986 0.179259300 0.013666602 0.130790576 0.100456826 -0.027090183 0.985935271
1341846671.232280 0.087437473 0.181297049 0.010451022 0.140305758 0.106349960 -0.036141720 0.983716309
1341846671.268147 0.087714724 0.181379214 0.010664902 0.148049980 0.113568015 -0.038761474 0.981672645
1341846671.300337 0.088227220 0.180970743 0.011718923 0.158138752 0.114687398 -0.038515069 0.979977310
1341846671.336125 0.087792397 0.182320088 0.011470150 0.166334838 0.116014883 -0.043858822 0.978238106
1341846671.368236 0.087765411 0.181307435 0.011950141 0.171095535 0.120044567 -0.046159267 0.976823926
1341846671.400327 0.087874785 0.181002229 0.011910758 0.176909894 0.118882358 -0.048054498 0.975838423
1341846671.436064 0.087565832 0.181973353 0.011478658 0.184524402 0.118910380 -0.054277714 0.974097013
1341846671.468197 0.087408066 0.181752160 0.011163141 0.188755319 0.121808074 -0.059511792 0.972621500
1341846671.504294 0.086889811 0.182066143 0.010095511 0.193440527 0.118123673 -0.063423485 0.971907914
1341846671.536197 0.087401509 0.182361364 0.010622666 0.202238232 0.113945387 -0.073548913 0.969900370
1341846671.568120 0.087409288 0.181753367 0.011421038 0.209768295 0.115985163 -0.081388123 0.967429996
1341846671.604188 0.087179311 0.183456466 0.009669593 0.217427939 0.114386551 -0.087896980 0.965357423
1341846671.636057 0.086678140 0.183720589 0.009082821 0.226494491 0.110764503 -0.095495492 0.962970436
1341846671.672157 0.086274013 0.184235811 0.007415261 0.237557381 0.108976535 -0.101918004 0.959845483
1341846671.704027 0.086699359 0.182247058 0.008886760 0.240784660 0.106981769 -0.107206546 0.958688915
1341846671.736479 0.086689211 0.182330325 0.008696934 0.242149755 0.104865283 -0.115307570 0.957638264
1341846671.774745 0.086853646 0.181755617 0.009783528 0.245553508 0.103641495 -0.121912487 0.956085384
1341846671.804605 0.086473294 0.182563394 0.008422222 0.249466017 0.099934950 -0.125338629 0.955023527
1341846671.840252 0.086718284 0.181927621 0.009442287 0.251755327 0.096529663 -0.131146044 0.953992665
1341846671.872106 0.086746871 0.182927564 0.008547620 0.254505128 0.096408382 -0.136608303 0.952507615
1341846671.904035 0.086745664 0.182863295 0.008603130 0.255249947 0.095085308 -0.140375718 0.951893330
1341846671.972239 0.086903937 0.183424711 0.008522810 0.255193323 0.095043764 -0.153975978 0.949807584
1341846672.034218 0.086742014 0.183117837 0.008065039 0.255309403 0.092648260 -0.167463914 0.947728455
1341846672.066227 0.086698093 0.183258653 0.008141095 0.255311936 0.093927138 -0.174168885 0.946392477
1341846672.098024 0.086934246 0.183134243 0.008260807 0.255985320 0.091719024 -0.179375410 0.945454180
1341846672.134061 0.086749129 0.183413059 0.007989965 0.256915748 0.090865381 -0.186253771 0.943953037
1341846672.166000 0.086532637 0.183497801 0.007835865 0.256144881 0.092130609 -0.191632926 0.942962646
1341846672.198405 0.086701222 0.183053285 0.008195746 0.255806386 0.092123725 -0.195386574 0.942284644
1341846672.234130 0.086866766 0.182884425 0.008640476 0.258493125 0.090897940 -0.200908229 0.940507710
1341846672.266403 0.086536817 0.183415398 0.007942317 0.261111557 0.091813177 -0.203544036 0.939127743
1341846672.302710 0.086555123 0.183642954 0.007341157 0.260518521 0.090867177 -0.205185443 0.939027250
1341846672.335022 0.086664289 0.183325827 0.007658802 0.259609610 0.089056700 -0.208954364 0.938621223
1341846672.366487 0.086819924 0.183514684 0.007948425 0.260333538 0.090553924 -0.212759152 0.937421978
1341846672.402478 0.086586028 0.183835223 0.007318825 0.261175364 0.090915635 -0.211011976 0.937547743
1341846672.434330 0.086663932 0.183628783 0.007432030 0.260660768 0.090483025 -0.210529938 0.937841117
1341846672.472323 0.086638704 0.183883980 0.007265568 0.261118948 0.090429798 -0.209944338 0.937850118
1341846672.534812 0.086638153 0.183893740 0.007258544 0.261909187 0.087450624 -0.208103061 0.938322484
1341846672.570153 0.086787581 0.183822930 0.007079480 0.259588778 0.084819064 -0.208193079 0.939188480
1341846672.608881 0.086811654 0.183585897 0.007762040 0.261209399 0.082779013 -0.206051141 0.939393520
1341846672.640836 0.086519852 0.184405744 0.006280109 0.260583699 0.079246573 -0.202202037 0.940707445
1341846672.708152 0.086662672 0.183731556 0.007354253 0.262117237 0.072815366 -0.188236266 0.943694651
1341846672.770288 0.086634353 0.184081808 0.006998579 0.266874909 0.063247837 -0.164341927 0.947506845
1341846672.803280 0.086806290 0.183716938 0.007344536 0.269854426 0.059024360 -0.154194131 0.948640525
1341846672.838034 0.086641952 0.183715522 0.007116020 0.272144794 0.054129332 -0.142813772 0.950058639
1341846672.870092 0.086682454 0.183519870 0.006874104 0.273878783 0.048263468 -0.133095980 0.951286793
1341846672.902275 0.086772114 0.183578268 0.007059951 0.275559574 0.043280829 -0.125378162 0.952089310
1341846672.938315 0.086606935 0.184033334 0.006156453 0.276157677 0.037097171 -0.115019016 0.953483820
1341846672.970326 0.086606480 0.183471173 0.006781680 0.275819838 0.031278759 -0.106200039 0.954812407
1341846673.008221 0.086496413 0.184561908 0.005868720 0.275536448 0.026344972 -0.097301617 0.955990613
1341846673.070235 0.086663909 0.184105337 0.006563882 0.271718115 0.015881084 -0.075431556 0.959284723
1341846673.106189 0.086702906 0.183599487 0.006993403 0.273763239 0.010513928 -0.061050341 0.959800005
1341846673.138104 0.086764671 0.184286237 0.005785966 0.276395261 0.003907039 -0.046780545 0.959896922
1341846673.170298 0.087018333 0.183523491 0.006463643 0.277708948 -0.001253133 -0.036563292 0.959968388
1341846673.206489 0.087210268 0.183306411 0.007754245 0.281535685 -0.005449269 -0.027464470 0.959142208
1341846673.238153 0.086957887 0.183705837 0.006702735 0.284438968 -0.011103311 -0.016141221 0.958493948
1341846673.274220 0.086922310 0.183493018 0.007476095 0.286900431 -0.014811386 -0.007474476 0.957816720
1341846673.306107 0.087032191 0.183063269 0.008006349 0.291301966 -0.017584782 0.000968665 0.956469059
1341846673.338187 0.087058134 0.182754904 0.008366503 0.294418842 -0.022181936 0.012342060 0.955339313
1341846673.374098 0.086552218 0.184551880 0.006936820 0.298243582 -0.024785656 0.022426868 0.953904331
1341846673.406266 0.086383991 0.184052527 0.007118801 0.300932616 -0.027509168 0.035046428 0.952604175
1341846673.438267 0.086692050 0.184048414 0.007682615 0.306063175 -0.033098470 0.048674218 0.950189829
1341846673.474135 0.086123213 0.186155394 0.005156722 0.310092986 -0.036214966 0.061956812 0.947993815
1341846673.506260 0.086549595 0.184493124 0.007250248 0.313237429 -0.040824674 0.076187961 0.945733130
1341846673.542168 0.086625285 0.184875175 0.005970309 0.314396948 -0.048335962 0.089370057 0.943838537
1341846673.574072 0.086666882 0.183585465 0.007477306 0.314748496 -0.054559048 0.100372493 0.942274928
1341846673.606102 0.086558037 0.184330970 0.006477458 0.314812005 -0.061411563 0.111884557 0.940533876
1341846673.648026 0.086941712 0.183827758 0.006603215 0.313749611 -0.071533062 0.124246344 0.938619733
1341846673.710162 0.086822949 0.183375657 0.006491145 0.307525665 -0.089756601 0.146924615 0.935833812
1341846673.742225 0.086946003 0.183666661 0.006020062 0.305164307 -0.100559443 0.160400197 0.933292210
1341846673.774298 0.087275423 0.183259770 0.006439006 0.304092020 -0.110711023 0.174891919 0.929883897
1341846673.810154 0.086799994 0.186256349 0.002653826 0.303188115 -0.119787365 0.188452661 0.926398218
1341846673.842305 0.086912662 0.192131311 -0.003910575 0.302061230 -0.128797650 0.200964123 0.922921240
1341846673.874285 0.087364852 0.194767013 -0.006555486 0.298944294 -0.136665076 0.209830895 0.920828938
1341846673.910253 0.087670453 0.195014864 -0.006097749 0.294228822 -0.144532502 0.220803171 0.918578088
1341846673.942284 0.083511099 0.194366768 -0.014211368 0.292339265 -0.148317501 0.229043961 0.916557968
1341846673.978434 0.075560421 0.188056380 -0.014560569 0.290752590 -0.149313301 0.238453761 0.914498925
1341846674.016486 0.066578090 0.180994630 -0.021095544 0.290029734 -0.147674948 0.247074917 0.912704110
1341846674.052060 0.068943359 0.189906657 -0.016215988 0.291272014 -0.150993183 0.255014271 0.909576476
1341846674.084057 0.070644513 0.186620861 -0.015800752 0.290445954 -0.151972666 0.262638807 0.907505572
1341846674.152235 0.049104109 0.174423084 -0.049212031 0.278549373 -0.151075229 0.275479138 0.907577991
1341846674.210322 0.029219430 0.178062186 -0.067690507 0.270393819 -0.151035711 0.292040795 0.904868841
1341846674.246217 0.025884029 0.176267222 -0.074089274 0.265137404 -0.154421777 0.300155133 0.903195977
1341846674.278035 0.017535023 0.174273849 -0.083221644 0.265163004 -0.155121520 0.309337080 0.899964690
1341846674.310117 0.007437594 0.173528150 -0.095524728 0.263964057 -0.155539408 0.316563904 0.897729218
1341846674.346212 0.001892716 0.170680046 -0.092837512 0.260885417 -0.156262740 0.323548704 0.896011710
1341846674.378058 -0.005539369 0.171703026 -0.100954637 0.260967374 -0.155490622 0.333646923 0.892411590
1341846674.410162 -0.016053796 0.175150990 -0.120408148 0.259882987 -0.154246956 0.340301305 0.890428960
1341846674.446125 -0.020357432 0.171990409 -0.120867461 0.256483972 -0.155973837 0.346562624 0.888697088
1341846674.478198 -0.021148501 0.166247278 -0.122760534 0.255560726 -0.155462876 0.353290915 0.886400342
1341846674.514124 -0.020977106 0.166099086 -0.123655587 0.254319608 -0.156782389 0.357378393 0.884885013
1341846674.546062 -0.020356890 0.165038556 -0.122678995 0.252604634 -0.158479437 0.362044394 0.883175552
1341846674.578094 -0.020940987 0.165418789 -0.122859150 0.252366543 -0.158210725 0.364308834 0.882360220
1341846674.614179 -0.021110939 0.166240916 -0.125142545 0.249630049 -0.158882126 0.370654851 0.880372822
1341846674.682209 -0.020960407 0.164768815 -0.121649519 0.250981718 -0.160381064 0.383102179 0.874367654
1341846674.714186 -0.020717874 0.165089592 -0.122665651 0.250371426 -0.160841376 0.391126126 0.870898724
1341846674.752271 -0.020744603 0.165056750 -0.123303071 0.248854101 -0.163130671 0.400856525 0.866472185
1341846674.814222 -0.020303667 0.164126769 -0.121561766 0.245992199 -0.164051712 0.413612902 0.861103475
1341846674.846370 -0.019786499 0.163950652 -0.121098995 0.245463148 -0.164686516 0.419917256 0.858076751
1341846674.882158 -0.021499489 0.165762663 -0.123824716 0.244064450 -0.164690167 0.426411182 0.855267882
1341846674.914224 -0.021870822 0.168409407 -0.127609238 0.241644755 -0.165836319 0.429903865 0.853984058
1341846674.950305 -0.021831255 0.168164521 -0.127268940 0.238263801 -0.167908192 0.435017645 0.851937175
1341846674.982342 -0.022408895 0.173386440 -0.132473975 0.235910088 -0.171146333 0.437669814 0.850588381
1341846675.014137 -0.024956275 0.187328786 -0.149754629 0.228440091 -0.175873175 0.437329412 0.851837277
1341846675.050230 -0.019150153 0.189732209 -0.140384078 0.220512956 -0.183184266 0.440115213 0.850950181
1341846675.088201 -0.004675277 0.199589238 -0.127227753 0.215691909 -0.189840585 0.442702323 0.849383473
1341846675.150188 0.008109331 0.224236608 -0.123172805 0.210850626 -0.193685383 0.445887357 0.848064005
1341846675.150188 0.008109331 0.224236608 -0.123172805 0.210850626 -0.193685383 0.445887357 0.848064005
1341846675.150188 0.008109331 0.224236608 -0.123172805 0.210850626 -0.193685383 0.445887357 0.848064005
1341846675.150188 0.008109331 0.224236608 -0.123172805 0.210850626 -0.193685383 0.445887357 0.848064005
1341846675.150188 0.008109331 0.224236608 -0.123172805 0.210850626 -0.193685383 0.445887357 0.848064005
1341846675.150188 0.008109331 0.224236608 -0.123172805 0.210850626 -0.193685383 0.445887357 0.848064005
1341846675.150188 0.008109331 0.224236608 -0.123172805 0.210850626 -0.193685383 0.445887357 0.848064005
1341846675.150188 0.008109331 0.224236608 -0.123172805 0.210850626 -0.193685383 0.445887357 0.848064005
1341846675.150188 0.008109331 0.224236608 -0.123172805 0.210850626 -0.193685383 0.445887357 0.848064005
1341846675.150188 0.008109331 0.224236608 -0.123172805 0.210850626 -0.193685383 0.445887357 0.848064005
1341846675.150188 0.008109331 0.224236608 -0.123172805 0.210850626 -0.193685383 0.445887357 0.848064005
1341846675.150188 0.008109331 0.224236608 -0.123172805 0.210850626 -0.193685383 0.445887357 0.848064005
1341846675.150188 0.008109331 0.224236608 -0.123172805 0.210850626 -0.193685383 0.445887357 0.848064005
1341846675.150188 0.008109331 0.224236608 -0.123172805 0.210850626 -0.193685383 0.445887357 0.848064005
1341846675.150188 0.008109331 0.224236608 -0.123172805 0.210850626 -0.193685383 0.445887357 0.848064005
1341846675.150188 0.008109331 0.224236608 -0.123172805 0.210850626 -0.193685383 0.445887357 0.848064005
1341846675.150188 0.008109331 0.224236608 -0.123172805 0.210850626 -0.193685383 0.445887357 0.848064005
1341846675.150188 0.008109331 0.224236608 -0.123172805 0.210850626 -0.193685383 0.445887357 0.848064005
1341846675.150188 0.008109331 0.224236608 -0.123172805 0.210850626 -0.193685383 0.445887357 0.848064005
1341846675.150188 0.008109331 0.224236608 -0.123172805 0.210850626 -0.193685383 0.445887357 0.848064005
1341846675.150188 0.008109331 0.224236608 -0.123172805 0.210850626 -0.193685383 0.445887357 0.848064005
1341846675.150188 0.008109331 0.224236608 -0.123172805 0.210850626 -0.193685383 0.445887357 0.848064005
1341846675.150188 0.008109331 0.224236608 -0.123172805 0.210850626 -0.193685383 0.445887357 0.848064005
1341846675.150188 0.008109331 0.224236608 -0.123172805 0.210850626 -0.193685383 0.445887357 0.848064005
1341846675.150188 0.008109331 0.224236608 -0.123172805 0.210850626 -0.193685383 0.445887357 0.848064005
1341846675.150188 0.008109331 0.224236608 -0.123172805 0.210850626 -0.193685383 0.445887357 0.848064005
1341846675.150188 0.008109331 0.224236608 -0.123172805 0.210850626 -0.193685383 0.445887357 0.848064005
1341846675.150188 0.008109331 0.224236608 -0.123172805 0.210850626 -0.193685383 0.445887357 0.848064005
1341846675.150188 0.008109331 0.224236608 -0.123172805 0.210850626 -0.193685383 0.445887357 0.848064005
1341846675.150188 0.008109331 0.224236608 -0.123172805 0.210850626 -0.193685383 0.445887357 0.848064005
1341846675.150188 0.008109331 0.224236608 -0.123172805 0.210850626 -0.193685383 0.445887357 0.848064005
1341846675.150188 0.008109331 0.224236608 -0.123172805 0.210850626 -0.193685383 0.445887357 0.848064005
1341846675.150188 0.008109331 0.224236608 -0.123172805 0.210850626 -0.193685383 0.445887357 0.848064005
1341846675.150188 0.008109331 0.224236608 -0.123172805 0.210850626 -0.193685383 0.445887357 0.848064005
1341846675.150188 0.008109331 0.224236608 -0.123172805 0.210850626 -0.193685383 0.445887357 0.848064005
1341846675.150188 0.008109331 0.224236608 -0.123172805 0.210850626 -0.193685383 0.445887357 0.848064005
1341846675.150188 0.008109331 0.224236608 -0.123172805 0.210850626 -0.193685383 0.445887357 0.848064005
1341846675.150188 0.008109331 0.224236608 -0.123172805 0.210850626 -0.193685383 0.445887357 0.848064005
1341846675.150188 0.008109331 0.224236608 -0.123172805 0.210850626 -0.193685383 0.445887357 0.848064005
1341846675.150188 0.008109331 0.224236608 -0.123172805 0.210850626 -0.193685383 0.445887357 0.848064005
1341846675.150188 0.008109331 0.224236608 -0.123172805 0.210850626 -0.193685383 0.445887357 0.848064005
1341846675.150188 0.008109331 0.224236608 -0.123172805 0.210850626 -0.193685383 0.445887357 0.848064005
1341846675.150188 0.008109331 0.224236608 -0.123172805 0.210850626 -0.193685383 0.445887357 0.848064005
1341846675.150188 0.008109331 0.224236608 -0.123172805 0.210850626 -0.193685383 0.445887357 0.848064005
1341846675.150188 0.008109331 0.224236608 -0.123172805 0.210850626 -0.193685383 0.445887357 0.848064005
1341846675.150188 0.008109331 0.224236608 -0.123172805 0.210850626 -0.193685383 0.445887357 0.848064005
1341846675.150188 0.008109331 0.224236608 -0.123172805 0.210850626 -0.193685383 0.445887357 0.848064005
1341846675.150188 0.008109331 0.224236608 -0.123172805 0.210850626 -0.193685383 0.445887357 0.848064005
1341846675.150188 0.008109331 0.224236608 -0.123172805 0.210850626 -0.193685383 0.445887357 0.848064005
1341846675.150188 0.008109331 0.224236608 -0.123172805 0.210850626 -0.193685383 0.445887357 0.848064005
1341846675.150188 0.008109331 0.224236608 -0.123172805 0.210850626 -0.193685383 0.445887357 0.848064005
1341846675.150188 0.008109331 0.224236608 -0.123172805 0.210850626 -0.193685383 0.445887357 0.848064005
1341846675.150188 0.008109331 0.224236608 -0.123172805 0.210850626 -0.193685383 0.445887357 0.848064005
1341846675.150188 0.008109331 0.224236608 -0.123172805 0.210850626 -0.193685383 0.445887357 0.848064005
1341846675.150188 0.008109331 0.224236608 -0.123172805 0.210850626 -0.193685383 0.445887357 0.848064005
1341846675.150188 0.008109331 0.224236608 -0.123172805 0.210850626 -0.193685383 0.445887357 0.848064005
1341846675.150188 0.008109331 0.224236608 -0.123172805 0.210850626 -0.193685383 0.445887357 0.848064005
1341846675.150188 0.008109331 0.224236608 -0.123172805 0.210850626 -0.193685383 0.445887357 0.848064005
1341846675.150188 0.008109331 0.224236608 -0.123172805 0.210850626 -0.193685383 0.445887357 0.848064005
1341846675.150188 0.008109331 0.224236608 -0.123172805 0.210850626 -0.193685383 0.445887357 0.848064005
1341846675.150188 0.008109331 0.224236608 -0.123172805 0.210850626 -0.193685383 0.445887357 0.848064005
1341846675.150188 0.008109331 0.224236608 -0.123172805 0.210850626 -0.193685383 0.445887357 0.848064005
1341846675.150188 0.008109331 0.224236608 -0.123172805 0.210850626 -0.193685383 0.445887357 0.848064005
1341846675.150188 0.008109331 0.224236608 -0.123172805 0.210850626 -0.193685383 0.445887357 0.848064005
1341846675.150188 0.008109331 0.224236608 -0.123172805 0.210850626 -0.193685383 0.445887357 0.848064005
1341846675.150188 0.008109331 0.224236608 -0.123172805 0.210850626 -0.193685383 0.445887357 0.848064005
1341846675.150188 0.008109331 0.224236608 -0.123172805 0.210850626 -0.193685383 0.445887357 0.848064005
1341846675.150188 0.008109331 0.224236608 -0.123172805 0.210850626 -0.193685383 0.445887357 0.848064005
1341846675.150188 0.008109331 0.224236608 -0.123172805 0.210850626 -0.193685383 0.445887357 0.848064005
1341846675.150188 0.008109331 0.224236608 -0.123172805 0.210850626 -0.193685383 0.445887357 0.848064005
1341846675.150188 0.008109331 0.224236608 -0.123172805 0.210850626 -0.193685383 0.445887357 0.848064005
1341846675.150188 0.008109331 0.224236608 -0.123172805 0.210850626 -0.193685383 0.445887357 0.848064005
1341846675.150188 0.008109331 0.224236608 -0.123172805 0.210850626 -0.193685383 0.445887357 0.848064005
1341846675.150188 0.008109331 0.224236608 -0.123172805 0.210850626 -0.193685383 0.445887357 0.848064005
1341846675.150188 0.008109331 0.224236608 -0.123172805 0.210850626 -0.193685383 0.445887357 0.848064005
1341846675.150188 0.008109331 0.224236608 -0.123172805 0.210850626 -0.193685383 0.445887357 0.848064005
1341846675.150188 0.008109331 0.224236608 -0.123172805 0.210850626 -0.193685383 0.445887357 0.848064005
1341846675.150188 0.008109331 0.224236608 -0.123172805 0.210850626 -0.193685383 0.445887357 0.848064005
1341846675.150188 0.008109331 0.224236608 -0.123172805 0.210850626 -0.193685383 0.445887357 0.848064005
1341846675.150188 0.008109331 0.224236608 -0.123172805 0.210850626 -0.193685383 0.445887357 0.848064005
1341846675.150188 0.008109331 0.224236608 -0.123172805 0.210850626 -0.193685383 0.445887357 0.848064005
1341846675.150188 0.008109331 0.224236608 -0.123172805 0.210850626 -0.193685383 0.445887357 0.848064005
1341846678.204293 0.000000000 0.000000000 0.000000000 -0.000000000 -0.000000000 -0.000000000 1.000000000
1341846678.266209 0.004755350 -0.000646224 -0.003697607 0.004137244 -0.003832411 0.000072813 0.999984145
1341846678.298316 -0.001354900 0.000746707 -0.008104146 0.004627028 -0.004516653 0.000637522 0.999978900
1341846678.334135 0.001375377 0.000622262 -0.007405834 0.004435049 -0.006776071 0.000451199 0.999967158
1341846678.366593 0.005794177 -0.004801470 -0.008231673 0.005510954 -0.006884534 -0.000040347 0.999961138
1341846678.402292 0.003519956 -0.003280278 -0.008614323 0.007267340 -0.006826458 0.000677849 0.999950051
1341846678.439991 0.007311990 -0.003391170 -0.007838272 0.008042190 -0.007185492 0.000049952 0.999941885
