1341846335.138045 0.0000000 0.0000000 0.0000000 -0.0000000 -0.0000000 -0.0000000 1.0000000
1341846335.169900 -0.0067969 -0.0008932 -0.0163322 -0.0003818 -0.0024726 0.0008211 0.9999965
1341846335.206091 -0.0040035 -0.0001398 -0.0248503 -0.0010400 -0.0048633 -0.0014821 0.9999865
1341846335.239365 -0.0036693 -0.0008138 -0.0280325 -0.0009407 -0.0038949 -0.0038380 0.9999846
1341846335.305972 -0.0113883 -0.0100441 -0.0500005 0.0018607 -0.0043123 -0.0038496 0.9999816
1341846335.374005 -0.0085090 -0.0131476 -0.0731097 0.0090864 -0.0039798 -0.0027187 0.9999471
1341846335.473998 -0.0129676 -0.0077224 -0.1047642 0.0234753 0.0009778 0.0041277 0.9997154
1341846335.538040 -0.0199599 -0.0025435 -0.1259048 0.0238308 0.0063349 -0.0005797 0.9996958
1341846335.574119 -0.0245920 0.0018148 -0.1386291 0.0217020 0.0062999 -0.0000509 0.9997447
1341846335.706178 -0.0259630 0.0069138 -0.1586770 0.0211295 0.0050879 -0.0014608 0.9997628
1341846335.741982 -0.0261791 0.0074938 -0.1593674 0.0217990 0.0048185 -0.0021504 0.9997485
1341846335.806271 -0.0349594 0.0141328 -0.1863191 0.0201910 0.0053418 -0.0031487 0.9997769
1341846335.842031 -0.0346387 0.0128061 -0.1810457 0.0181063 0.0058509 -0.0021285 0.9998167
1341846335.873966 -0.0374193 0.0144169 -0.1892721 0.0194973 0.0075855 -0.0033664 0.9997755
1341846336.042129 -0.0573032 0.0005958 -0.2689329 0.0149785 0.0044369 -0.0040738 0.9998697
1341846336.078076 -0.0562233 0.0020591 -0.2714121 0.0152682 0.0019338 -0.0041862 0.9998728
1341846336.110739 -0.0575672 0.0039781 -0.2757619 0.0158480 0.0016674 -0.0057397 0.9998566
1341846336.142002 -0.0606053 0.0053599 -0.2825592 0.0158461 0.0015308 -0.0041532 0.9998647
1341846336.241891 -0.0659546 0.0115986 -0.3027322 0.0141545 -0.0019134 -0.0036773 0.9998913
1341846336.277946 -0.0719559 0.0041567 -0.3100542 0.0139390 -0.0012280 -0.0012130 0.9999014
1341846336.309977 -0.0736904 0.0060292 -0.3187140 0.0169714 -0.0040316 0.0026128 0.9998444
1341846336.346143 -0.0769050 0.0088634 -0.3357161 0.0192164 -0.0050006 0.0024051 0.9998000
1341846336.446041 -0.0846440 0.0060765 -0.3742982 0.0200715 -0.0042025 0.0011886 0.9997890
1341846336.477990 -0.0851461 0.0059817 -0.3769434 0.0189851 -0.0042830 0.0012398 0.9998098
1341846336.510056 -0.0868896 0.0059393 -0.3786824 0.0193611 -0.0036457 0.0023355 0.9998032
1341846336.546024 -0.0875768 0.0071904 -0.3810423 0.0206516 -0.0037000 0.0037787 0.9997727
1341846336.645982 -0.0924975 0.0122169 -0.4004521 0.0183130 -0.0019855 0.0040409 0.9998222
1341846336.714024 -0.0977910 0.0093569 -0.4054218 0.0183062 -0.0063217 0.0048979 0.9998004
1341846336.746016 -0.1025573 0.0046172 -0.4148160 0.0219743 -0.0085089 0.0073973 0.9996949
1341846336.778014 -0.1086041 0.0079558 -0.4283258 0.0248077 -0.0119914 0.0113122 0.9995564
1341846336.882056 -0.1115704 0.0132491 -0.4408672 0.0284864 -0.0181051 0.0124928 0.9993521
1341846336.914273 -0.1106321 0.0094583 -0.4663541 0.0312272 -0.0233349 0.0161667 0.9991091
1341846336.945998 -0.0524511 0.0234371 -0.4858973 0.0404951 -0.0376631 0.0189413 0.9982900
1341846336.981980 0.0126479 0.0340665 -0.4858879 0.0427503 -0.0524321 0.0152982 0.9975917
1341846337.014238 0.0749938 0.0502279 -0.4894201 0.0417214 -0.0643669 0.0128894 0.9969705
1341846337.046017 0.1243625 0.0569772 -0.4714690 0.0408625 -0.0736220 0.0093202 0.9964051
1341846337.082104 0.1739209 0.0593676 -0.4762923 0.0406156 -0.0811763 0.0063514 0.9958516
1341846337.114317 0.2182392 0.0704939 -0.4706606 0.0405821 -0.0902323 0.0055953 0.9950778
1341846337.150037 0.2633072 0.0831866 -0.4607073 0.0412412 -0.0988286 0.0038809 0.9942420
1341846337.181873 0.2858705 0.0832446 -0.4612877 0.0406726 -0.1016295 -0.0002295 0.9939905
1341846337.214073 0.3087298 0.0862618 -0.4670536 0.0382443 -0.1029551 -0.0034875 0.9939444
1341846337.250087 0.3174056 0.0895538 -0.4592050 0.0366156 -0.1055827 -0.0023393 0.9937335
1341846337.282028 0.3504252 0.0914876 -0.4620432 0.0382071 -0.1144158 0.0007399 0.9926977
1341846337.317920 0.3668630 0.0864977 -0.4598569 0.0369069 -0.1180791 0.0003878 0.9923180
1341846337.350018 0.3639371 0.0915473 -0.4688390 0.0354219 -0.1168341 -0.0003692 0.9925195
1341846337.382159 0.3682541 0.0881381 -0.4601407 0.0323360 -0.1172938 -0.0021691 0.9925683
1341846337.417941 0.3746814 0.0856983 -0.4589292 0.0332316 -0.1173545 -0.0025616 0.9925306
1341846337.450137 0.3827142 0.0877662 -0.4661743 0.0337741 -0.1200659 -0.0018000 0.9921896
1341846337.482096 0.3811709 0.0867940 -0.4638931 0.0320118 -0.1200872 -0.0010667 0.9922465
1341846337.518008 0.3760440 0.0829182 -0.4577187 0.0325690 -0.1196327 -0.0015457 0.9922827
1341846337.549978 0.3818392 0.0860998 -0.4667308 0.0330414 -0.1212981 -0.0025027 0.9920629
1341846337.585971 0.3815255 0.0858363 -0.4657662 0.0302463 -0.1218336 -0.0036814 0.9920828
1341846337.617903 0.3745629 0.0807843 -0.4537566 0.0309148 -0.1210566 -0.0041419 0.9921555
1341846337.650141 0.3809353 0.0856584 -0.4652410 0.0339230 -0.1224412 -0.0038572 0.9918883
1341846337.686352 0.3820908 0.0879863 -0.4683583 0.0323861 -0.1224233 -0.0033851 0.9919437
1341846337.718002 0.3833161 0.0869882 -0.4622283 0.0305032 -0.1220936 -0.0039274 0.9920420
1341846337.749920 0.3817346 0.0854842 -0.4658802 0.0295317 -0.1197575 -0.0055593 0.9923483
1341846337.786157 0.3873577 0.0904364 -0.4680086 0.0271283 -0.1178468 -0.0046356 0.9926503
1341846337.817945 0.3843051 0.0854168 -0.4557421 0.0241360 -0.1151189 -0.0039729 0.9930505
1341846337.885951 0.3859620 0.0976910 -0.4529341 0.0218110 -0.1097938 -0.0062196 0.9936956
1341846337.918223 0.3864600 0.0964554 -0.4489287 0.0169890 -0.1084109 -0.0093960 0.9939166
1341846337.985994 0.3839314 0.0970192 -0.4522540 0.0119341 -0.1054478 -0.0100501 0.9943025
1341846338.018107 0.3860258 0.0990590 -0.4400449 0.0091551 -0.1042086 -0.0092007 0.9944708
1341846338.085986 0.3855048 0.1026176 -0.4267301 0.0034809 -0.0988934 -0.0113647 0.9950271
1341846338.121875 0.3846591 0.1063782 -0.4180950 0.0025850 -0.0966653 -0.0097932 0.9952654
1341846338.154089 0.3822856 0.1105496 -0.4138345 0.0023572 -0.0958844 -0.0068299 0.9953663
1341846338.222071 0.3870922 0.1161758 -0.3975587 0.0004091 -0.0952260 -0.0057229 0.9954392
1341846338.290130 0.3847280 0.1160043 -0.3785769 -0.0005738 -0.0931957 -0.0033776 0.9956419
1341846338.321952 0.3832270 0.1202963 -0.3762075 -0.0001078 -0.0918110 -0.0022087 0.9957740
1341846338.354022 0.3825125 0.1160060 -0.3655776 -0.0012323 -0.0911071 -0.0018578 0.9958386
1341846338.454010 0.3836451 0.1208238 -0.3359393 -0.0051345 -0.0904200 -0.0019387 0.9958886
1341846338.489894 0.3854816 0.1185099 -0.3217002 -0.0072100 -0.0911452 -0.0017126 0.9958100
1341846338.589842 0.3872079 0.1280712 -0.2919089 -0.0082454 -0.0911347 -0.0034835 0.9957983
1341846338.622019 0.3884722 0.1239248 -0.2785854 -0.0079474 -0.0900642 -0.0024690 0.9959012
1341846338.657984 0.3857453 0.1287098 -0.2778766 -0.0075956 -0.0900513 -0.0002627 0.9959081
1341846338.722454 0.3872267 0.1329208 -0.2497795 -0.0095118 -0.0893603 -0.0021009 0.9959518
1341846338.925948 0.3929082 0.1382504 -0.1905619 -0.0145061 -0.0894504 -0.0048462 0.9958739
1341846338.990057 0.3949775 0.1373791 -0.1659408 -0.0142238 -0.0878222 -0.0042267 0.9960257
1341846339.057939 0.3961805 0.1444788 -0.1465033 -0.0084383 -0.0843576 -0.0041209 0.9963913
1341846339.093927 0.3933774 0.1498711 -0.1441802 -0.0096863 -0.0844932 -0.0027919 0.9963731
1341846339.126562 0.3986782 0.1533146 -0.1345775 -0.0128334 -0.0858976 -0.0048413 0.9962096
1341846339.157969 0.3989438 0.1541700 -0.1158422 -0.0151215 -0.0828332 -0.0071349 0.9964232
1341846339.194113 0.3955696 0.1558181 -0.1144722 -0.0172302 -0.0816420 -0.0054771 0.9964978
1341846339.394725 0.4149664 0.1665597 -0.0492365 -0.0328295 -0.0837736 -0.0015703 0.9959427
1341846339.496743 0.4297844 0.1626717 -0.0173347 -0.0339040 -0.0821547 -0.0046067 0.9960321
1341846339.632085 0.4361964 0.1687107 0.0228565 -0.0283615 -0.0746401 -0.0049171 0.9967951
1341846339.698896 0.4358745 0.1651428 0.0389576 -0.0285166 -0.0707410 -0.0072133 0.9970610
1341846339.762241 0.4389462 0.1631831 0.0542098 -0.0279892 -0.0691228 -0.0096402 0.9971689
1341846339.830245 0.4399621 0.1655132 0.0680096 -0.0277828 -0.0689484 -0.0082093 0.9971995
1341846339.897797 0.4479820 0.1652494 0.0850525 -0.0293648 -0.0682246 -0.0090115 0.9971970
1341846340.029925 0.4618025 0.1574397 0.1165531 -0.0268592 -0.0654560 -0.0045511 0.9974836
1341846340.066044 0.4601317 0.1562990 0.1240188 -0.0248536 -0.0635918 -0.0035320 0.9976602
1341846340.130102 0.4598280 0.1553532 0.1291072 -0.0249778 -0.0628101 -0.0040186 0.9977048
1341846340.197867 0.4603070 0.1637799 0.1495976 -0.0211958 -0.0577871 -0.0068740 0.9980803
1341846340.265859 0.4620352 0.1622541 0.1686424 -0.0233129 -0.0565670 -0.0083970 0.9980913
1341846340.334063 0.4607340 0.1658892 0.1715459 -0.0219667 -0.0550126 -0.0054828 0.9982290
1341846340.366064 0.4662964 0.1621120 0.1844393 -0.0238755 -0.0572937 -0.0058695 0.9980546
1341846340.397995 0.4699414 0.1651138 0.1941467 -0.0213278 -0.0570203 -0.0076389 0.9981160
1341846340.433895 0.4728991 0.1683614 0.2034122 -0.0201930 -0.0575770 -0.0069361 0.9981127
1341846341.170048 0.4972863 0.1742152 0.1845064 -0.0032009 -0.0747380 -0.0093801 0.9971539
1341846341.237996 0.4971287 0.1745926 0.1836888 0.0002905 -0.0747674 -0.0072862 0.9971744
1341846341.306107 0.4972665 0.1744051 0.1834993 0.0018274 -0.0752703 -0.0069474 0.9971373
1341846341.438113 0.4976987 0.1738535 0.1843568 0.0048055 -0.0756397 -0.0108000 0.9970651
1341846341.506077 0.4967247 0.1745611 0.1813819 0.0072978 -0.0747238 -0.0137967 0.9970821
1341846341.574016 0.4963247 0.1750256 0.1800542 0.0074260 -0.0789318 -0.0123780 0.9967755
1341846341.643972 0.4971324 0.1775694 0.1722181 0.0072286 -0.0811232 -0.0128235 0.9965954
1341846341.712332 0.4974202 0.1784283 0.1708532 0.0077502 -0.0854488 -0.0082654 0.9962782
1341846341.842595 0.4973547 0.1819622 0.1670419 0.0119484 -0.0884644 0.0001317 0.9960077
1341846341.942069 0.5070556 0.1542602 0.1553548 0.0140789 -0.0903471 0.0077839 0.9957804
1341846342.010161 0.5082805 0.1542633 0.1464351 0.0178889 -0.0920834 0.0123579 0.9955139
1341846342.080032 0.5198822 0.1521727 0.1445433 0.0218626 -0.0915570 0.0127612 0.9954780
1341846342.147954 0.5243140 0.1438991 0.1469248 0.0233975 -0.0933571 0.0185760 0.9951844
1341846342.211848 0.5233337 0.1457862 0.1433985 0.0274058 -0.0917268 0.0188156 0.9952292
1341846342.316068 0.5269290 0.1434079 0.1369688 0.0312499 -0.0909623 0.0196195 0.9951705
