1341845820.751833 0.0000000 0.0000000 0.0000000 -0.0000000 -0.0000000 -0.0000000 1.0000000
1341845822.391662 -0.0259642 -0.0185108 0.0004758 0.0137815 0.0166675 -0.0042880 0.9997569
1341845822.428074 -0.0325722 -0.0158112 0.0009024 0.0147207 0.0170284 -0.0043673 0.9997371
1341845823.293622 -0.0911106 -0.0294342 -0.0005473 0.0260457 0.0107321 0.0081892 0.9995697
1341845823.761810 -0.0843007 -0.0292551 0.0061710 0.0389968 0.0026113 0.0237299 0.9989542
1341845824.097956 -0.0832244 -0.0287674 0.0036210 0.0370062 -0.0171222 0.0167140 0.9990286
1341845824.130299 -0.0856093 -0.0290504 0.0029461 0.0316236 -0.0016235 0.0173155 0.9993486
1341845824.165751 -0.0819188 -0.0291846 0.0067139 0.0250615 0.0090645 0.0146902 0.9995369
1341845824.197930 -0.0781602 -0.0273869 0.0092765 0.0253935 0.0107206 0.0156947 0.9994969
1341845824.229907 -0.0857131 -0.0315181 0.0105359 0.0293344 0.0117086 0.0167904 0.9993600
1341845824.333783 -0.1017449 -0.0402837 0.0056730 0.0348992 -0.0026902 0.0169243 0.9992439
1341845824.665789 -0.1106194 -0.0453102 -0.0080781 0.0310372 -0.0279842 0.0482351 0.9979614
1341845824.701769 -0.1108005 -0.0454581 -0.0089250 0.0315765 -0.0318023 0.0505204 0.9977170
1341845824.833654 -0.1093347 -0.0454042 -0.0060672 0.0298656 -0.0430986 0.0532244 0.9972050
1341845825.037975 -0.1060127 -0.0439339 -0.0124280 0.0314400 -0.0410394 0.0496003 0.9974303
1341845825.075793 -0.1059129 -0.0424486 -0.0121285 0.0351344 -0.0427563 0.0499263 0.9972185
1341845825.107881 -0.1057575 -0.0432344 -0.0090701 0.0410508 -0.0429799 0.0532196 0.9968126
1341845825.480278 -0.1088514 -0.0355539 -0.0441372 0.0437788 -0.0557275 0.0631980 0.9954817
1341845826.819713 -0.1040292 -0.0279561 -0.0696544 0.0072552 -0.1199995 0.0753819 0.9898813
1341845826.945792 -0.1038675 -0.0294953 -0.0694845 -0.0116632 -0.1115028 0.0745001 0.9908990
1341845827.082458 -0.1092685 -0.0275517 -0.0638284 -0.0332044 -0.1054616 0.0755155 0.9909958
1341845827.349700 -0.1012208 -0.0269236 -0.0377030 -0.0402794 -0.1004421 0.0803243 0.9908769
1341845828.059622 -0.0942753 -0.0246243 -0.0236301 -0.0279127 -0.0546688 0.0704167 0.9956273
1341845828.127612 -0.0948457 -0.0250008 -0.0239799 -0.0285237 -0.0497161 0.0713285 0.9958047
1341845828.159638 -0.0945745 -0.0244988 -0.0228949 -0.0297222 -0.0465132 0.0690761 0.9960831
1341845828.291687 -0.0944136 -0.0252105 -0.0186606 -0.0262757 -0.0360099 0.0713263 0.9964564
1341845828.395928 -0.0951366 -0.0250047 -0.0184371 -0.0267355 -0.0271065 0.0709969 0.9967497
1341845828.721870 -0.0973398 -0.0249746 -0.0183847 -0.0303723 -0.0057111 0.0683182 0.9971848
1341845829.225742 -0.1033285 -0.0243113 -0.0188377 -0.0236534 0.0066023 0.0704914 0.9972101
1341845829.257763 -0.1028468 -0.0239294 -0.0177101 -0.0210565 0.0065175 0.0686032 0.9974005
1341845829.293851 -0.1035606 -0.0241121 -0.0181598 -0.0190199 0.0071831 0.0671971 0.9975325
1341845829.625785 -0.1080300 -0.0228646 -0.0222788 -0.0027439 0.0033059 0.0579750 0.9983088
1341845829.693835 -0.1105715 -0.0219928 -0.0274211 -0.0051943 0.0056413 0.0505327 0.9986930
1341845829.793840 -0.1104598 -0.0223906 -0.0255137 0.0003131 -0.0020263 0.0460354 0.9989377
1341845829.997954 -0.1106588 -0.0233669 -0.0210995 0.0052100 -0.0071961 0.0448586 0.9989539
1341845830.297873 -0.0950250 -0.0190450 -0.0235743 0.0198514 -0.0095563 0.0578338 0.9980831
1341845830.565943 -0.0996404 -0.0181357 -0.0263096 0.0248198 0.0015823 0.0474076 0.9985660
1341845831.673597 -0.1165341 -0.0131367 -0.0359471 0.0103490 0.0542214 0.0016916 0.9984739
1341845831.773629 -0.1183630 -0.0125697 -0.0366841 0.0088070 0.0655345 0.0089538 0.9977713
1341845831.805810 -0.1186986 -0.0126195 -0.0365802 0.0061135 0.0689128 0.0090013 0.9975634
1341845832.041627 -0.1231787 -0.0118357 -0.0383378 -0.0042186 0.0885433 0.0037288 0.9960564
1341845832.173988 -0.1248021 -0.0115277 -0.0384463 -0.0047206 0.0957984 -0.0001649 0.9953896
1341845832.409802 -0.1281459 -0.0111875 -0.0403165 -0.0151214 0.0969782 0.0012744 0.9951708
1341845832.442187 -0.1281447 -0.0108716 -0.0401239 -0.0160704 0.0968405 0.0001906 0.9951702
1341845832.645699 -0.1305562 -0.0102983 -0.0413809 -0.0212827 0.1032753 -0.0003281 0.9944251
1341845832.677817 -0.1311060 -0.0101514 -0.0427170 -0.0241183 0.1041240 -0.0002719 0.9942719
1341845832.810110 -0.1341938 -0.0094156 -0.0493514 -0.0272033 0.1137637 0.0039041 0.9931277
1341845833.077785 -0.1398971 -0.0063412 -0.0571508 -0.0329776 0.1297086 0.0008330 0.9910033
1341845833.113636 -0.1391941 -0.0060394 -0.0555838 -0.0324596 0.1322951 -0.0006015 0.9906785
1341845833.145767 -0.1410818 -0.0066035 -0.0573328 -0.0338070 0.1352882 -0.0004624 0.9902292
1341845833.245714 -0.1408799 -0.0056424 -0.0546959 -0.0358377 0.1400513 -0.0012842 0.9894946
1341845833.281847 -0.1431638 -0.0047483 -0.0562228 -0.0316779 0.1423862 -0.0017439 0.9893026
1341845833.581733 -0.1475987 -0.0040677 -0.0580244 -0.0319225 0.1582334 -0.0031117 0.9868807
1341845833.649899 -0.1478187 -0.0048504 -0.0580277 -0.0353136 0.1576258 -0.0022843 0.9868646
1341845833.949675 -0.1494685 -0.0037441 -0.0565145 -0.0390974 0.1577238 -0.0027398 0.9867052
1341845833.985662 -0.1506657 -0.0042722 -0.0584070 -0.0379000 0.1599878 -0.0040301 0.9863829
1341845834.018158 -0.1504589 -0.0048089 -0.0591768 -0.0412336 0.1603062 -0.0037746 0.9861985
1341845834.321783 -0.1453012 -0.0048578 -0.0549264 -0.0497188 0.1520833 -0.0105712 0.9870598
1341845834.653808 -0.1393934 -0.0070749 -0.0573710 -0.0459233 0.1342265 -0.0127843 0.9898035
1341845834.721856 -0.1342120 -0.0066635 -0.0545291 -0.0480195 0.1254222 -0.0133434 0.9908509
1341845834.889796 -0.1312556 -0.0081831 -0.0555508 -0.0465997 0.1128699 -0.0110732 0.9924547
1341845834.921771 -0.1285285 -0.0090096 -0.0554386 -0.0457880 0.1086849 -0.0101406 0.9929695
1341845834.989806 -0.1261869 -0.0101779 -0.0545667 -0.0444726 0.0991077 -0.0085172 0.9940460
1341845835.125663 -0.1245629 -0.0116848 -0.0564776 -0.0417768 0.0834612 -0.0033332 0.9956294
1341845835.258001 -0.1223394 -0.0121541 -0.0574544 -0.0366974 0.0683755 -0.0023969 0.9969816
1341845835.431742 -0.1167557 -0.0131279 -0.0539705 -0.0352877 0.0465006 -0.0012957 0.9982939
1341845835.493790 -0.1151804 -0.0144008 -0.0445910 -0.0317318 0.0389594 0.0002044 0.9987368
1341845835.527633 -0.1125541 -0.0155083 -0.0457699 -0.0316790 0.0335238 0.0017846 0.9989341
1341845835.693994 -0.1118866 -0.0158520 -0.0405167 -0.0235676 0.0190348 0.0084783 0.9995050
1341845835.725724 -0.1116161 -0.0156321 -0.0404266 -0.0214679 0.0201479 0.0093200 0.9995231
1341845835.761816 -0.1099290 -0.0156957 -0.0421055 -0.0183317 0.0162315 0.0132954 0.9996118
1341845836.003789 -0.1065869 -0.0156127 -0.0404190 -0.0085797 0.0044979 0.0211929 0.9997285
1341845836.172097 -0.1030134 -0.0165751 -0.0384756 -0.0039090 -0.0076579 0.0226424 0.9997067
1341845836.503945 -0.0990394 -0.0159328 -0.0406804 0.0070059 -0.0113751 0.0400924 0.9991067
1341845836.739779 -0.0976825 -0.0144567 -0.0381506 0.0146864 -0.0168588 0.0382245 0.9990190
1341845836.771652 -0.0973401 -0.0132883 -0.0382351 0.0259693 -0.0163202 0.0394125 0.9987522
1341845837.007714 -0.0993235 -0.0107473 -0.0430234 0.0444518 -0.0119372 0.0465544 0.9978548
1341845837.071715 -0.0972400 -0.0077414 -0.0365787 0.0481945 -0.0069131 0.0470087 0.9977072
1341845839.077750 -0.0918320 0.0043980 -0.0202055 0.0712312 0.0704701 -0.0351893 0.9943449
1341845839.113934 -0.0921407 0.0051666 -0.0201568 0.0736716 0.0689763 -0.0360382 0.9942414
1341845839.246198 -0.0928603 0.0056340 -0.0201396 0.0806195 0.0743674 -0.0325487 0.9934337
1341845839.950283 -0.0927579 0.0055205 -0.0194718 0.0751151 0.0852977 -0.0293263 0.9930871
1341845840.149796 -0.0933649 0.0043482 -0.0210116 0.0520403 0.0752528 -0.0238961 0.9955189
1341845840.217657 -0.0929437 0.0042138 -0.0208148 0.0415952 0.0750848 -0.0265418 0.9959557
1341845840.521810 -0.0920518 0.0017460 -0.0211834 0.0118409 0.0648481 -0.0203897 0.9976166
1341845840.585765 -0.0917997 0.0015511 -0.0211516 0.0071696 0.0613614 -0.0205140 0.9978790
1341845840.653789 -0.0910582 0.0003705 -0.0212068 -0.0008275 0.0590496 -0.0233352 0.9979820
1341845840.853661 -0.0912809 -0.0002241 -0.0225629 0.0053108 0.0518315 -0.0217020 0.9984059
1341845840.957782 -0.0914013 -0.0015073 -0.0233429 -0.0006470 0.0538886 -0.0224222 0.9982949
1341845841.021755 -0.0904879 -0.0012926 -0.0220924 -0.0023203 0.0547865 -0.0206486 0.9982819
1341845841.425648 -0.0921967 -0.0035109 -0.0255444 0.0114804 0.0472213 -0.0263075 0.9984720
1341845841.525800 -0.0931306 -0.0049024 -0.0265031 0.0170316 0.0459353 -0.0155225 0.9986786
1341845841.893840 -0.0923557 -0.0075236 -0.0260506 0.0135373 0.0340342 -0.0040444 0.9993208
1341845841.961799 -0.0928491 -0.0078455 -0.0268126 0.0138765 0.0318152 -0.0033252 0.9993919
1341845842.298056 -0.0939769 -0.0089882 -0.0294125 0.0099537 0.0254368 0.0067303 0.9996042
1341845842.330531 -0.0949710 -0.0092548 -0.0309137 0.0102545 0.0263358 0.0084318 0.9995650
1341845842.671782 -0.0970014 -0.0101081 -0.0343989 0.0045023 0.0232034 0.0110997 0.9996590
1341845843.139742 -0.0981001 -0.0135226 -0.0374057 -0.0062963 0.0177112 0.0329055 0.9992817
1341845843.171825 -0.0989261 -0.0137757 -0.0385751 -0.0085567 0.0179653 0.0310772 0.9993189
1341845843.207907 -0.0983828 -0.0149371 -0.0383664 -0.0135710 0.0183350 0.0276522 0.9993573
1341845843.240014 -0.0981399 -0.0152231 -0.0385660 -0.0173930 0.0166316 0.0264535 0.9993603
1341845843.637854 -0.0970252 -0.0208902 -0.0386302 -0.0378066 0.0206564 0.0248310 0.9987629
1341845843.669935 -0.0973295 -0.0209855 -0.0377184 -0.0385909 0.0231523 0.0260323 0.9986476
1341845843.973843 -0.0999129 -0.0234937 -0.0396800 -0.0360577 0.0475037 0.0341070 0.9976372
1341845844.073843 -0.0987543 -0.0247947 -0.0415907 -0.0365676 0.0503180 0.0320457 0.9975490
1341845846.149729 -0.0912895 0.2047640 -0.0607968 -0.1034117 -0.0022830 0.0103086 0.9945827
1341845847.021791 -0.0893847 0.2004291 -0.0692803 -0.1171408 0.0043341 0.0123772 0.9930288
1341845847.289652 -0.0826552 0.1256587 -0.0669473 -0.0961010 0.0034066 0.0134265 0.9952752
1341845848.903622 -0.0683403 -0.2104665 -0.1047437 -0.0941765 -0.0094110 0.0186165 0.9953369
1341845849.873756 -0.0772310 -0.1488806 0.1207385 -0.0797759 0.0303511 0.0052333 0.9963369
1341845850.311979 -0.0896792 -0.1337536 0.2236542 -0.0862571 0.0247634 -0.0059238 0.9959475
1341845851.681977 -0.0592338 -0.0844906 0.4417603 -0.0878952 0.0178079 0.0157210 0.9958465
1341845851.745927 -0.0654228 -0.0756463 0.4463926 -0.0854578 0.0176374 0.0173049 0.9960353
1341845851.813848 -0.0529336 -0.0778008 0.4522748 -0.0860258 0.0151531 0.0130271 0.9960925
1341845851.881832 -0.0487983 -0.0891133 0.4589477 -0.0857983 0.0137931 0.0113915 0.9961519
1341845852.121076 -0.0356745 -0.0830116 0.4421120 -0.0784091 0.0271852 -0.0026773 0.9965470
1341845852.190660 -0.0374778 -0.0866361 0.4368718 -0.0785334 0.0342662 -0.0005573 0.9963223
1341845852.989721 -0.0804561 -0.1102602 0.2788657 -0.0830761 0.0267179 0.0099155 0.9961357
1341845853.159690 -0.0919634 -0.1194963 0.2456735 -0.0887328 0.0202022 0.0067871 0.9958275
1341845854.497796 -0.1724685 -0.1402312 -0.0380731 -0.0847647 0.0229981 0.0117061 0.9960667
1341845854.729806 -0.1759713 -0.1447336 -0.0577469 -0.0818447 0.0198914 0.0021664 0.9964442
1341845855.201780 -0.1971325 -0.1513327 -0.1398745 -0.0872824 0.0124986 0.0024221 0.9961023
1341845860.325872 -0.1487293 -0.2451287 -0.4561008 -0.0933399 -0.0021980 -0.0357813 0.9949887
1341845860.361673 -0.1474423 -0.2453173 -0.4579670 -0.0922209 -0.0045384 -0.0369780 0.9950414
1341845860.706028 -0.1426821 -0.2419563 -0.4721933 -0.0925308 -0.0262485 -0.0343046 0.9947725
1341845860.736338 -0.1470381 -0.2337486 -0.4791043 -0.0923289 -0.0271680 -0.0331835 0.9948046
1341845860.772400 -0.1505743 -0.2372373 -0.4756971 -0.0947807 -0.0303442 -0.0307467 0.9945605
1341845862.107644 -0.1160947 -0.2484124 -0.4469152 -0.0824812 -0.0377441 -0.0427854 0.9949582
1341845862.243827 -0.1161254 -0.2343683 -0.4496855 -0.0913085 -0.0296667 -0.0506454 0.9940914
1341845862.511723 -0.1011417 -0.2421414 -0.4381227 -0.0859487 -0.0152776 -0.0330652 0.9956335
1341845863.015854 -0.1070432 -0.2401531 -0.4447772 -0.0796013 -0.0021921 -0.0353110 0.9961988
1341845863.183716 -0.1073203 -0.2421383 -0.4452394 -0.0791617 -0.0043220 -0.0363960 0.9961878
1341845863.251883 -0.1075516 -0.2392354 -0.4469115 -0.0803305 -0.0037267 -0.0368136 0.9960813
