1341846647.802247 0.000000000 0.000000000 0.000000000 -0.000000000 -0.000000000 -0.000000000 1.000000000
1341846647.834093 0.001013232 -0.001821930 -0.000470839 0.000478540 0.000244755 0.001390164 0.999998927
1341846647.866652 0.011664241 -0.002389852 -0.006000117 0.001797311 0.001156430 0.003726166 0.999990821
1341846647.901972 0.009508156 0.001155367 -0.005722256 0.002252191 0.003895041 0.003820392 0.999982595
1341846647.934224 0.006246901 0.005520291 -0.006737679 0.001531602 0.004743698 0.003293599 0.999982178
1341846647.970225 0.010321071 0.002708659 -0.006714276 0.000675421 0.002536843 0.004521006 0.999986351
1341846648.002341 0.013505845 0.010824871 -0.007682768 0.001156152 0.001347060 0.004499765 0.999988317
1341846648.034343 0.010820184 0.016073495 -0.006333032 -0.000351768 0.000411617 0.002305751 0.999997199
1341846648.070164 0.013170248 0.009506281 -0.010134236 -0.002492473 -0.003054378 0.003041640 0.999987602
1341846648.102152 0.007853936 0.010274822 -0.012368536 -0.001575968 -0.005295733 0.003351067 0.999979138
1341846648.138185 0.025143148 0.013984663 -0.015749767 -0.001836409 -0.009419607 0.003989885 0.999945998
1341846648.170568 0.019827859 0.015651369 -0.019672025 -0.004263945 -0.010381075 0.003325474 0.999931574
1341846648.202106 0.019303031 0.011772043 -0.018790336 -0.006087832 -0.014686920 0.003174226 0.999868631
1341846648.238157 0.019534932 0.010799881 -0.020861896 -0.005480733 -0.019832511 0.003327183 0.999782741
1341846648.270152 0.023715312 0.020386526 -0.028176345 -0.006352508 -0.025690066 0.000672390 0.999649584
1341846648.302183 0.025791373 0.025130956 -0.029162064 -0.010884270 -0.030593872 -0.004290180 0.999463499
1341846648.338170 0.038252249 0.003287175 -0.027224688 -0.018311260 -0.037477829 -0.006687399 0.999107301
1341846648.370216 0.026987223 0.001363085 -0.039429389 -0.020523185 -0.042385824 -0.007080096 0.998865426
1341846648.406052 0.040326998 0.000696238 -0.031148426 -0.021996722 -0.055866793 -0.005665982 0.998179853
1341846648.438342 0.038886644 0.004760675 -0.032988634 -0.021170786 -0.060777541 -0.003969152 0.997918904
1341846648.470076 0.038121358 0.007510149 -0.036088396 -0.022030419 -0.065755025 -0.003716467 0.997585654
1341846648.506263 0.042661164 0.016692825 -0.037155818 -0.023506651 -0.072851107 -0.004824929 0.997054100
1341846648.538249 0.040290657 0.010521603 -0.037070189 -0.028006893 -0.078360893 -0.005526374 0.996516287
1341846648.570179 0.070126541 0.006580580 -0.033461932 -0.032219794 -0.087036178 -0.005215744 0.995670319
1341846648.606081 0.044230867 0.012838427 -0.048924297 -0.033163659 -0.085739329 -0.008514561 0.995729148
1341846648.638395 0.072059102 -0.005199368 -0.020170644 -0.036586538 -0.102054700 -0.009429283 0.994061053
1341846648.674053 0.076877080 -0.005116859 -0.022573698 -0.034941383 -0.106061727 -0.010603169 0.993688941
1341846648.706058 0.070823997 -0.006783476 -0.040519543 -0.035976075 -0.111147881 -0.008666887 0.993114769
1341846648.738116 0.096399091 -0.004201216 -0.019550910 -0.035629731 -0.126060635 -0.008397185 0.991346955
1341846648.774049 0.086088508 -0.003909045 -0.016367491 -0.032526821 -0.126174405 -0.010121861 0.991423070
1341846648.805941 0.104996808 -0.022354186 -0.022917859 -0.035200913 -0.132361799 -0.004764152 0.990564764
1341846648.838602 0.117063746 -0.009864281 -0.018207978 -0.033664770 -0.142503887 -0.004146450 0.989212930
1341846648.874088 0.115887493 0.005151133 -0.026488749 -0.032527946 -0.144642726 -0.006665182 0.988926709
1341846648.906165 0.148503155 -0.014883822 0.002691619 -0.039387267 -0.156750992 -0.002189796 0.986850023
1341846648.942154 0.180159062 -0.046355464 0.001620415 -0.045737833 -0.178772166 0.006733456 0.982803762
1341846648.974090 0.164084911 -0.003275011 0.000169516 -0.039929632 -0.185544252 0.000319001 0.981824219
1341846649.006157 0.153668627 -0.003671338 0.021189118 -0.043445773 -0.188214496 -0.003551652 0.981160104
1341846649.042101 0.171300709 -0.010458232 0.025677072 -0.044325128 -0.200162083 -0.001766131 0.978758037
1341846649.074128 0.183345988 -0.002892029 0.005280107 -0.044083487 -0.207572848 -0.009773861 0.977176905
1341846649.106188 0.185594335 0.006867324 0.013776022 -0.045056194 -0.208267108 -0.019849321 0.976832032
1341846649.142042 0.181393757 -0.001455749 0.014158028 -0.049481612 -0.210081458 -0.022200573 0.976178586
1341846649.174442 0.192445263 0.003565963 0.028521482 -0.050900605 -0.217944607 -0.025443602 0.974300802
1341846649.216152 0.210035622 -0.011330431 0.039258301 -0.054452728 -0.221193716 -0.028626999 0.973287642
1341846649.248048 0.214266837 -0.017106136 0.034544744 -0.057509709 -0.221025020 -0.027181661 0.973191559
1341846649.280075 0.236377686 -0.015074853 0.024186650 -0.061548755 -0.225732714 -0.025988467 0.971895635
1341846649.316071 0.238297880 -0.013164388 0.041082639 -0.066301599 -0.227506652 -0.026284859 0.971161187
1341846649.348041 0.219408616 -0.023910213 0.060688034 -0.069816738 -0.228295088 -0.024595967 0.970773935
1341846649.383973 0.222454429 -0.020296562 0.060987379 -0.067586616 -0.232734963 -0.021565482 0.969949245
1341846649.416053 0.227580845 -0.009091504 0.045790989 -0.066178620 -0.231722027 -0.029670510 0.970074773
1341846649.448084 0.235694513 -0.012894446 0.051934980 -0.071843967 -0.229841262 -0.028669057 0.970149219
1341846649.484154 0.241107881 -0.025422044 0.063925058 -0.076509632 -0.233454376 -0.026056530 0.969002843
1341846649.516198 0.235594943 -0.021046128 0.072590001 -0.074945435 -0.234482571 -0.029774694 0.968769670
1341846649.552101 0.246815786 -0.025875606 0.075899757 -0.073860027 -0.233642057 -0.033752576 0.968925655
1341846649.616167 0.247227043 -0.028060529 0.070445776 -0.073670886 -0.235972866 -0.026566533 0.968598783
1341846649.678101 0.263264030 -0.032863509 0.076301590 -0.072963946 -0.240101054 -0.028752692 0.967574894
1341846649.710937 0.268158704 -0.048231490 0.068421878 -0.073743388 -0.246429160 -0.028579758 0.965928435
1341846649.746112 0.272939086 -0.045857783 0.082151622 -0.071899332 -0.253641427 -0.031692546 0.964101732
1341846649.778019 0.293837905 -0.039009057 0.088510044 -0.069476128 -0.261412442 -0.029891873 0.962259412
1341846649.810257 0.299187422 -0.047239456 0.076418549 -0.070039541 -0.269088537 -0.027754933 0.960164368
1341846649.846059 0.307014853 -0.026548311 0.061768971 -0.068084508 -0.277688891 -0.031674325 0.957731783
1341846649.878137 0.313479006 -0.023235541 0.072820738 -0.072243579 -0.284255624 -0.034894649 0.955385804
1341846649.914184 0.311138302 -0.035471696 0.098143958 -0.073171586 -0.290860504 -0.031496745 0.953443289
1341846649.952612 0.329227895 -0.024088342 0.101750582 -0.069833651 -0.295394361 -0.027901312 0.952411175
1341846650.014156 0.342210591 -0.036910586 0.119473368 -0.071819060 -0.299899071 -0.017900478 0.951095223
1341846650.046184 0.359310299 -0.033090122 0.126360014 -0.070331119 -0.304899395 -0.016088950 0.949647844
1341846650.078250 0.366318405 -0.031288780 0.143427357 -0.068255447 -0.305171877 -0.017362133 0.949689388
1341846650.114215 0.372529089 -0.040095352 0.140061215 -0.068373755 -0.304967821 -0.013194511 0.949813426
1341846650.146137 0.378782779 -0.045309022 0.150289312 -0.067292586 -0.308335036 -0.011101514 0.948829830
1341846650.182236 0.387950897 -0.041743640 0.163656354 -0.062364664 -0.309050918 -0.013089292 0.948908329
1341846650.214164 0.394983351 -0.045426950 0.153453380 -0.061336510 -0.307373911 -0.012244234 0.949531138
1341846650.246084 0.397675872 -0.049267679 0.156687200 -0.063400775 -0.308749169 -0.013080092 0.948937953
1341846650.282167 0.406389534 -0.045157261 0.180948585 -0.059279408 -0.309229493 -0.016567977 0.948993444
1341846650.314158 0.409045339 -0.043401796 0.157896101 -0.055403836 -0.303913236 -0.019826254 0.950880706
1341846650.350453 0.412653387 -0.049708977 0.147005633 -0.057938881 -0.303496152 -0.020854982 0.950840831
1341846650.382075 0.413745493 -0.050718971 0.167264521 -0.059627213 -0.304536670 -0.023836553 0.950333595
1341846650.414224 0.418086112 -0.053952843 0.183640435 -0.057362325 -0.301457316 -0.025689967 0.951405942
1341846650.450353 0.412376136 -0.046475161 0.164270893 -0.054928917 -0.294236600 -0.023411864 0.953865647
1341846650.484849 0.418407887 -0.046415888 0.162868366 -0.056840502 -0.291878670 -0.025107969 0.954434693
1341846650.514091 0.410173178 -0.053820029 0.177872598 -0.058049794 -0.286471844 -0.027818253 0.955923796
1341846650.550746 0.398990870 -0.057062872 0.183161542 -0.053197410 -0.279214084 -0.026885910 0.958377123
1341846650.582069 0.398366868 -0.054858394 0.172705963 -0.048788451 -0.272080541 -0.025490941 0.960698724
1341846650.618092 0.384141207 -0.041207686 0.167467326 -0.046378564 -0.264865845 -0.029949535 0.962703586
1341846650.650422 0.373121172 -0.043877337 0.173722774 -0.045440473 -0.256995082 -0.033898789 0.964748502
1341846650.682114 0.364143580 -0.050108600 0.156710386 -0.044965439 -0.249072880 -0.034602523 0.966821313
1341846650.718110 0.350018293 -0.041792687 0.150907695 -0.042898767 -0.242497250 -0.037726600 0.968468666
1341846650.750112 0.344564259 -0.033567127 0.161765307 -0.040386260 -0.236002997 -0.040712006 0.970058858
1341846650.782116 0.329723507 -0.066341117 0.154397607 -0.044258367 -0.224284992 -0.038606245 0.972752273
1341846650.818115 0.309542984 -0.067388333 0.136753350 -0.040681742 -0.217939302 -0.038324870 0.974360704
1341846650.850139 0.304015338 -0.049415499 0.131065100 -0.037283465 -0.214139342 -0.039008588 0.975311577
1341846650.886238 0.303326100 -0.035225727 0.151836544 -0.037164692 -0.203693867 -0.038913924 0.977554739
1341846650.918288 0.288077295 -0.052439060 0.152220979 -0.040376246 -0.192544267 -0.036001585 0.979796112
1341846650.950233 0.261339784 -0.048782494 0.122980528 -0.038381882 -0.181970030 -0.036194880 0.981887877
1341846650.986247 0.263838559 -0.046946611 0.138930425 -0.039441448 -0.173585564 -0.032731593 0.983484209
1341846651.050482 0.235926703 -0.052863002 0.109860174 -0.039083194 -0.152975664 -0.024534658 0.987152040
1341846651.086169 0.225906804 -0.047211409 0.115959719 -0.042189460 -0.145507932 -0.023470527 0.988178492
1341846651.118423 0.206208333 -0.056827858 0.087052487 -0.041755177 -0.132411301 -0.022807268 0.990052342
1341846651.154189 0.193529651 -0.059364457 0.077243678 -0.038034223 -0.124823771 -0.019302802 0.991261780
1341846651.186391 0.179564014 -0.058018267 0.063658096 -0.039234936 -0.117803700 -0.017018665 0.992115557
1341846651.218036 0.162533581 -0.054925341 0.057804074 -0.040283725 -0.110461839 -0.018495470 0.992891371
1341846651.254031 0.160172671 -0.057691149 0.067713134 -0.041633338 -0.106789768 -0.014900528 0.993297815
1341846651.286406 0.144186214 -0.059522592 0.057497624 -0.043836646 -0.100525320 -0.015983939 0.993839800
1341846651.318309 0.132988229 -0.066880226 0.060898919 -0.046569340 -0.096056670 -0.016194139 0.994154036
1341846651.354135 0.113931537 -0.061611973 0.052301504 -0.043873675 -0.088152878 -0.023094179 0.994872272
1341846651.386180 0.097021498 -0.068995133 0.048337348 -0.044528898 -0.079804391 -0.021743119 0.995578051
1341846651.422237 0.069287002 -0.068501003 0.040246967 -0.044625241 -0.073472090 -0.022657191 0.996040702
1341846651.492135 0.056013711 -0.054387029 0.051398966 -0.045577388 -0.067003749 -0.029758317 0.996266901
1341846651.560316 0.024564924 -0.070799269 0.053856310 -0.044781834 -0.047476064 -0.029073318 0.997444451
1341846651.622176 0.005652600 -0.075134099 0.016421767 -0.035514396 -0.034841739 -0.031790338 0.998255610
1341846651.654223 -0.000381576 -0.075924993 0.010774182 -0.031969272 -0.031688657 -0.029913440 0.998538494
1341846651.690127 -0.009918839 -0.083605610 0.002928177 -0.028933555 -0.028857335 -0.027011218 0.998799562
1341846651.722318 -0.022092277 -0.085582174 -0.012490987 -0.025735116 -0.024268894 -0.024175851 0.999081790
1341846651.754212 -0.035917744 -0.077890635 -0.022083208 -0.022900445 -0.019903680 -0.022544183 0.999285400
1341846651.790200 -0.056744289 -0.055051446 -0.018599149 -0.021163845 -0.012630120 -0.025622994 0.999367833
1341846651.822233 -0.076923840 -0.053534687 -0.009731377 -0.019578330 -0.004708509 -0.023867259 0.999512374
1341846651.858213 -0.099361457 -0.062155917 -0.013873621 -0.012242754 0.002326663 -0.021866722 0.999683261
1341846651.890237 -0.118063480 -0.061191525 -0.027178681 -0.004461557 0.009601803 -0.019760612 0.999748707
1341846651.922186 -0.101402022 -0.067525804 -0.030332081 -0.004743890 0.009605127 -0.015193949 0.999827147
1341846651.958047 -0.123667322 -0.066486388 -0.034456540 -0.001734729 0.014480293 -0.013779186 0.999798775
1341846651.990020 -0.149246916 -0.068688542 -0.017014896 0.004667201 0.023244830 -0.011326829 0.999654770
1341846652.022081 -0.148662120 -0.059518225 -0.036263373 0.012130596 0.025721481 -0.003722494 0.999588609
1341846652.058058 -0.149010167 -0.055691052 -0.045761034 0.012492540 0.025586605 -0.000458300 0.999594450
1341846652.090106 -0.153214261 -0.051006984 -0.052036364 0.011014071 0.027173404 -0.001940097 0.999568224
1341846652.126257 -0.160694093 -0.052348655 -0.060170256 0.008622472 0.031337555 -0.002269290 0.999469101
1341846652.158232 -0.177392960 -0.054238170 -0.057402249 0.006370648 0.034496982 -0.000580215 0.999384403
1341846652.190049 -0.207755744 -0.057215676 -0.065623663 0.005995823 0.040067177 -0.004642467 0.999168277
1341846652.225981 -0.202633590 -0.047667541 -0.048020672 0.008116410 0.045015480 -0.003906800 0.998945713
1341846652.258089 -0.225188926 -0.052168295 -0.058922991 0.009813155 0.053461693 0.000930067 0.998521268
1341846652.290189 -0.254279524 -0.060842644 -0.060431957 0.012355044 0.057258215 0.001688279 0.998281538
1341846652.326148 -0.255820036 -0.062298100 -0.061754983 0.019281231 0.058598787 0.004131421 0.998086929
1341846652.358184 -0.274724662 -0.050903980 -0.056439538 0.023925554 0.063633390 0.004612596 0.997675836
1341846652.394279 -0.285459101 -0.053458638 -0.061765153 0.024108049 0.065682523 0.005025550 0.997536659
1341846652.426287 -0.296821803 -0.055889718 -0.054372009 0.025704911 0.068690337 0.003013941 0.997302294
1341846652.458277 -0.308288872 -0.061058093 -0.052913662 0.027782027 0.072958238 0.003440831 0.996942043
1341846652.494100 -0.316749692 -0.056607842 -0.053107802 0.031171979 0.075521953 0.004024599 0.996648669
1341846652.526469 -0.329143763 -0.050726287 -0.056866620 0.031402040 0.080674104 0.002913233 0.996241510
1341846652.562089 -0.337526947 -0.066315666 -0.083948053 0.029849721 0.088088132 0.000534223 0.995665252
1341846652.594254 -0.348439902 -0.064628556 -0.092256710 0.033012934 0.100034177 -0.000341580 0.994436204
1341846652.626356 -0.320669085 -0.065036975 -0.057792161 0.034018885 0.107755885 0.003755069 0.993588090
1341846652.662152 -0.327215821 -0.059970737 -0.086050943 0.035761781 0.126674727 -0.001897675 0.991297662
1341846652.694113 -0.332939684 -0.073586777 -0.107477218 0.032271475 0.153563485 -0.002071191 0.987609506
1341846652.726378 -0.339888334 -0.073472634 -0.095242053 0.034708254 0.184372365 -0.004538278 0.982232988
1341846652.762129 -0.341183811 -0.067107476 -0.066953480 0.034766302 0.212591648 -0.006494345 0.976500869
1341846652.794152 -0.299904764 -0.078706093 -0.114756927 0.031084439 0.233442292 -0.006303513 0.971853256
1341846652.830250 -0.322550833 -0.074566633 -0.086046949 0.030968305 0.268918127 -0.006046406 0.962646067
1341846652.862014 -0.347781360 -0.067857802 -0.068134889 0.030057397 0.291177183 -0.006485071 0.956174850
1341846652.894426 -0.347080499 -0.068431929 -0.072217673 0.029618515 0.308111012 -0.000347202 0.950889170
1341846652.930346 -0.335912645 -0.077166162 -0.041747797 0.030347347 0.328588456 0.000989616 0.943984985
1341846652.962213 -0.347413778 -0.063482538 -0.045794606 0.030720174 0.344568312 0.001098990 0.938257873
1341846653.030292 -0.337333530 -0.077243492 -0.042467937 0.024021216 0.374615103 0.004604222 0.926857769
1341846653.062672 -0.354986548 -0.082216144 -0.035604037 0.026666090 0.390935093 0.007511491 0.920001209
1341846653.099024 -0.346971095 -0.071350090 -0.054316238 0.026121030 0.404518098 0.006551964 0.914133430
1341846653.130475 -0.347935259 -0.067935273 -0.029030949 0.022944095 0.423767209 0.006129308 0.905459762
1341846653.162620 -0.367026567 -0.073778838 -0.030329719 0.021903278 0.440370768 0.007566598 0.897516966
1341846653.198437 -0.369149238 -0.055952877 -0.025667027 0.025043290 0.452110320 0.006890545 0.891583860
1341846653.230042 -0.361895353 -0.060142450 -0.017535388 0.025890049 0.464582860 0.014184723 0.885037482
1341846653.298380 -0.373339593 -0.067253329 0.000197276 0.023594862 0.492486626 0.018721342 0.869798660
1341846653.330162 -0.379471004 -0.064356707 0.010336682 0.023851778 0.505691946 0.021437718 0.862117887
1341846653.366319 -0.388328880 -0.066737264 0.030823559 0.022207016 0.516898811 0.024636386 0.855403781
1341846653.398226 -0.379302144 -0.069523960 0.031374991 0.022086110 0.525007367 0.028291831 0.850340545
1341846653.430060 -0.400111288 -0.061187111 0.035996884 0.025832780 0.534541786 0.030540096 0.844194949
1341846653.466341 -0.400912076 -0.060745105 0.034792662 0.027462618 0.539760232 0.028530009 0.840886950
1341846653.498194 -0.400709212 -0.060724154 0.035091981 0.027066609 0.544503152 0.027533567 0.837869704
1341846653.530205 -0.398967624 -0.060353104 0.035097167 0.027153250 0.546342373 0.025279833 0.836739898
1341846653.566601 -0.402193189 -0.059068169 0.034519121 0.027980091 0.547682881 0.023332147 0.835892439
1341846653.598213 -0.401792049 -0.059896026 0.034094736 0.027357534 0.548456490 0.023965467 0.835387826
1341846653.634793 -0.402464449 -0.059309915 0.034215584 0.027090063 0.546960175 0.024371171 0.836365223
1341846653.666143 -0.387206614 -0.065435797 0.036603957 0.027069164 0.545539081 0.025512353 0.837259591
1341846653.698738 -0.410661250 -0.054156777 0.021079421 0.027038673 0.540996730 0.026315263 0.840177953
1341846653.734313 -0.412539989 -0.054700546 0.020132571 0.025299726 0.535928786 0.028575731 0.843400121
1341846653.766275 -0.424228698 -0.051398929 0.020835087 0.023222748 0.532934427 0.028348302 0.845362663
1341846653.802358 -0.424684346 -0.050003801 0.022518411 0.023057021 0.527338564 0.030364215 0.848799467
1341846653.834226 -0.427212924 -0.048642606 0.021326870 0.022235667 0.517845511 0.030059123 0.854656696
1341846653.866214 -0.426408589 -0.048489969 0.023137838 0.022100596 0.511973917 0.030949274 0.858158827
1341846653.902170 -0.422556162 -0.048820373 0.019998550 0.020123588 0.503645182 0.032132838 0.863078296
1341846653.934160 -0.414885461 -0.055340365 0.019112766 0.017452693 0.494726121 0.031745642 0.868293583
1341846653.966155 -0.434214264 -0.049009532 0.008813635 0.015829930 0.487302393 0.031287435 0.872529089
1341846654.002169 -0.429558039 -0.050941691 0.009962887 0.010559029 0.477903992 0.030089488 0.877833068
1341846654.034140 -0.439947069 -0.046829883 0.006707996 0.007537807 0.470425993 0.029418597 0.881916821
1341846654.070172 -0.430028021 -0.052578736 0.010592505 0.009850897 0.460260093 0.032029539 0.887151480
1341846654.102438 -0.412129462 -0.056406748 0.015622586 0.013435055 0.447199881 0.030322239 0.893819034
1341846654.134349 -0.422841430 -0.051014088 0.012478240 0.018423000 0.438504934 0.031623159 0.897983372
1341846654.170244 -0.435332000 -0.048882969 0.008289889 0.021518497 0.426948994 0.031449400 0.903472483
1341846654.202087 -0.419459701 -0.055345669 0.015978925 0.023088232 0.410334200 0.030276436 0.911140084
1341846654.234434 -0.408742994 -0.058682382 0.020235389 0.024352191 0.401483059 0.026455013 0.915160418
1341846654.270041 -0.413297027 -0.060511000 0.019453481 0.023898272 0.389762700 0.023699094 0.920300126
1341846654.302117 -0.405919880 -0.064415857 0.026622023 0.023423074 0.372680515 0.021538634 0.927414000
1341846654.338026 -0.398478836 -0.062419176 0.023425508 0.022200692 0.364205867 0.019674279 0.930845976
1341846654.369979 -0.397117674 -0.063470192 0.040235922 0.022410421 0.354070723 0.021036800 0.934713423
1341846654.402172 -0.431540310 -0.063079178 0.047573984 0.023694478 0.335766226 0.020646008 0.941420972
1341846654.438133 -0.384901196 -0.053684611 0.033227593 0.022938289 0.316419214 0.018161070 0.948168159
1341846654.470186 -0.387844920 -0.059114814 0.038476616 0.019791547 0.307289034 0.018163050 0.951237023
1341846654.502267 -0.423895299 -0.064409100 0.055422515 0.019842030 0.290969878 0.018418243 0.956349134
1341846654.539064 -0.358878553 -0.055394351 0.037183486 0.020157067 0.266431093 0.013152312 0.963553429
1341846654.570053 -0.356822252 -0.057743236 0.035597205 0.016816508 0.262612611 0.010700523 0.964695454
1341846654.606030 -0.383168459 -0.069511063 0.036258802 0.015438526 0.248876169 0.009730162 0.968363404
1341846654.637980 -0.335217386 -0.071254030 0.001225716 0.019357570 0.222157687 0.009491791 0.974772394
1341846654.670155 -0.334576070 -0.068329729 0.003516741 0.022092033 0.216802746 0.008475974 0.975928605
1341846654.706022 -0.330449700 -0.066463016 0.002337476 0.025601156 0.202564418 0.011719223 0.978864133
1341846654.738497 -0.321663737 -0.068530813 -0.012110290 0.030498724 0.180730760 0.013470058 0.982967377
1341846654.774056 -0.294265807 -0.052870110 -0.018557495 0.033383735 0.170618817 0.015806744 0.984644532
1341846654.806040 -0.309417218 -0.052537210 -0.012878164 0.031146027 0.161629722 0.014626333 0.986251473
1341846654.838060 -0.305553555 -0.055026025 -0.014407268 0.031207316 0.144492149 0.014603686 0.988905966
1341846654.874136 -0.288294643 -0.040379509 -0.012693276 0.031673148 0.130653501 0.015135749 0.990806460
1341846654.906209 -0.272154510 -0.045224864 -0.022274656 0.027114768 0.117738582 0.013847908 0.992577851
1341846654.938214 -0.267857343 -0.058793616 -0.036637887 0.027703322 0.100279294 0.014958396 0.994461060
1341846654.974334 -0.257084310 -0.048200022 -0.044010352 0.034555826 0.081297912 0.018419281 0.995920360
1341846655.006124 -0.250536561 -0.035551522 -0.044028182 0.034601353 0.067789830 0.018179901 0.996933758
1341846655.042239 -0.258702546 -0.054838575 -0.062033150 0.030147912 0.049622901 0.017676190 0.998156428
1341846655.074179 -0.239381433 -0.053825341 -0.056005623 0.033740338 0.025656009 0.020644926 0.998887956
1341846655.106132 -0.225275263 -0.043159038 -0.057854835 0.035727754 0.012464442 0.018284604 0.999116600
1341846655.142070 -0.254470199 -0.034707908 -0.033310067 0.034893438 -0.006245554 0.011215203 0.999308646
1341846655.174000 -0.246901900 -0.037508946 -0.022880400 0.032188434 -0.026625879 0.008603564 0.999090135
1341846655.206124 -0.231167048 -0.037669852 -0.035693556 0.029718302 -0.039925657 0.005124520 0.998747468
1341846655.242079 -0.225990772 -0.048492838 -0.024961922 0.029845463 -0.054361455 0.006513998 0.998053968
1341846655.274211 -0.185210615 -0.054403480 -0.047764383 0.032825563 -0.065886408 0.011268362 0.997223437
1341846655.310175 -0.182630777 -0.072824813 -0.056165591 0.036034264 -0.066188976 0.013872980 0.997059703
1341846655.342236 -0.181410477 -0.061460044 -0.053547718 0.045541819 -0.071918786 0.018576458 0.996197045
1341846655.374134 -0.160704911 -0.052686315 -0.055595573 0.048946768 -0.076453932 0.021718400 0.995634198
1341846655.410207 -0.169638187 -0.065469958 -0.064536743 0.048919033 -0.075666927 0.020165985 0.995728254
1341846655.442262 -0.177253276 -0.058886886 -0.044238508 0.055211157 -0.084103324 0.023325957 0.994652867
1341846655.474205 -0.165864140 -0.048174825 -0.039491381 0.057030451 -0.096128315 0.022068847 0.993488789
1341846655.510277 -0.144616082 -0.032391563 -0.035017923 0.054667693 -0.110122621 0.022243498 0.992164135
1341846655.542135 -0.147180527 -0.043478172 -0.055104632 0.048507646 -0.116905175 0.023648368 0.991675854
1341846655.578132 -0.155656755 -0.040429767 -0.052067675 0.046862241 -0.123056859 0.021126978 0.991067410
1341846655.642348 -0.141880646 -0.039332092 -0.068419620 0.040578641 -0.144721448 0.019992022 0.988437891
1341846655.678110 -0.136062741 -0.049843188 -0.056000583 0.039115172 -0.155840337 0.020688863 0.986790657
1341846655.710074 -0.105442382 -0.035661012 -0.087762281 0.043807998 -0.171183631 0.027763421 0.983873129
1341846655.748050 -0.093156964 -0.035738755 -0.075041659 0.039854053 -0.184020773 0.029946724 0.981657445
1341846655.810222 -0.097805306 -0.035641618 -0.113321379 0.037190318 -0.200368628 0.029784977 0.978561282
1341846655.846257 -0.092222005 -0.015165687 -0.124832906 0.037946887 -0.210285515 0.028843494 0.976477444
1341846655.910355 -0.080694094 -0.033615746 -0.121818304 0.028786371 -0.231215462 0.027849708 0.972077787
1341846655.946240 -0.076594219 -0.022055177 -0.100810900 0.028586470 -0.242958635 0.026523961 0.969252527
1341846655.978412 -0.065708548 -0.019179199 -0.100977950 0.025525866 -0.250404716 0.026820756 0.967433035
1341846656.014188 -0.057073001 -0.024505366 -0.102610253 0.021803174 -0.253941655 0.027556418 0.966581106
1341846656.046211 -0.052307468 -0.033123277 -0.105392121 0.018812004 -0.257244170 0.029566240 0.965710819
1341846656.078165 -0.048418149 -0.024200158 -0.112770237 0.019838363 -0.262197703 0.029430326 0.964361310
1341846656.114220 -0.046690561 -0.012916995 -0.116524577 0.019238152 -0.266659349 0.028541639 0.963176012
1341846656.146158 -0.046721973 -0.027676152 -0.123116389 0.015355541 -0.272446066 0.028615454 0.961622834
1341846656.178154 -0.043867122 -0.028081538 -0.127168447 0.015594989 -0.278649807 0.028941585 0.959829926
1341846656.214132 -0.039848790 -0.025891883 -0.125530586 0.015464740 -0.284490973 0.027732106 0.958152771
1341846656.246093 -0.027357379 -0.023780964 -0.095124334 0.015867192 -0.290792108 0.029246528 0.956207514
1341846656.282181 -0.023203460 -0.019910023 -0.096764818 0.015285346 -0.293731928 0.030411744 0.955281675
1341846656.314258 -0.025659885 -0.021943111 -0.101975113 0.013829378 -0.297896981 0.027342198 0.954106152
1341846656.346094 -0.020156397 -0.013434989 -0.108414300 0.013093540 -0.301874667 0.025694361 0.952911377
1341846656.382222 -0.023492925 -0.023996474 -0.122333892 0.009153818 -0.304637969 0.023706187 0.952129185
1341846656.414253 -0.036265820 -0.020475503 -0.083965003 0.010547311 -0.316359967 0.025669031 0.948233187
1341846656.446177 -0.020833373 -0.006503544 -0.077592529 0.008907544 -0.326916367 0.026612364 0.944636524
1341846656.482260 -0.017090837 -0.016521860 -0.081688635 0.002694270 -0.332831770 0.025289901 0.942643166
1341846656.519461 -0.012087486 -0.017702743 -0.086714029 0.003494013 -0.340232074 0.024427531 0.940017700
1341846656.582247 0.002367336 -0.009552972 -0.121770240 -0.001041028 -0.343846649 0.023472689 0.938731849
1341846656.614195 0.000127446 -0.012804125 -0.116734147 -0.002919517 -0.346401036 0.024557687 0.937760532
1341846656.649995 -0.001561992 -0.015850600 -0.129076600 -0.003214535 -0.346861184 0.023768932 0.937609732
1341846656.682076 -0.009632839 -0.017654300 -0.137762472 -0.003926133 -0.349897623 0.023026029 0.936496675
1341846656.714216 -0.002277195 -0.011864701 -0.134080023 -0.004627835 -0.354754835 0.023004856 0.934664905
1341846656.749974 -0.002999207 -0.005708809 -0.132177323 -0.006662011 -0.356538028 0.023906991 0.933951139
1341846656.782653 -0.001675768 -0.015935291 -0.139978930 -0.007778252 -0.358358681 0.023282655 0.933261216
1341846656.824388 -0.003867663 -0.007069674 -0.145370230 -0.006812882 -0.360701114 0.023074867 0.932371140
1341846656.856226 0.000638232 -0.000671601 -0.133818090 -0.009715428 -0.362654567 0.022729287 0.931595802
1341846656.892050 0.001799276 -0.007453870 -0.127396703 -0.012297965 -0.360660255 0.023357244 0.932323694
1341846656.924099 0.003734036 -0.002452347 -0.108292967 -0.011990123 -0.361187875 0.023195082 0.932127476
1341846656.956112 0.000188880 0.002607771 -0.124165051 -0.012676382 -0.353445321 0.021954481 0.935111582
1341846656.992122 -0.000879750 -0.001387859 -0.124148250 -0.014557404 -0.346403182 0.022786340 0.937695980
1341846657.024108 -0.000290690 0.004666822 -0.102718011 -0.014116292 -0.345417380 0.024356566 0.938026845
1341846657.056121 0.011394260 0.000039426 -0.090214819 -0.016214186 -0.341464430 0.026796475 0.939372718
1341846657.092006 0.008827917 -0.003683313 -0.071961842 -0.013361556 -0.331034333 0.030482130 0.943031609
1341846657.124027 0.016265647 -0.007177487 -0.058115751 -0.007019502 -0.322138250 0.034394674 0.946041644
1341846657.155973 0.012569583 -0.007407979 -0.069742315 -0.001800377 -0.309818178 0.033369884 0.950208366
1341846657.192094 0.004576008 -0.001114407 -0.091958776 0.001514824 -0.290312618 0.032893792 0.956365168
1341846657.224195 0.010893515 -0.008381880 -0.078553721 0.002307630 -0.281322539 0.030773267 0.959116995
1341846657.292164 0.007001828 -0.006181054 -0.087346867 0.005509766 -0.259282112 0.024773324 0.965468109
1341846657.354367 0.025708279 -0.011015580 -0.093407460 0.003869959 -0.243006915 0.022828395 0.969748199
1341846657.386193 0.023814084 -0.014488427 -0.088377655 0.003166791 -0.231940672 0.021052955 0.972496927
1341846657.418105 0.026750064 -0.015892416 -0.090484105 0.006009904 -0.220640853 0.021944081 0.975089729
1341846657.454277 0.039133094 -0.013999630 -0.091963276 0.007090743 -0.211672992 0.020321297 0.977103531
1341846657.486117 0.030441009 -0.013456766 -0.097751640 0.008488712 -0.196490854 0.019684341 0.980271280
1341846657.522092 0.038262326 -0.016562168 -0.061521716 0.011355404 -0.184453323 0.018255232 0.982606113
1341846657.554062 0.038485907 -0.019056486 -0.077574588 0.014054484 -0.176702052 0.018516202 0.983989894
1341846657.586078 0.061954711 -0.017893119 -0.085008271 0.013477513 -0.167954847 0.014530307 0.985595465
1341846657.622205 0.039719526 -0.019934483 -0.054193351 0.013808299 -0.150665328 0.011990988 0.988415718
1341846657.654161 0.033815801 -0.020005794 -0.061035041 0.015609089 -0.142763689 0.011889762 0.989562333
1341846657.686517 0.052364953 -0.020640453 -0.076287359 0.015542238 -0.134059742 0.009712387 0.990803778
1341846657.722061 0.047005199 -0.024212062 -0.051217876 0.017014552 -0.117533609 0.008209924 0.992889285
1341846657.754104 0.041425049 -0.019341733 -0.069707945 0.018145684 -0.108207747 0.007981231 0.993930697
1341846657.790066 0.071058057 -0.009186342 -0.018723980 0.014635105 -0.098942704 0.004159701 0.994976819
1341846657.822089 0.059540823 -0.019071160 0.003925711 0.013442185 -0.079306476 -0.000497143 0.996759534
1341846657.853972 0.056823019 -0.015733514 0.012265136 0.017953657 -0.068886541 0.004492989 0.997452796
1341846657.889993 0.068408296 -0.017707901 -0.002825475 0.015882816 -0.057580553 0.003399395 0.998208761
1341846657.922046 0.073260382 -0.040161841 -0.031654354 0.014463868 -0.043203861 0.003539393 0.998955369
1341846657.954192 0.033982869 -0.040178806 -0.018827489 0.014291597 -0.029129626 0.001923973 0.999471664
1341846657.990141 0.044214148 -0.032607187 -0.003423408 0.011845759 -0.019219508 0.001017981 0.999744654
1341846658.022419 0.056542039 -0.045878865 -0.005982098 0.012969254 -0.011148295 0.010105163 0.999802709
1341846658.090215 0.035870541 -0.042292461 0.005085368 0.013812484 0.005772553 0.002610130 0.999884605
1341846658.122355 0.032443546 -0.032873705 0.001551335 0.014454515 0.012790151 0.008766389 0.999775290
1341846658.158136 0.037050478 -0.032834381 -0.002537708 0.012661823 0.016036564 0.009413242 0.999746919
1341846658.190098 0.050408546 -0.031901591 -0.011955081 0.010738377 0.021503240 0.008045529 0.999678791
1341846658.226027 0.021109782 -0.042860746 0.014272378 0.010448364 0.031822387 0.006232275 0.999419510
1341846658.258133 0.016725345 -0.030671606 0.008020862 0.014139870 0.034541544 0.004682894 0.999292314
1341846658.290020 0.022593357 -0.031867515 0.014415266 0.012753313 0.038022459 0.000738764 0.999195218
1341846658.326239 0.005841224 -0.032291621 0.018830268 0.013214650 0.043863952 -0.002630038 0.998946667
1341846658.358248 0.001314923 -0.018895749 0.002175925 0.011516357 0.043972146 -0.005580781 0.998950839
1341846658.390215 0.014601341 -0.026667595 -0.000058513 0.004454304 0.041886043 -0.009839993 0.999064028
1341846658.426300 0.006190611 -0.036640175 0.009641623 0.001605986 0.046683799 -0.010551557 0.998852730
1341846658.458168 -0.010479462 -0.040266987 0.013561704 0.002903514 0.046265569 -0.008956776 0.998884857
1341846658.494176 -0.011053868 -0.022035252 0.004878565 0.002179923 0.041362826 -0.005526128 0.999126554
1341846658.526214 -0.005411808 -0.012443325 0.004700185 -0.007215701 0.039325532 -0.005708807 0.999184132
1341846658.558129 -0.013883137 -0.013309332 0.004326020 -0.017229551 0.037302811 -0.005285507 0.999141574
1341846658.594206 -0.037868239 0.069576964 -0.007621828 -0.026943425 0.035762277 -0.008762863 0.998958647
1341846658.626105 -0.039850745 0.028700128 0.009895175 -0.055345085 0.030547569 -0.009425174 0.997955441
1341846658.658181 -0.019243041 -0.016722457 0.006297296 -0.065645196 0.023467794 -0.007722015 0.997537196
1341846658.694141 -0.032081984 0.050767500 -0.002417905 -0.067694351 0.024493111 -0.008150270 0.997372150
1341846658.726153 -0.038919676 0.043780491 -0.002914094 -0.084891699 0.022457205 -0.003258637 0.996131837
1341846658.762100 -0.022952447 -0.022370311 0.006061273 -0.097441502 0.013078363 -0.003122908 0.995150387
1341846658.794185 -0.002942434 -0.009811704 -0.007181345 -0.098816544 0.009840535 -0.000696837 0.995056748
1341846658.826155 -0.024658034 0.016006012 -0.000846982 -0.106306665 0.016239733 -0.001863848 0.994199038
1341846658.862197 -0.053729266 -0.011746269 -0.005568932 -0.117039666 0.017568005 -0.001488745 0.992970765
1341846658.894170 0.032162167 0.012010278 -0.006264264 -0.115110010 0.003256742 0.000803993 0.993347108
1341846658.962404 0.002739584 -0.034197308 0.004604977 -0.140612587 0.012718481 0.002422698 0.989980042
1341846658.994217 0.001521707 -0.026324743 0.009794157 -0.139798805 0.010727465 0.004411963 0.990112066
1341846659.030070 0.017262008 -0.018260060 0.007823581 -0.136276707 0.009621094 0.002669533 0.990620553
1341846659.062007 0.001538034 -0.044950943 0.005261259 -0.136895031 0.011591413 0.002022050 0.990515769
1341846659.094100 0.015547648 -0.016747048 0.004329944 -0.130014628 0.008059081 0.001711690 0.991477847
1341846659.130368 0.032530345 -0.021880973 0.001568491 -0.132449582 0.008413866 -0.000552542 0.991153896
1341846659.162537 0.005862591 -0.048751581 0.007160659 -0.134365872 0.014027165 0.000578844 0.990832329
1341846659.198696 0.016169924 -0.025338007 0.006782799 -0.127280697 0.010246484 -0.000058262 0.991813838
1341846659.231286 0.029920917 -0.010264190 -0.000738307 -0.125660762 0.012697699 -0.000076973 0.991992056
1341846659.263549 0.002029211 -0.031114545 0.009418935 -0.129933342 0.018885225 0.002359451 0.991340101
1341846659.298797 0.007959840 -0.020910375 0.007674282 -0.128330782 0.016313022 0.002846554 0.991593182
1341846659.331074 0.030082449 -0.023034601 0.005242158 -0.130186155 0.014554630 0.002865903 0.991378605
1341846659.362420 0.017710462 -0.026974628 0.008202767 -0.130966485 0.018887913 0.003924696 0.991199195
1341846659.398303 0.030476179 -0.031867359 0.008809044 -0.129257277 0.015770983 0.005967473 0.991467714
1341846659.430262 0.030109486 -0.017702829 0.001667018 -0.126547098 0.015619915 0.005322397 0.991823375
1341846659.466583 0.021101311 -0.021889597 0.002156401 -0.128240466 0.020414269 0.004982236 0.991520524
1341846659.498531 0.000951079 -0.030591464 0.006114063 -0.127910808 0.023208318 0.006692580 0.991491497
1341846659.530267 0.013808712 -0.018271798 0.005402073 -0.123504870 0.019117434 0.005615809 0.992143989
1341846659.566571 0.025932269 -0.016212722 -0.001377761 -0.122487858 0.020441988 0.005634919 0.992243528
1341846659.598122 0.006804708 -0.029637923 0.003506403 -0.123062968 0.025807094 0.006145284 0.992044210
1341846659.630209 -0.000895986 -0.020863742 -0.000693268 -0.118695177 0.024253927 0.007957362 0.992602646
1341846659.666409 0.012916394 -0.009868615 -0.003459806 -0.117110893 0.021738337 0.005418207 0.992866158
1341846659.698237 -0.000973033 -0.033210874 0.001678017 -0.122342147 0.024841432 0.004859049 0.992165148
1341846659.734169 0.008928815 -0.028800402 0.000366973 -0.120448023 0.016911685 0.004309207 0.992566228
1341846659.766421 0.022293998 -0.022536714 0.003597595 -0.119717322 0.012126628 0.001005772 0.992733479
1341846659.798087 0.012564465 -0.036266729 0.000853146 -0.122002587 0.014284370 0.000957383 0.992426574
1341846659.834075 -0.001748828 -0.044032916 -0.001845975 -0.121762387 0.013396530 0.001374851 0.992467940
1341846659.866481 0.015113825 -0.031695910 0.001281652 -0.119078636 0.006248734 0.000916685 0.992864788
1341846659.898128 0.014223788 -0.037534878 0.000809366 -0.119512990 0.005134561 0.002231543 0.992816925
1341846659.934286 0.010674540 -0.037996687 -0.001589338 -0.116423048 0.003608333 0.003614312 0.993186593
1341846659.966354 0.003239373 -0.027455760 -0.004812832 -0.112309307 0.000548116 0.003668707 0.993666410
1341846660.002267 0.013422016 -0.018324817 -0.000687951 -0.109614782 -0.002690846 0.001751954 0.993969023
1341846660.034581 -0.008816312 -0.039634231 -0.004757260 -0.111264907 0.000489473 0.001156443 0.993790030
1341846660.066206 -0.018450955 -0.040915094 -0.008487179 -0.107137538 -0.002983659 0.000103088 0.994239807
1341846660.102245 0.001085352 -0.030550521 -0.001291344 -0.101691671 -0.009428077 -0.001611021 0.994769990
1341846660.140244 -0.002292430 -0.027099853 -0.004879410 -0.100251473 -0.007993103 -0.003140914 0.994925141
1341846660.202316 -0.004836479 -0.036710620 -0.006541645 -0.097314507 -0.014923395 -0.002907856 0.995137572
1341846660.234105 0.002046187 -0.034576356 -0.009259613 -0.093650989 -0.014794682 -0.003042933 0.995490551
1341846660.270168 -0.032795735 -0.090326369 -0.014648045 -0.096294053 -0.009376373 -0.003586942 0.995302379
1341846660.302258 -0.036463775 -0.098991923 -0.007578744 -0.083482362 -0.013884191 -0.004196568 0.996403754
1341846660.334349 -0.029641749 -0.065129928 -0.015243255 -0.065714650 -0.015087321 -0.006956737 0.997700214
1341846660.370214 -0.033888653 -0.062543340 -0.014049659 -0.061033465 -0.013337331 -0.008678794 0.998008907
1341846660.401986 -0.042893179 -0.055869982 -0.017488228 -0.059967596 -0.014648316 -0.009786419 0.998044848
1341846660.438062 -0.018781925 -0.064516410 -0.009152565 -0.060556319 -0.019314840 -0.009043612 0.997936964
1341846660.470191 -0.021494094 -0.068622783 -0.011882616 -0.058192387 -0.018888617 -0.008419488 0.998091161
1341846660.502233 -0.024576250 -0.063355729 -0.014362180 -0.055249859 -0.021052653 -0.007536590 0.998222172
1341846660.537985 -0.011880171 -0.053662986 -0.011043970 -0.054147620 -0.023245489 -0.008061802 0.998229802
1341846660.570279 -0.016044389 -0.069719687 -0.010952825 -0.055348631 -0.021249438 -0.005151581 0.998227656
1341846660.602130 -0.024000121 -0.071291283 -0.014184534 -0.051318016 -0.022674438 -0.001820847 0.998423278
1341846660.638256 -0.011754569 -0.054779079 -0.014538037 -0.048095103 -0.026375305 -0.002258231 0.998492002
1341846660.670338 -0.006470086 -0.065297410 -0.011586875 -0.050648421 -0.023270352 -0.001531111 0.998444259
1341846660.706457 -0.021884961 -0.078733735 -0.015171896 -0.047258563 -0.019850617 0.001510257 0.998684287
1341846660.738241 -0.012762237 -0.071929038 -0.014514623 -0.039769784 -0.022697914 0.005164542 0.998937666
1341846660.770121 -0.025790203 -0.067191713 -0.034284167 -0.036428120 -0.016119625 0.003356999 0.999200702
1341846660.806117 -0.028166732 -0.078487441 -0.033768989 -0.033043452 -0.010958889 0.003882044 0.999386370
1341846660.838338 -0.013059212 -0.088315874 -0.017784990 -0.025280263 -0.014676159 0.008004299 0.999540627
1341846660.870203 0.003766991 -0.082773581 -0.025488678 -0.016785150 -0.015612337 0.007288769 0.999710739
1341846660.906366 -0.020808509 -0.089558840 -0.029462380 -0.011902058 -0.005347816 0.005262462 0.999901056
1341846660.938063 -0.012041220 -0.108567454 -0.021452783 -0.004492224 -0.006517871 0.009019839 0.999927998
1341846660.974147 -0.003533104 -0.092863381 -0.024329729 0.010069281 -0.008105463 0.008436106 0.999880910
1341846661.006234 -0.026944881 -0.078769721 -0.028923716 0.015923532 0.000354809 0.007155736 0.999847591
1341846661.038225 -0.042291157 -0.098051190 -0.031131266 0.017197935 0.002982471 0.007187692 0.999821842
1341846661.074059 -0.015920009 -0.099620223 -0.017581068 0.030020643 -0.004137879 0.011141639 0.999478638
1341846661.106184 -0.006312787 -0.084753290 -0.018932117 0.038600869 -0.003219504 0.012222062 0.999174774
1341846661.138209 -0.010108956 -0.077661656 -0.021295495 0.037275381 -0.001774252 0.011008738 0.999242842
1341846661.174244 -0.003748418 -0.093869776 -0.016960740 0.036258589 -0.002306061 0.010829814 0.999281168
1341846661.206205 -0.012152371 -0.089604139 -0.017338244 0.040761951 -0.000444519 0.010321058 0.999115527
1341846661.242184 -0.007082625 -0.084561326 -0.018185329 0.042148419 -0.001152170 0.011577102 0.999043703
1341846661.274177 -0.004809819 -0.076391555 -0.018517600 0.041532222 -0.000593940 0.010611998 0.999080658
1341846661.308814 -0.011977599 -0.082609892 -0.017313087 0.039215378 0.000007339 0.010807380 0.999172390
1341846661.342489 -0.009260111 -0.079543397 -0.019127164 0.038996492 -0.001219098 0.010041690 0.999188185
1341846661.374640 -0.024586238 -0.081475675 -0.034485973 0.038247887 0.001687753 0.006167033 0.999247849
1341846661.410178 -0.032801479 -0.094185583 -0.031830676 0.041326478 0.000754445 0.007530115 0.999117017
1341846661.442211 -0.022848846 -0.085274942 -0.034657396 0.045985173 -0.002320183 0.008241415 0.998905480
1341846661.474354 -0.029001331 -0.076304972 -0.033521798 0.045662817 0.000331915 0.006545348 0.998935401
1341846661.510169 -0.036915954 -0.072065599 -0.035724450 0.044203158 -0.000929070 0.005861226 0.999004960
1341846661.542767 -0.014502265 -0.065986976 -0.029720869 0.038995355 -0.005900612 0.004710963 0.999210894
1341846661.574217 -0.030005584 -0.087123573 -0.022813305 0.033958580 -0.002855280 0.002331633 0.999416471
1341846661.610041 -0.028116817 -0.086817145 -0.022359319 0.037154991 -0.006815200 0.004450789 0.999276400
1341846661.642253 -0.029785441 -0.070376597 -0.020891527 0.037807390 -0.006893717 0.002272146 0.999258697
1341846661.678078 -0.034653079 -0.082235031 -0.014556131 0.035174035 -0.006235172 0.003077486 0.999357045
1341846661.710142 -0.026505886 -0.100194804 -0.021859363 0.037593670 -0.009815034 0.006079174 0.999226451
1341846661.742341 -0.031235738 -0.108341314 -0.032521881 0.045255162 -0.010662958 0.003100951 0.998913705
1341846661.778063 -0.025488747 -0.103995889 -0.026638087 0.054891855 -0.010459897 0.001444470 0.998436511
1341846661.810103 -0.029669851 -0.107459009 -0.031824484 0.061587039 -0.009920465 -0.000025905 0.998052478
1341846661.842216 -0.025044462 -0.102584459 -0.022818100 0.070476465 -0.010554316 -0.000763464 0.997457325
1341846661.878157 -0.016663942 -0.092047326 -0.024343478 0.076371491 -0.010303972 -0.000571091 0.997026086
1341846661.910222 -0.018355086 -0.092020251 -0.022864666 0.077531666 -0.007585233 -0.002093478 0.996958911
1341846661.946090 -0.021207275 -0.096463196 -0.023028284 0.080776133 -0.007075042 -0.001767932 0.996705651
1341846662.010311 -0.039234616 -0.107713096 -0.028971823 0.096348964 -0.003484838 -0.005194647 0.995327950
1341846662.046195 -0.042768378 -0.110754386 -0.031680264 0.104392119 -0.005594284 -0.005577466 0.994504869
1341846662.078099 -0.039729688 -0.105398625 -0.033803966 0.111305617 -0.006253750 -0.006022319 0.993748307
1341846662.110672 -0.039111927 -0.109903961 -0.028747855 0.118225090 -0.004121374 -0.007061796 0.992953181
1341846662.146166 -0.042776968 -0.107996546 -0.035969634 0.126131505 -0.005403518 -0.005427503 0.991983950
1341846662.178168 -0.036983926 -0.109390162 -0.036174223 0.133426383 -0.006341118 -0.004308463 0.991029084
1341846662.214136 -0.035536662 -0.114089750 -0.037149310 0.146674797 -0.004193794 -0.003229346 0.989170611
1341846662.246167 -0.039317802 -0.109883212 -0.034000814 0.156932414 -0.005653215 0.000538239 0.987593055
1341846662.278007 -0.036544561 -0.114747845 -0.043127540 0.160420492 -0.005137662 -0.001830449 0.987033725
1341846662.314144 -0.043498520 -0.106297985 -0.033411574 0.167841762 -0.002361757 -0.002801667 0.985807121
1341846662.346164 -0.045124006 -0.108432159 -0.031353168 0.172068745 -0.004157556 -0.001264232 0.985075414
1341846662.378069 -0.044810746 -0.109660275 -0.032528780 0.178845882 -0.003746235 -0.001448700 0.983868897
1341846662.414229 -0.045324691 -0.108608969 -0.028229095 0.186290085 -0.002065182 -0.000142796 0.982492626
1341846662.446102 -0.043547995 -0.106217466 -0.029371710 0.192685366 -0.004028065 0.000511939 0.981252193
1341846662.482229 -0.036514685 -0.104783855 -0.031919863 0.201819330 -0.005356760 0.001954281 0.979406238
1341846662.514117 -0.035260163 -0.106133640 -0.034262542 0.211172149 -0.004466667 0.002532307 0.977435470
1341846662.546261 -0.037941232 -0.105844565 -0.037601560 0.219297498 -0.004076920 0.004488683 0.975639224
1341846662.582101 -0.039029520 -0.108394071 -0.031483475 0.221843988 -0.002863869 0.004207263 0.975068927
1341846662.620264 -0.036518823 -0.108988807 -0.035900556 0.225288332 -0.001603265 0.005449000 0.974275649
1341846662.682024 -0.037499286 -0.109609567 -0.027168702 0.233882934 -0.002980445 0.004679783 0.972248971
1341846662.714075 -0.044354081 -0.109141991 -0.030713640 0.234939754 -0.001415389 0.006054981 0.971990049
1341846662.750127 -0.044657890 -0.112838916 -0.024436044 0.240192309 -0.002611065 0.006874394 0.970697463
1341846662.782002 -0.042971686 -0.108817726 -0.031549808 0.242642760 -0.003014208 0.007512772 0.970081985
1341846662.814097 -0.045440994 -0.108448356 -0.029783865 0.239075482 -0.003427881 0.007860878 0.970963180
1341846662.850193 -0.044159930 -0.110761166 -0.028629150 0.240734220 -0.004515396 0.008047864 0.970547199
1341846662.882162 -0.042698674 -0.105341971 -0.042912070 0.243158117 -0.005664875 0.008734087 0.969930887
1341846662.918191 -0.041834239 -0.100954711 -0.048054248 0.242002115 -0.006462601 0.008204455 0.970219553
1341846662.956034 -0.044586964 -0.108055651 -0.030906558 0.242405728 -0.006067912 0.006674011 0.970133007
1341846663.018208 -0.042059310 -0.104767680 -0.037950877 0.247536302 -0.010329893 0.008726345 0.968784273
1341846663.049994 -0.045281332 -0.108170673 -0.029306313 0.246543571 -0.009989075 0.006329192 0.969059587
1341846663.118078 -0.043600515 -0.106103666 -0.029955750 0.249353677 -0.010002792 0.004784980 0.968349040
1341846663.150227 -0.041967690 -0.105950169 -0.034810193 0.250318348 -0.009311007 0.003613109 0.968112111
1341846663.186300 -0.043051489 -0.104375832 -0.041462373 0.249385610 -0.008219181 0.002526225 0.968366146
1341846663.218442 -0.042396098 -0.106516734 -0.042178422 0.244922891 -0.008440754 0.002336122 0.969503045
1341846663.250380 -0.041153427 -0.104625538 -0.050296761 0.238455921 -0.008341216 0.002614059 0.971113980
1341846663.286056 -0.039997227 -0.100844637 -0.054262262 0.233368397 -0.008071621 0.002701994 0.972351193
1341846663.318060 -0.044949472 -0.099981204 -0.040809870 0.224597842 -0.009157424 0.003246879 0.974403143
1341846663.350114 -0.040933598 -0.102536932 -0.050155759 0.212000757 -0.010237598 0.003005330 0.977211297
1341846663.385985 -0.045334574 -0.097909391 -0.049328566 0.204254955 -0.010496646 0.002400272 0.978858531
1341846663.418056 -0.047079679 -0.094526649 -0.039997410 0.199263841 -0.012869088 0.002382416 0.979858518
1341846663.454044 -0.042109117 -0.097820558 -0.039566923 0.190944642 -0.014382736 0.004001121 0.981487274
1341846663.486091 -0.042174201 -0.095698811 -0.049668085 0.183157891 -0.014944709 0.003764316 0.982962728
1341846663.518394 -0.044597432 -0.091993615 -0.043568641 0.175568044 -0.016651254 0.006156491 0.984307230
1341846663.554251 -0.047777317 -0.090098038 -0.033914927 0.169093147 -0.016255701 0.005518861 0.985450625
1341846663.586143 -0.050846513 -0.070249617 -0.029778121 0.162586927 -0.016561098 0.006260410 0.986535370
1341846663.622145 -0.051378604 -0.078303255 -0.028282512 0.154727146 -0.018166909 0.006273743 0.987770319
1341846663.654099 -0.046065457 -0.074230500 -0.020575389 0.149033085 -0.019460496 0.004984421 0.988628149
1341846663.686099 -0.050723284 -0.060640994 -0.031837266 0.140108213 -0.019169869 0.002644094 0.989947140
1341846663.722109 -0.045406826 -0.069348767 -0.021554353 0.130648643 -0.020146782 0.005329002 0.991209686
1341846663.755694 -0.036780514 -0.063736431 -0.019921927 0.125995845 -0.020127466 0.006362963 0.991806209
1341846663.786304 -0.039285880 -0.022298442 -0.026762810 0.117422342 -0.017314244 0.001915102 0.992929280
1341846663.822090 -0.045804821 -0.027591841 -0.025129477 0.098304227 -0.015879827 0.001999009 0.995027721
1341846663.854115 -0.039055854 -0.063240357 -0.025393050 0.086361229 -0.016091799 0.001947027 0.996132076
1341846663.890140 -0.036477078 -0.000177458 -0.035621572 0.082367301 -0.014687177 0.000462077 0.996493757
1341846663.921987 -0.041448623 -0.021670239 -0.030260948 0.057892598 -0.011920267 -0.001682019 0.998250246
1341846663.954282 -0.037699480 -0.056863125 -0.033729039 0.039540716 -0.011702223 -0.002335946 0.999146760
1341846663.990370 -0.032622125 -0.041902643 -0.033636533 0.032060500 -0.009235358 -0.003337687 0.999437690
1341846664.022124 -0.045285232 -0.019522503 -0.035690181 0.020410322 -0.005066789 -0.005278920 0.999764979
1341846664.054171 -0.042625181 -0.023942482 -0.037547510 0.005180121 -0.004548278 -0.005695860 0.999960065
1341846664.090250 -0.043879803 -0.044014178 -0.033735503 -0.008085084 -0.002611902 -0.005378426 0.999949515
1341846664.122237 -0.047750607 -0.052055765 -0.032958545 -0.014878481 -0.001863324 -0.004871558 0.999875784
1341846664.158241 -0.049743194 -0.035801195 -0.035627082 -0.018658569 -0.002269755 -0.005364386 0.999808967
1341846664.190141 -0.036761433 -0.028052138 -0.038597759 -0.027623676 -0.003618538 -0.006258273 0.999592245
1341846664.222189 -0.049601652 -0.037492178 -0.032749381 -0.037774839 -0.000501323 -0.007581129 0.999257445
1341846664.258172 -0.030098658 -0.040584538 -0.026562862 -0.043488245 -0.003854258 -0.007211690 0.999020517
1341846664.290022 -0.019971397 -0.025354769 -0.030997425 -0.048566520 -0.003326095 -0.007523984 0.998786092
1341846664.322491 -0.039704386 -0.026651353 -0.038046755 -0.058531661 0.001814154 -0.008412682 0.998248518
1341846664.358302 -0.022710619 -0.023680836 -0.029966934 -0.066522539 -0.001413400 -0.008749503 0.997745574
1341846664.390101 -0.021908872 -0.020878032 -0.028278131 -0.073831752 -0.001501763 -0.009964249 0.997219861
1341846664.426143 -0.018435225 -0.016269557 -0.029923253 -0.081513844 -0.000769352 -0.010884741 0.996612489
1341846664.458304 -0.018572636 -0.016385287 -0.028663438 -0.090515532 -0.000157962 -0.010034316 0.995844543
1341846664.490116 -0.008810839 -0.010063277 -0.032914102 -0.099215977 0.000125445 -0.011445363 0.995000124
1341846664.526173 -0.022080574 -0.012756320 -0.033941835 -0.108107463 0.003185040 -0.011649328 0.994065940
1341846664.558129 -0.028925696 -0.006266434 -0.032063942 -0.114992268 0.004085661 -0.011467410 0.993291795
1341846664.590129 -0.016796047 0.004863697 -0.031482261 -0.120237201 0.004428340 -0.011272991 0.992671371
1341846664.626196 -0.024983035 -0.013039062 -0.026576674 -0.126664445 0.007788197 -0.009302497 0.991871476
1341846664.658276 -0.026416449 -0.036413815 -0.027623691 -0.127979606 0.007298760 -0.007965975 0.991717994
1341846664.694136 -0.003921283 -0.007818288 -0.026206590 -0.121679597 0.003911995 -0.009684000 0.992514491
1341846664.726667 -0.023093209 -0.006468009 -0.030559685 -0.124782145 0.010731940 -0.010968354 0.992065549
1341846664.758141 -0.018920531 -0.027813882 -0.029257581 -0.130057022 0.009634701 -0.010599217 0.991403103
1341846664.794104 -0.040582567 -0.002859670 -0.045186188 -0.125848651 0.012385023 -0.010395014 0.991917729
1341846664.826123 -0.010526983 -0.027893640 -0.033414271 -0.133397400 0.008211761 -0.009180861 0.990986168
1341846664.862093 -0.008330149 -0.030615540 -0.031738374 -0.135643110 0.006551178 -0.007717510 0.990706086
1341846664.894198 -0.004680275 -0.014324745 -0.035577945 -0.133127943 0.005443633 -0.007534270 0.991055310
1341846664.926270 -0.010689644 -0.018899778 -0.037605874 -0.135273784 0.009682652 -0.007192322 0.990734875
1341846664.962375 -0.017399559 -0.024131993 -0.037185263 -0.138308749 0.010945750 -0.006911180 0.990304589
1341846664.997077 -0.026623825 -0.007894955 -0.040682733 -0.137766793 0.012886910 -0.008489062 0.990344524
1341846665.026380 -0.019917164 -0.006411199 -0.039909642 -0.140485764 0.012905622 -0.009291844 0.989955008
1341846665.062417 -0.023780080 -0.013284517 -0.040517341 -0.142747998 0.013568264 -0.008807038 0.989626944
1341846665.094077 -0.014710648 -0.003377594 -0.048420843 -0.143837020 0.011699514 -0.008319831 0.989497304
1341846665.130160 -0.014273291 -0.003191816 -0.047730267 -0.149070129 0.014787052 -0.007975181 0.988683939
1341846665.162114 -0.037007891 -0.005952971 -0.044592910 -0.153426126 0.017914411 -0.006986567 0.987973094
1341846665.194100 -0.014751140 -0.003666671 -0.045869589 -0.155223608 0.012577306 -0.005992910 0.987781167
1341846665.230221 -0.000885740 0.005927233 -0.049024537 -0.160052955 0.013212525 -0.005624681 0.987004042
1341846665.262005 -0.019756148 0.000408825 -0.053069834 -0.170997322 0.017864723 -0.007123033 0.985083818
1341846665.300077 -0.020242743 0.010583116 -0.049094748 -0.177065909 0.017374381 -0.006076656 0.984026849
1341846665.362294 -0.037235767 -0.006441241 -0.054213181 -0.189878821 0.025167165 -0.008565312 0.981447577
1341846665.398079 -0.022536211 0.023357552 -0.059601888 -0.187512770 0.019835128 -0.008071045 0.982028782
1341846665.430162 -0.023578851 0.010391572 -0.072408661 -0.199423090 0.022013543 -0.010058749 0.979614556
1341846665.462226 -0.035968482 0.005109385 -0.074098639 -0.210844427 0.028600413 -0.009333073 0.977056623
1341846665.498226 -0.046859156 -0.011492273 -0.066170402 -0.219652340 0.028044738 -0.007961568 0.975142598
1341846665.530109 -0.024819015 0.011945960 -0.068885878 -0.215999261 0.023716059 -0.009163481 0.976062536
1341846665.562222 -0.031007767 0.002813573 -0.074324459 -0.218800038 0.026769573 -0.007081487 0.975376785
1341846665.598196 -0.052028671 0.001207561 -0.072469577 -0.220824182 0.029276131 -0.006324571 0.974853635
1341846665.630107 -0.031190293 0.011566229 -0.074264221 -0.222331420 0.026067596 -0.008131446 0.974588692
1341846665.666289 -0.030582383 0.010230422 -0.080443770 -0.226687938 0.028488874 -0.008126344 0.973516762
1341846665.698060 -0.044732701 0.023871902 -0.081196658 -0.227157339 0.029942544 -0.007531530 0.973368585
1341846665.730361 -0.031381469 0.004988899 -0.082448460 -0.233552232 0.026729036 -0.007297682 0.971949458
1341846665.766193 -0.042651430 0.002175045 -0.084946081 -0.238567933 0.031278655 -0.008121167 0.970588028
1341846665.798338 -0.049716089 -0.010806705 -0.082443051 -0.244179159 0.032972459 -0.008332102 0.969133615
1341846665.834237 -0.051540688 -0.010338400 -0.086734332 -0.247885674 0.033576168 -0.008952231 0.968165934
1341846665.866106 -0.041554186 -0.005062717 -0.090411469 -0.252843916 0.034441881 -0.009747095 0.966844738
1341846665.898073 -0.041092057 -0.007511537 -0.091836557 -0.261096209 0.037448931 -0.008030695 0.964552701
1341846665.934076 -0.038034458 -0.001551230 -0.096085221 -0.264796287 0.035863809 -0.006387390 0.963616073
1341846665.966137 -0.046678588 -0.012401231 -0.095365807 -0.271476001 0.037783679 -0.006714810 0.961679876
1341846665.998149 -0.036827270 -0.009388539 -0.095310882 -0.275223464 0.039289605 -0.005889864 0.960559070
1341846666.034210 -0.028827295 0.000411709 -0.098819569 -0.273569703 0.036931910 -0.003131071 0.961137772
1341846666.072502 -0.046734210 -0.011769153 -0.100653164 -0.276993424 0.039767150 -0.003134675 0.960043490
1341846666.134147 -0.049462110 -0.020882888 -0.100066096 -0.287533313 0.042927597 -0.002719361 0.956804276
1341846666.166356 -0.053744301 -0.019232370 -0.102928542 -0.288542211 0.042512234 -0.002586098 0.956519485
1341846666.202327 -0.055135418 -0.022893038 -0.102972202 -0.291628331 0.045151334 -0.003631046 0.955458581
1341846666.234319 -0.046350416 -0.024166925 -0.105071321 -0.294512451 0.042047068 -0.003223672 0.954716742
1341846666.266322 -0.052676361 -0.029749461 -0.108127452 -0.300021142 0.041029185 -0.001802747 0.953048110
1341846666.302195 -0.041267466 -0.003419941 -0.119295053 -0.307127029 0.041238509 -0.001085184 0.950774014
1341846666.335080 -0.043873355 0.004220924 -0.123019233 -0.316800952 0.042160567 -0.001902263 0.947552621
1341846666.370216 -0.048117869 -0.012950154 -0.113490492 -0.326990783 0.039656606 0.000684822 0.944194913
1341846666.402019 -0.052801080 -0.017068177 -0.118173197 -0.333024710 0.040482011 0.000508228 0.942048609
1341846666.434088 -0.052850246 -0.016484717 -0.113307185 -0.338921040 0.041972771 0.002410434 0.939875066
1341846666.470060 -0.061778054 0.010522872 -0.116792783 -0.336185724 0.041425500 0.007761398 0.940852165
1341846666.502190 -0.048444565 0.002516015 -0.120165832 -0.343100905 0.039882928 0.011166901 0.938385010
1341846666.534121 -0.049198829 0.004738946 -0.125131249 -0.353452057 0.043019403 0.010397671 0.934405088
1341846666.570131 -0.057764668 0.011056069 -0.123637170 -0.360435784 0.043958094 0.011875322 0.931672037
1341846666.602180 -0.059919324 0.022473199 -0.134249449 -0.363827705 0.043743722 0.014098667 0.930331767
1341846666.638072 -0.058795162 0.027863912 -0.135444790 -0.369530529 0.044927545 0.014025623 0.928025901
1341846666.670134 -0.070812404 0.002914587 -0.124407269 -0.378081232 0.045535687 0.014817683 0.924533129
1341846666.738266 -0.065709569 0.011217045 -0.131007016 -0.380844206 0.042224802 0.016304456 0.923530698
1341846666.770390 -0.066547237 0.005070858 -0.125420988 -0.384666055 0.040489033 0.019004829 0.921971560
1341846666.802119 -0.068767577 0.007208571 -0.132447362 -0.385084242 0.037864611 0.021509219 0.921853423
1341846666.838108 -0.064448372 0.014578417 -0.136364788 -0.385596693 0.036098864 0.023768609 0.921654522
1341846666.870483 -0.067750700 0.019026767 -0.139742047 -0.387261569 0.036409792 0.024443742 0.920926332
1341846666.906019 -0.068386830 0.019174602 -0.141129315 -0.390363514 0.035637908 0.025422141 0.919619501
1341846666.937989 -0.065371081 0.027952537 -0.147460073 -0.392113209 0.033007219 0.024885483 0.918987811
1341846666.970036 -0.058197156 0.024183776 -0.147774875 -0.396252990 0.031322625 0.022736244 0.917325258
1341846667.006200 -0.069749542 0.021353472 -0.149380982 -0.399173915 0.033195276 0.021624221 0.916018903
1341846667.038153 -0.067850053 0.013028324 -0.154245198 -0.403151482 0.029085033 0.021729197 0.914412856
1341846667.074153 0.002291158 0.118280873 -0.187328488 -0.390004784 0.014006458 0.019856703 0.920492172
1341846667.106156 -0.068939149 0.025559530 -0.161397874 -0.413658828 0.029263953 0.016145421 0.909818292
1341846667.138108 -0.073755272 0.009457838 -0.150937185 -0.416528016 0.026067771 0.015747970 0.908612609
1341846667.174105 -0.056774151 0.018646508 -0.157899871 -0.413009197 0.022439983 0.013183612 0.910354972
1341846667.206107 -0.070297077 0.009181779 -0.159057379 -0.412550271 0.027878735 0.008373637 0.910469592
1341846667.238075 -0.070419036 0.003821682 -0.153058022 -0.409409761 0.026412597 0.008397059 0.911929548
1341846667.274016 -0.060320944 -0.005647859 -0.151406348 -0.404268175 0.023704922 0.002840502 0.914328873
1341846667.306189 -0.069770746 -0.105038613 -0.107922673 -0.413778007 0.027880004 -0.001745252 0.909949183
1341846667.342253 -0.102456801 -0.119760372 -0.109562062 -0.402403861 0.030959109 -0.000856200 0.914938211
1341846667.374345 -0.082331099 -0.071678102 -0.132538006 -0.384059072 0.025511347 -0.004842088 0.922943354
1341846667.406982 -0.022882218 -0.081809074 -0.104633778 -0.381426662 0.016752854 -0.008820794 0.924205184
1341846667.442109 -0.067657843 -0.093424052 -0.123808309 -0.370371521 0.024649477 -0.008552201 0.928517222
1341846667.474109 -0.083933540 -0.057293076 -0.145660415 -0.349148780 0.025317587 -0.011417626 0.936655641
1341846667.506006 -0.103022277 -0.033339486 -0.163663119 -0.330890030 0.030215619 -0.017727230 0.943018854
1341846667.542298 -0.144181922 -0.204505444 -0.095489614 -0.349564880 0.034451034 -0.014859333 0.936160684
1341846667.574196 -0.090411946 -0.102527261 -0.136010766 -0.315022707 0.023221973 -0.011937283 0.948724926
1341846667.610099 -0.095396347 -0.075720258 -0.145077437 -0.299397647 0.026332512 -0.015695948 0.953635871
1341846667.642293 -0.095535561 -0.003085365 -0.177987859 -0.275818497 0.025670007 -0.015275918 0.960745513
1341846667.674072 -0.131395906 0.022641372 -0.192050889 -0.267523676 0.031527668 -0.018431854 0.962858975
1341846667.710179 -0.130430609 0.019724980 -0.193526655 -0.267422497 0.034463491 -0.020565642 0.962743282
1341846667.742255 -0.124005407 0.031921484 -0.186770648 -0.261561662 0.034104027 -0.019824227 0.964380383
1341846667.774114 -0.117071323 0.039887838 -0.196339667 -0.251744121 0.031362224 -0.018295733 0.967112482
1341846667.810099 -0.140991777 0.022781497 -0.186323315 -0.250755608 0.038893864 -0.020492585 0.967051744
1341846667.842103 -0.114292599 0.022689721 -0.181732327 -0.246167451 0.036253713 -0.020847736 0.968324721
1341846667.878139 -0.089716695 0.024076048 -0.179338425 -0.236176863 0.030696033 -0.018450364 0.971049905
1341846667.910558 -0.125929207 0.023452003 -0.176263034 -0.230656072 0.040365893 -0.021898841 0.971951067
1341846667.942116 -0.124752760 0.009270332 -0.167365164 -0.228581086 0.043518860 -0.022140872 0.972299635
1341846667.978287 -0.141930819 0.002251960 -0.164084852 -0.222505897 0.045782812 -0.021146905 0.973626137
1341846668.010215 -0.131280705 -0.000974463 -0.161170602 -0.214933679 0.046949156 -0.022728657 0.975234687
1341846668.046247 -0.148815408 0.009344351 -0.160846025 -0.203932121 0.053363826 -0.024035474 0.977234066
1341846668.078111 -0.137677088 0.004150550 -0.155184299 -0.195896059 0.051266078 -0.020152831 0.979076326
1341846668.110130 -0.130486891 0.010982787 -0.156685203 -0.186168045 0.052538812 -0.021930639 0.980867028
1341846668.146332 -0.145522624 0.012243830 -0.152596846 -0.178778350 0.058027349 -0.021950154 0.981931448
1341846668.178208 -0.167807758 0.003735102 -0.145304605 -0.168633580 0.059416667 -0.020821650 0.983666062
1341846668.211262 -0.153964400 0.000000363 -0.142734557 -0.156724617 0.056780189 -0.021033015 0.985784471
1341846668.246163 -0.156042635 0.001429893 -0.135822579 -0.142875522 0.058674358 -0.019241093 0.987812638
1341846668.278397 -0.151678070 -0.011999913 -0.134562835 -0.132427722 0.055116642 -0.016352011 0.989524007
1341846668.314248 -0.150293306 -0.006245283 -0.132480487 -0.122397415 0.054968208 -0.019458579 0.990766764
1341846668.346231 -0.136081383 0.005369581 -0.132855967 -0.114467941 0.054257669 -0.019068191 0.991760910
1341846668.378099 -0.154148057 -0.009960385 -0.126895741 -0.111313425 0.056257665 -0.016335752 0.992057264
1341846668.414247 -0.139198244 -0.007207613 -0.131065115 -0.103976913 0.053746317 -0.015648156 0.993003190
1341846668.445965 -0.142662749 -0.010084737 -0.120875493 -0.096124083 0.055004962 -0.013874826 0.993751526
1341846668.478153 -0.195363030 -0.069611065 -0.124765992 -0.084196985 0.059725896 -0.008091067 0.994624674
1341846668.514213 -0.177636862 -0.046337686 -0.128070384 -0.064916030 0.056853067 -0.011324239 0.996205509
1341846668.546115 -0.148189187 -0.009754017 -0.126512080 -0.054317776 0.052408788 -0.013340973 0.997058153
1341846668.582467 -0.158323362 -0.015526009 -0.117274784 -0.048214335 0.053799726 -0.015905526 0.997260273
1341846668.614140 -0.162674114 -0.019090835 -0.118241005 -0.033519067 0.055295382 -0.017909605 0.997746587
1341846668.646312 -0.154760703 -0.007326567 -0.123429827 -0.019610029 0.052272245 -0.016885670 0.998297513
1341846668.682455 -0.158409998 -0.013443189 -0.115402140 -0.013582374 0.050445594 -0.019182825 0.998450220
1341846668.714133 -0.183140501 -0.036891699 -0.122516401 -0.004050735 0.050995387 -0.021468002 0.998459935
1341846668.746132 -0.173276797 -0.011645432 -0.133921325 0.009404616 0.047423288 -0.020947514 0.998611033
1341846668.782338 -0.167779982 0.012918987 -0.136562556 0.011957481 0.046428666 -0.021648059 0.998615444
1341846668.814140 -0.171268299 0.004549001 -0.134428114 0.009154552 0.047233149 -0.021955630 0.998600662
1341846668.850214 -0.172442928 0.008851518 -0.139013469 0.009701434 0.045967314 -0.021201733 0.998670816
1341846668.882442 -0.169871464 0.009615446 -0.143334836 0.007510375 0.045069531 -0.022219500 0.998708546
1341846668.914289 -0.171453312 -0.001934298 -0.139033064 0.005081137 0.044100910 -0.024819531 0.998705804
1341846668.950088 -0.177367017 0.002959920 -0.140624613 0.007054084 0.040967006 -0.027039619 0.998769701
1341846668.982227 -0.168235287 0.029287502 -0.139437720 0.006358687 0.036630634 -0.031730313 0.998804748
1341846669.014062 -0.170407280 0.026309540 -0.149426088 -0.002736796 0.035500146 -0.038717251 0.998615682
1341846669.050056 -0.171110854 0.021471445 -0.141026780 -0.007903611 0.031552054 -0.042744879 0.998556435
1341846669.082525 -0.170441955 0.033066988 -0.150968850 -0.011014551 0.028076017 -0.049280267 0.998329520
1341846669.118346 -0.169187367 0.036421984 -0.146348789 -0.020898402 0.026680766 -0.059753180 0.997637689
1341846669.150086 -0.175888643 0.028348304 -0.137283072 -0.027881861 0.024188668 -0.066631638 0.997094691
1341846669.182477 -0.169322863 0.028569048 -0.146190494 -0.029025123 0.019658940 -0.072418958 0.996758044
1341846669.218046 -0.165298223 0.035585031 -0.140450373 -0.036106877 0.019548768 -0.081977494 0.995788097
1341846669.250205 -0.171179324 0.030470805 -0.132097214 -0.041349694 0.018085487 -0.085316293 0.995331287
1341846669.286114 -0.157846689 0.027494147 -0.132971972 -0.042733103 0.013816191 -0.090196602 0.994910836
1341846669.318030 -0.144804537 0.034577169 -0.132735297 -0.043696705 0.013527621 -0.094974913 0.994428217
1341846669.350255 -0.167005554 0.036343627 -0.132417679 -0.044804130 0.014044604 -0.101045243 0.993773282
1341846669.418200 -0.159300402 0.040061869 -0.137636274 -0.054241803 0.010499626 -0.122280240 0.990956724
1341846669.450219 -0.165830076 0.029550552 -0.133473158 -0.060180645 0.009290122 -0.131585076 0.989432871
1341846669.486175 -0.169095546 0.037156064 -0.140983433 -0.063066505 0.007289799 -0.143300816 0.987640798
1341846669.518033 -0.149275690 0.033243563 -0.143297538 -0.070616782 0.006067536 -0.155277893 0.985324919
1341846669.554159 -0.156817600 0.043421064 -0.142157391 -0.074319251 0.008515801 -0.164524734 0.983532250
1341846669.586348 -0.140470967 0.049641307 -0.147152230 -0.077469528 0.005153716 -0.171866566 0.982055902
1341846669.617976 -0.127412125 0.048981231 -0.154892817 -0.084913380 0.006580427 -0.182104260 0.979583919
1341846669.654096 -0.147635743 0.039449889 -0.141224474 -0.091521040 0.012822474 -0.191107213 0.977209091
1341846669.686069 -0.151276350 0.038396865 -0.144761980 -0.091763660 0.014523128 -0.196487263 0.976094961
1341846669.718075 -0.132936209 0.054150358 -0.152176261 -0.091678187 0.014009265 -0.203093663 0.974757373
1341846669.754171 -0.141343564 0.051537979 -0.158582166 -0.099340282 0.018616091 -0.213060871 0.971797347
1341846669.786139 -0.138130248 0.046503149 -0.148471192 -0.104776099 0.020294812 -0.221109316 0.969391942
1341846669.822151 -0.135030746 0.049075995 -0.152288452 -0.106424041 0.021019211 -0.228259936 0.967537880
1341846669.854118 -0.127694055 0.062391777 -0.159911364 -0.109644108 0.022373809 -0.235989407 0.965290964
1341846669.886219 -0.131482035 0.058630016 -0.160506755 -0.116491012 0.025207609 -0.246220961 0.961857438
1341846669.922050 -0.134740040 0.049592227 -0.150146052 -0.120802410 0.026905421 -0.255044669 0.958976150
1341846669.954047 -0.118268587 0.057543918 -0.177651897 -0.122583948 0.026154034 -0.260155618 0.957396567
1341846669.986285 -0.143198535 0.059753578 -0.159829676 -0.131781906 0.034459751 -0.271769732 0.952673733
1341846670.022242 -0.099656023 0.056870200 -0.162124142 -0.133213282 0.030789666 -0.281089395 0.949892163
1341846670.054135 -0.135803610 0.060770448 -0.161304623 -0.137514010 0.040171783 -0.287863016 0.946895480
1341846670.090228 -0.127474606 0.059155993 -0.159886181 -0.143066630 0.041827176 -0.298604548 0.942665279
1341846670.121996 -0.147531480 0.058210902 -0.157282889 -0.148301020 0.050367262 -0.310897887 0.937449992
1341846670.154057 -0.139805973 0.064892992 -0.160944328 -0.150609881 0.054412976 -0.318405062 0.934330821
1341846670.190103 -0.133027315 0.052435283 -0.158717915 -0.156804681 0.055308279 -0.329183191 0.929511547
1341846670.222197 -0.146775514 0.054288730 -0.163925558 -0.158983946 0.062051006 -0.340199232 0.924736857
1341846670.258571 -0.135273024 0.062536031 -0.167083353 -0.158081204 0.066220529 -0.348491430 0.921509027
1341846670.290254 -0.134447798 0.067514122 -0.165030167 -0.158566251 0.069080599 -0.351792216 0.919960260
1341846670.358377 -0.145701647 0.072283618 -0.170734897 -0.156038254 0.085241981 -0.368490636 0.912469447
1341846670.390114 -0.140759408 0.072227888 -0.163014024 -0.154213697 0.091899008 -0.375285506 0.909358919
1341846670.422206 -0.162302822 0.072347686 -0.151895657 -0.151159778 0.102863498 -0.387157530 0.903702915
1341846670.464003 -0.173738211 0.056713853 -0.161700442 -0.147412315 0.112575747 -0.396895617 0.898927212
1341846670.526271 -0.160920337 0.048459396 -0.179320544 -0.140882179 0.125210956 -0.408829451 0.892934978
1341846670.566977 -0.154309258 0.044793990 -0.186725840 -0.138691485 0.128295854 -0.411219031 0.891741991
1341846670.596103 -0.165360585 0.048036110 -0.181818172 -0.136069015 0.133104265 -0.418261796 0.888158500
1341846670.628412 -0.165465564 0.046440396 -0.182708174 -0.133365527 0.135818899 -0.422064751 0.886356771
1341846670.664027 -0.162079647 0.046423592 -0.175917432 -0.128905237 0.139577672 -0.428525269 0.883327603
1341846670.696002 -0.141951248 0.040578127 -0.185628921 -0.121359758 0.141182825 -0.434005171 0.881464064
1341846670.728093 -0.130246475 0.041594315 -0.206630707 -0.113133974 0.144437522 -0.439604491 0.879253387
1341846670.764128 -0.172929019 0.038982596 -0.183554813 -0.112812862 0.157072842 -0.446038187 0.873871505
1341846670.796059 -0.168095946 0.036959901 -0.190299943 -0.106506348 0.163386434 -0.450180650 0.871377468
1341846670.832246 -0.169762686 0.031248165 -0.172259301 -0.099359140 0.167017281 -0.452853173 0.870147705
1341846670.863970 -0.159472525 0.033806644 -0.179357424 -0.093721822 0.167168587 -0.450262606 0.872086346
1341846670.896139 -0.164329827 0.020560667 -0.187642395 -0.089255296 0.172808915 -0.450245678 0.871463954
1341846670.932028 -0.160096824 0.024322219 -0.178266823 -0.075829253 0.179121315 -0.443959206 0.874680340
1341846670.964063 -0.152954876 0.029365700 -0.161190867 -0.065034151 0.178109661 -0.440869540 0.877315044
1341846671.000270 -0.174470782 0.010675225 -0.193563059 -0.060889356 0.180300146 -0.443408072 0.875884533
1341846671.032112 -0.172392741 0.014075346 -0.196215153 -0.051313486 0.187217906 -0.446612448 0.873414993
1341846671.064030 -0.161891982 0.009228889 -0.185634613 -0.042937171 0.188431993 -0.449335575 0.872208297
1341846671.101398 -0.164202526 0.013504867 -0.193141088 -0.035153221 0.189340711 -0.455291659 0.869266272
1341846671.132289 -0.161781251 0.008814581 -0.186743572 -0.024097808 0.191115588 -0.463463813 0.864925146
1341846671.168159 -0.152698681 0.004662983 -0.189860761 -0.011902201 0.187917858 -0.465970457 0.864532709
1341846671.200149 -0.147890493 0.006083749 -0.203198925 -0.000236652 0.182097465 -0.467453361 0.865059435
1341846671.232280 -0.154907063 0.002687976 -0.226053610 0.009774049 0.181576431 -0.474548072 0.861242473
1341846671.268147 -0.143845230 0.001764148 -0.219255328 0.021277517 0.182725847 -0.474777877 0.860665143
1341846671.300337 -0.150107414 0.002793297 -0.199586302 0.029006425 0.179865763 -0.475977182 0.860379398
1341846671.336125 -0.157524601 -0.001787715 -0.211989224 0.033801123 0.177843511 -0.480646819 0.858025551
1341846671.368236 -0.153531238 -0.008829944 -0.211139873 0.040066823 0.177631825 -0.484752685 0.855486095
1341846671.400327 -0.153844327 -0.004548073 -0.202652112 0.046085887 0.173602238 -0.486916870 0.854780853
1341846671.436064 -0.160526514 -0.012488887 -0.210977554 0.049977571 0.170569301 -0.492897809 0.851739526
1341846671.468197 -0.154237583 -0.009242214 -0.209118158 0.055558186 0.169503435 -0.497048438 0.849190652
1341846671.504294 -0.158217192 -0.003429681 -0.198271483 0.059062827 0.164051220 -0.502609313 0.846748292
1341846671.536197 -0.138955325 -0.002875604 -0.210481033 0.065554909 0.153822660 -0.511000216 0.843160689
1341846671.568120 -0.150359705 -0.010884412 -0.209685385 0.071046352 0.151479825 -0.518542290 0.838522613
1341846671.604188 -0.148365438 -0.013151735 -0.201567680 0.075767286 0.146094993 -0.525276423 0.834865391
1341846671.636057 -0.149599582 -0.013240233 -0.208915144 0.083990879 0.135229275 -0.531152487 0.832187235
1341846671.672157 -0.151770934 -0.013689749 -0.215525463 0.093545564 0.127551943 -0.535119951 0.829835117
1341846671.704027 -0.146873251 -0.016502880 -0.222927839 0.095511913 0.122798927 -0.537469089 0.828809321
1341846671.736479 -0.154976726 -0.017277732 -0.227227151 0.094010696 0.120326616 -0.545227349 0.824263752
1341846671.774745 -0.170396402 -0.019978225 -0.219884425 0.094382584 0.117985457 -0.552243054 0.819877505
1341846671.804605 -0.164556846 -0.016413569 -0.215842530 0.097054817 0.112096168 -0.553797841 0.819342911
1341846671.840252 -0.178519219 -0.018270046 -0.212159425 0.095987551 0.109250695 -0.559599698 0.815903723
1341846671.872106 -0.178003743 -0.015006095 -0.209403560 0.098533869 0.107120715 -0.564326704 0.812620223
1341846671.904035 -0.172057658 -0.013126597 -0.214276165 0.098263435 0.104713745 -0.566148221 0.811699152
1341846671.972239 -0.179371148 -0.017681524 -0.215806723 0.095984519 0.103117749 -0.577306867 0.804282606
1341846672.034218 -0.176227570 -0.016261652 -0.221377000 0.094478294 0.098230757 -0.588003874 0.797292948
1341846672.066227 -0.179471970 -0.013985291 -0.211484253 0.094091885 0.098818392 -0.593650460 0.793070436
1341846672.098024 -0.179990381 -0.014360830 -0.214646235 0.093338192 0.095905222 -0.597025633 0.790980756
1341846672.134061 -0.171143666 -0.013616353 -0.216959372 0.094081119 0.092097096 -0.602535605 0.787158072
1341846672.166000 -0.177384332 -0.017561451 -0.227919206 0.092330664 0.092923932 -0.607393920 0.783525944
1341846672.198405 -0.179409578 -0.016417354 -0.218027547 0.092006549 0.092878610 -0.611192405 0.780610144
1341846672.234130 -0.182613984 -0.015988335 -0.212018892 0.092990577 0.090199679 -0.614334106 0.778338134
1341846672.266403 -0.180482924 -0.016029775 -0.217781156 0.096067198 0.088865153 -0.617273569 0.775788307
1341846672.302710 -0.174367294 -0.013454318 -0.211675093 0.095809229 0.087855116 -0.617563009 0.775704920
1341846672.335022 -0.174549952 -0.014937416 -0.214637101 0.093936644 0.085938230 -0.620191634 0.774049640
1341846672.366487 -0.175193429 -0.017138213 -0.209740669 0.094377123 0.086069442 -0.622923255 0.771784723
1341846672.402478 -0.174043551 -0.015282318 -0.213982716 0.095935643 0.086500242 -0.622126043 0.772187352
1341846672.434330 -0.177893803 -0.015190229 -0.213770002 0.094649270 0.086803548 -0.621494293 0.772820473
1341846672.472323 -0.175435394 -0.013128385 -0.210496470 0.095636837 0.086552657 -0.621122897 0.773025692
1341846672.534812 -0.172466338 -0.014469787 -0.217400357 0.094932690 0.083655410 -0.618190467 0.775777102
1341846672.570153 -0.170638800 -0.018771976 -0.220610097 0.091549002 0.082037702 -0.617275953 0.777083635
1341846672.608881 -0.181240886 -0.012122929 -0.204987928 0.091971554 0.081619382 -0.617771327 0.776684105
1341846672.640836 -0.175489128 -0.010176748 -0.210799217 0.091251671 0.078703262 -0.613105834 0.780756176
1341846672.708152 -0.182008192 -0.011910737 -0.195658833 0.090250492 0.075428858 -0.602172256 0.789654315
1341846672.770288 -0.176428556 -0.011111632 -0.193373933 0.093166642 0.068583243 -0.581216276 0.805483699
1341846672.803280 -0.181160435 -0.010534242 -0.192215115 0.094912432 0.065753661 -0.571627617 0.812348425
1341846672.838034 -0.174217016 -0.008564845 -0.190720305 0.096361160 0.061277393 -0.561091006 0.819839358
1341846672.870092 -0.172956988 -0.008680359 -0.192031935 0.096883953 0.056748249 -0.553397179 0.825314939
1341846672.902275 -0.168858767 -0.011534907 -0.192596644 0.097076520 0.052922871 -0.546543181 0.830099940
1341846672.938315 -0.173422560 -0.009109803 -0.191988900 0.096279286 0.049350560 -0.537863612 0.836060822
1341846672.970326 -0.169462517 -0.007445201 -0.189477623 0.094575040 0.045128368 -0.528564215 0.842400670
1341846673.008221 -0.166290447 -0.005934849 -0.196151555 0.092856899 0.042165063 -0.519635737 0.848279774
1341846673.070235 -0.170213580 -0.011499122 -0.197318956 0.085935801 0.038381223 -0.499954164 0.860922694
1341846673.106189 -0.175283164 -0.009185486 -0.181954056 0.087637350 0.035141937 -0.486248344 0.868704379
1341846673.138104 -0.174177274 -0.010922253 -0.187719226 0.088579409 0.030255608 -0.472835869 0.876164675
1341846673.170298 -0.176309705 -0.013077319 -0.189121932 0.088440552 0.027054684 -0.464091450 0.880945861
1341846673.206489 -0.179132938 -0.011036590 -0.180086270 0.090467788 0.024055678 -0.454535574 0.885795891
1341846673.238153 -0.174404740 -0.008993402 -0.180790797 0.093087569 0.018626513 -0.444581419 0.890693665
1341846673.274220 -0.180223957 -0.012182504 -0.170320868 0.094349459 0.015857112 -0.436796308 0.894458354
1341846673.306107 -0.177244022 -0.012363195 -0.181999803 0.097866669 0.012652582 -0.428852350 0.897968650
1341846673.338187 -0.179965749 -0.012850285 -0.181078494 0.100067578 0.008921154 -0.418985844 0.902417779
1341846673.374098 -0.184774280 -0.017500959 -0.181862742 0.102651000 0.006515172 -0.409860224 0.906330466
1341846673.406266 -0.175883263 -0.015234336 -0.176158890 0.106557980 0.003309159 -0.395905852 0.912081718
1341846673.438267 -0.177714169 -0.015521117 -0.174403355 0.109907731 -0.000838906 -0.384165019 0.916698873
1341846673.474135 -0.172792003 -0.017567974 -0.178952441 0.114412472 -0.004782883 -0.369858235 0.922004282
1341846673.506260 -0.175750852 -0.018527213 -0.174648628 0.117013708 -0.008096474 -0.355578125 0.927257478
1341846673.542168 -0.174541563 -0.012994524 -0.174715787 0.117813386 -0.013491397 -0.342179298 0.932121933
1341846673.574072 -0.179216549 -0.015603878 -0.176068187 0.116496094 -0.016776478 -0.332850814 0.935605466
1341846673.606102 -0.175992846 -0.010532487 -0.170593232 0.116702028 -0.022277795 -0.320187569 0.939874589
1341846673.648026 -0.172517598 -0.007505631 -0.174365252 0.114406265 -0.029370936 -0.307992578 0.944028139
1341846673.710162 -0.175576866 -0.005215494 -0.170057893 0.104783058 -0.039849810 -0.284768552 0.952018619
1341846673.742225 -0.169796854 -0.004124233 -0.174823523 0.100774541 -0.047437772 -0.268398136 0.956847310
1341846673.774298 -0.175001830 -0.003788440 -0.163087025 0.097584240 -0.053936284 -0.253533959 0.960879147
1341846673.810154 -0.173099071 0.002229069 -0.170164347 0.096110873 -0.059802294 -0.240190685 0.964103103
1341846673.842305 -0.184165895 0.011501943 -0.166172266 0.093634672 -0.064941853 -0.226647153 0.967288077
1341846673.874285 -0.174656346 0.013203912 -0.168222502 0.089767896 -0.070685573 -0.215480596 0.969800711
1341846673.910253 -0.178307280 0.019050319 -0.157142192 0.084482826 -0.073713593 -0.203827932 0.972565234
1341846673.942284 -0.175677016 0.016651224 -0.150006682 0.081563778 -0.078221425 -0.192727149 0.974723041
1341846673.978434 -0.174233213 0.009301421 -0.152055085 0.080223352 -0.079102628 -0.185077578 0.976244509
1341846674.016486 -0.174347386 0.014834614 -0.144911528 0.082425080 -0.078859717 -0.175611675 0.977828145
1341846674.052060 -0.174621105 0.013299658 -0.152743250 0.082092345 -0.079923011 -0.165502578 0.979531586
1341846674.084057 -0.170746416 0.014041801 -0.153461397 0.082741588 -0.080364227 -0.157892466 0.980696380
1341846674.152235 -0.176228404 0.013980517 -0.161797881 0.073901154 -0.078765944 -0.142243192 0.983921528
1341846674.210322 -0.163749591 0.024498530 -0.175337285 0.068473764 -0.077839039 -0.126265347 0.986564517
1341846674.246217 -0.176570773 0.018346235 -0.165767685 0.063075177 -0.076884262 -0.120050073 0.987774491
1341846674.278035 -0.176123023 0.009735083 -0.163265303 0.062791876 -0.079092890 -0.109548427 0.988838077
1341846674.310117 -0.174700841 0.022501029 -0.176803350 0.063684531 -0.080003932 -0.100231506 0.989695549
1341846674.346212 -0.172443226 0.019071421 -0.164847448 0.060518894 -0.080367766 -0.093038887 0.990566611
1341846674.378058 -0.176750392 0.014704978 -0.158791795 0.061013453 -0.079207785 -0.083875924 0.991447628
1341846674.410162 -0.175097734 0.024776652 -0.170454144 0.061744779 -0.079639867 -0.074367717 0.992126286
1341846674.446125 -0.167474911 0.021016311 -0.173784077 0.058340993 -0.080317326 -0.067880563 0.992742538
1341846674.478198 -0.174126670 0.018051740 -0.152467236 0.058632061 -0.079017326 -0.062351976 0.993192255
1341846674.514124 -0.175422862 0.025792435 -0.168107599 0.059082340 -0.078606509 -0.059032071 0.993401051
1341846674.546062 -0.170626044 0.021960368 -0.169143453 0.057328250 -0.080179490 -0.053189896 0.993708014
1341846674.578094 -0.174094290 0.023743572 -0.168597713 0.057987496 -0.078607284 -0.050072849 0.993957341
1341846674.614179 -0.169338673 0.027403183 -0.177617416 0.056352858 -0.077551968 -0.043788638 0.994430840
1341846674.682209 -0.172508925 0.017659642 -0.160222933 0.057618488 -0.079063088 -0.029139020 0.994776368
1341846674.714186 -0.172225624 0.024280494 -0.164223611 0.059181232 -0.078763023 -0.020184958 0.994930446
1341846674.752271 -0.177178249 0.023301220 -0.167086616 0.058803443 -0.078602545 -0.010808908 0.995111585
1341846674.814222 -0.169782758 0.026561055 -0.166429490 0.058050200 -0.078165606 0.003861200 0.995241404
1341846674.846370 -0.165734306 0.028481839 -0.172295362 0.058450948 -0.078251041 0.013122120 0.995132208
1341846674.882158 -0.167563692 0.030387338 -0.180016801 0.057812151 -0.077813998 0.020185996 0.995085597
1341846674.914224 -0.166313574 0.035797160 -0.178924203 0.056043427 -0.077958621 0.025272056 0.995059311
1341846674.950305 -0.171502337 0.036210552 -0.173512921 0.053245462 -0.077464826 0.030540330 0.995103717
1341846674.982342 -0.174272060 0.043751806 -0.188038155 0.050404310 -0.078842089 0.033243001 0.995056987
1341846675.014137 -0.170976311 0.049458668 -0.174083605 0.041055597 -0.081807353 0.038055670 0.995074749
1341846675.050230 -0.165736347 0.050341051 -0.174251169 0.031863939 -0.083678305 0.041293774 0.995126903
1341846675.088201 -0.172793880 0.062808789 -0.160805523 0.027394140 -0.082668707 0.041735969 0.995325863
1341846675.150188 -0.156376943 0.069292717 -0.196626246 0.001223669 -0.081580341 0.045042221 0.995647728
1341846675.182290 -0.158459961 0.055027694 -0.187690213 -0.014664463 -0.078836665 0.046617310 0.995688975
1341846675.218759 -0.164890036 0.058131039 -0.183727145 -0.021922786 -0.077338375 0.050827775 0.995467067
1341846675.251951 -0.167109907 0.062296417 -0.173978090 -0.027887542 -0.077277601 0.050089668 0.995359957
1341846675.282406 -0.155868620 0.059495129 -0.182782605 -0.031324059 -0.076670423 0.053015117 0.995153248
1341846675.318078 -0.184269071 0.065299533 -0.181067571 -0.034557462 -0.069555610 0.054762520 0.995474219
1341846675.350149 -0.165762454 0.068739124 -0.183591351 -0.042761143 -0.069572799 0.055596117 0.995108187
1341846675.382271 -0.154779330 0.068501011 -0.178636715 -0.054187410 -0.068874717 0.057889912 0.994469106
1341846675.450238 -0.245656565 0.065104879 -0.164417922 -0.058835626 -0.044925380 0.065994285 0.995070279
1341846675.486165 -0.245821372 0.048281126 -0.149510458 -0.051704518 -0.042971067 0.076103210 0.994830906
1341846675.518083 -0.227325693 0.046126585 -0.151363865 -0.042645790 -0.044633366 0.086058296 0.994375765
1341846675.550092 -0.214290500 0.050339140 -0.148530006 -0.035574175 -0.047332488 0.091983549 0.993998587
1341846675.586070 -0.190072432 0.057228904 -0.149392694 -0.031154586 -0.050010324 0.096405305 0.993596733
1341846675.618075 -0.182334572 0.055702660 -0.141640007 -0.026049402 -0.048282556 0.098700479 0.993603766
1341846675.650024 -0.181446373 0.058381978 -0.136264339 -0.019581610 -0.048543449 0.101207085 0.993487418
1341846675.686118 -0.170892701 0.061471526 -0.131043330 -0.015369160 -0.051406942 0.101141065 0.993424177
1341846675.718055 -0.156293333 0.059508782 -0.128726810 -0.010929779 -0.050186198 0.098988980 0.993762076
1341846675.754170 -0.143544912 0.064996898 -0.125821173 -0.003065511 -0.050775211 0.097420625 0.993942499
1341846675.786330 -0.136341795 0.066925302 -0.122975200 0.000946531 -0.050804246 0.097165905 0.993970275
1341846675.818106 -0.107842438 0.061867487 -0.125798360 0.003538111 -0.050679479 0.094123162 0.994263530
1341846675.854095 -0.092387341 0.070889622 -0.117332682 0.009289893 -0.050969325 0.092505470 0.994363427
1341846675.886163 -0.067461662 0.060752567 -0.121667959 0.014213380 -0.056288980 0.094922490 0.993790329
1341846675.922346 -0.061989095 0.065402098 -0.120847464 0.024851253 -0.056207590 0.094950400 0.993583202
1341846675.961651 -0.113124520 0.034043029 -0.127781212 0.029232342 -0.046805277 0.092521176 0.994180381
1341846676.028080 -0.128868192 0.042730376 -0.132264510 0.054975703 -0.046321444 0.091317035 0.993223667
1341846676.122163 -0.131307095 0.056891661 -0.170609549 0.062178452 -0.048759867 0.083551228 0.993365765
1341846676.154447 -0.127456814 0.051149055 -0.167955533 0.059359029 -0.048641406 0.082773998 0.993609071
1341846676.190230 -0.123439655 0.055141404 -0.175732031 0.060154323 -0.050918482 0.083201446 0.993411481
1341846676.222476 -0.108605847 0.075725943 -0.215212509 0.056939907 -0.051216081 0.081092827 0.993759930
1341846676.257017 -0.109218322 0.070165753 -0.207907766 0.048767183 -0.048288193 0.078972623 0.994511664
1341846676.290401 -0.089416847 0.067030139 -0.193822548 0.046082936 -0.049694065 0.080257662 0.994467497
1341846676.322689 -0.062454823 0.080541946 -0.215774596 0.044648923 -0.049723607 0.081079416 0.994464755
1341846676.360815 -0.045922767 0.089719474 -0.233987808 0.033355061 -0.045871690 0.082081810 0.995010436
1341846676.390851 -0.054445691 0.082367748 -0.211347908 0.024042953 -0.041605867 0.074677840 0.996049285
1341846676.424250 -0.040634852 0.070447445 -0.216042861 0.025205232 -0.039467722 0.077315524 0.995906293
1341846676.459033 -0.024999052 0.082979977 -0.247833148 0.024148684 -0.036376208 0.080738209 0.995778561
1341846676.490669 -0.030072341 0.083909541 -0.240011409 0.019713495 -0.031538572 0.079258472 0.996160090
1341846676.532743 -0.003736563 0.082599118 -0.241444483 0.018598361 -0.029714128 0.082310371 0.995990038
1341846676.564052 -0.007883599 0.095154822 -0.249313578 0.017870817 -0.024384791 0.081655160 0.996202052
1341846676.596566 -0.007657676 0.094070725 -0.245698452 0.013837262 -0.022538342 0.080852933 0.996375144
1341846676.632057 0.006566365 0.095191851 -0.239600763 0.012853389 -0.020599652 0.077598967 0.996688962
1341846676.690079 0.017687215 0.089823246 -0.253526807 0.011301801 -0.016348394 0.074532107 0.997020602
1341846676.726102 0.028475881 0.089787535 -0.251507491 0.011769726 -0.013375783 0.072549477 0.997205734
1341846676.758419 0.029781526 0.086603545 -0.248992845 0.014195024 -0.009654661 0.071692474 0.997279048
1341846676.790227 0.031507555 0.094334483 -0.258366615 0.016410055 -0.008233688 0.072526053 0.997197509
1341846676.826179 0.047046691 0.096450828 -0.253693044 0.016947465 -0.005411927 0.071311779 0.997295439
1341846676.858331 0.047403000 0.093767688 -0.244520739 0.017915584 -0.001503200 0.072430052 0.997211456
1341846676.894086 0.041571088 0.096538268 -0.252674043 0.018480737 -0.001833714 0.074070096 0.997080147
1341846676.926062 0.053362191 0.098435447 -0.247613102 0.018240895 -0.002277977 0.072221234 0.997219265
1341846676.958080 0.053311870 0.093857780 -0.246950209 0.017856313 0.000012389 0.072056442 0.997240782
1341846676.994140 0.053721942 0.095014848 -0.254490048 0.019227829 -0.001561212 0.073600002 0.997101247
1341846677.026242 0.064737238 0.098677851 -0.254568994 0.020002192 -0.003660522 0.073813356 0.997064710
1341846677.094244 0.061506167 0.096582815 -0.252929777 0.017342627 -0.003547255 0.072766259 0.997191966
1341846677.126108 0.072695062 0.088948324 -0.252863526 0.018206045 -0.006348668 0.074454106 0.997038066
1341846677.162066 0.068799689 0.094901390 -0.251383185 0.021166751 -0.005053568 0.073018074 0.997093201
1341846677.194068 0.068636045 0.100779623 -0.253861427 0.020841559 -0.006052418 0.073234469 0.997078598
1341846677.226206 0.083960280 0.089803532 -0.255597532 0.019087171 -0.007118209 0.073331118 0.997099638
1341846677.262033 0.085723609 0.086106911 -0.256072104 0.021281684 -0.004352549 0.073734790 0.997041345
1341846677.294125 0.078485265 0.094865151 -0.261563361 0.023527607 -0.004870418 0.074012496 0.996967852
1341846677.326503 0.091631941 0.097452782 -0.258147180 0.022108397 -0.005765559 0.073343314 0.997044981
1341846677.362194 0.096960798 0.089431196 -0.255876720 0.021519156 -0.003202517 0.073664837 0.997045755
1341846677.394280 0.091632217 0.089916110 -0.261001915 0.023110144 -0.002370946 0.074446991 0.996954322
1341846677.430058 0.092471346 0.091147006 -0.254638880 0.023560766 -0.001223997 0.072590724 0.997082770
1341846677.468326 0.097840384 0.087061681 -0.259232044 0.024113849 0.001470219 0.072504483 0.997075498
1341846677.530161 0.108906925 0.091526493 -0.255672485 0.029079793 0.002840259 0.071304694 0.997026563
1341846677.562051 0.110205248 0.090218656 -0.253789127 0.030129084 0.005892776 0.070441425 0.997043371
1341846677.594105 0.109789632 0.090592667 -0.254696012 0.030584097 0.006648372 0.070000239 0.997055888
1341846677.630227 0.110771284 0.088457659 -0.257574975 0.030927498 0.007571242 0.068746030 0.997125924
1341846677.662033 0.110087961 0.090129875 -0.257042825 0.032174025 0.009151456 0.068823263 0.997067928
1341846677.730320 0.110350773 0.090704910 -0.258180648 0.031564217 0.009328012 0.068643302 0.997098267
1341846677.763691 0.112066835 0.085847050 -0.255917460 0.032316227 0.010027338 0.068963811 0.997045219
1341846677.798630 0.106156111 0.092603698 -0.258408785 0.033169981 0.009075745 0.068205394 0.997078478
1341846677.830104 0.119212732 0.088311896 -0.256423861 0.032192420 0.008357108 0.066971637 0.997200429
1341846677.862185 0.118480265 0.079681158 -0.256123364 0.033910971 0.010926713 0.065630950 0.997207761
1341846677.898344 0.107554801 0.082406268 -0.257050276 0.037897319 0.012065040 0.065447174 0.997063220
1341846677.930181 0.120715871 0.084270000 -0.257707626 0.040162042 0.010725927 0.064696506 0.997038841
1341846677.966256 0.122729458 0.076332346 -0.260042280 0.041895125 0.012882585 0.064135060 0.996978223
1341846677.998516 0.113440566 0.073858365 -0.262823820 0.046880562 0.013417916 0.065000631 0.996693075
1341846678.030368 0.113755442 0.075641118 -0.264212996 0.050077926 0.011289025 0.065809734 0.996510923
1341846678.066187 0.126696497 0.075594097 -0.266880661 0.051987514 0.011131709 0.064428128 0.996505082
1341846678.098076 0.115702264 0.072957925 -0.267200768 0.053617261 0.012281827 0.064881176 0.996375859
1341846678.134082 0.119140171 0.069339462 -0.272846401 0.054886620 0.008948303 0.065250158 0.996318161
1341846678.166092 0.129260689 0.071065940 -0.270258188 0.056205235 0.008484637 0.064807877 0.996277571
1341846678.204293 0.119373634 0.067216262 -0.276358783 0.057671029 0.010258852 0.064552680 0.996193647
1341846678.266209 0.126791477 0.065064505 -0.277097195 0.061483588 0.006158331 0.065102004 0.995963693
1341846678.298316 0.120909810 0.066784456 -0.280487984 0.062190495 0.005689977 0.065079764 0.995924056
1341846678.334135 0.125808254 0.064930528 -0.283230662 0.061948463 0.003081317 0.065000154 0.995955765
1341846678.366593 0.131472513 0.062529951 -0.278389245 0.063449554 0.002941058 0.064723663 0.995879710
1341846678.402292 0.126024827 0.062400904 -0.280206203 0.064935245 0.003306832 0.064990863 0.995765448
1341846678.439991 0.131606027 0.062842190 -0.276883274 0.065834291 0.002888134 0.065094993 0.995700836
