1341846313.592026 0.000000000 0.000000000 0.000000000 -0.000000000 -0.000000000 -0.000000000 1.000000000
1341846313.654184 0.006555358 -0.002313565 -0.003782382 -0.001223832 -0.003361329 0.005205332 0.999980032
1341846313.686156 0.015280182 -0.001261765 0.001665823 0.000091975 -0.005862822 0.004537729 0.999972522
1341846313.721918 0.022136306 0.002933161 -0.000781954 0.000472776 -0.007060321 0.005593462 0.999959350
1341846313.753994 0.029719494 0.000150719 0.002353851 -0.000429206 -0.007864092 0.006873597 0.999945343
1341846313.789969 0.038145073 0.000752991 0.001565329 0.000813543 -0.008672438 0.005477055 0.999947071
1341846313.822075 0.050189320 0.007244025 0.000881282 0.001555530 -0.008328000 0.004531233 0.999953866
1341846313.853928 0.060113702 0.003442340 0.002364301 0.000443639 -0.006717945 0.003740639 0.999970376
1341846313.890011 0.064357080 0.005629952 0.002531241 0.000404500 -0.004634825 0.004721682 0.999978065
1341846313.922055 0.073714793 0.013780181 -0.002270736 -0.000555657 -0.005118648 0.005379089 0.999972284
1341846313.957927 0.103444800 0.013264447 0.013070196 -0.002515612 -0.003698951 0.006243003 0.999970496
1341846313.990058 0.076794557 0.011349081 0.008751103 -0.004015930 0.007624024 0.006720330 0.999940336
1341846314.022042 0.085538000 0.017321063 -0.001569117 -0.005987874 0.008665920 0.008847245 0.999905407
1341846314.057816 0.115152277 0.021675311 0.013267275 -0.008885882 0.007606563 0.011421921 0.999866366
1341846314.089801 0.111103170 0.014130566 0.015318054 -0.008645891 0.015538998 0.010083709 0.999791086
1341846314.122037 0.106953606 0.026560141 0.011340416 -0.008497873 0.020479828 0.012387087 0.999677479
1341846314.157989 0.125072852 0.026624922 0.016696341 -0.010683546 0.021186804 0.013879152 0.999622166
1341846314.190094 0.147191897 0.021327376 0.011376823 -0.011782786 0.022496754 0.017442945 0.999525309
1341846314.225969 0.144813076 0.024760092 0.008569037 -0.014317574 0.025505338 0.019640012 0.999379218
1341846314.257923 0.149867386 0.018245297 0.015913393 -0.016952654 0.027661348 0.019497713 0.999283373
1341846314.290052 0.152924627 0.016902728 0.011270906 -0.015938696 0.029417768 0.018294470 0.999272704
1341846314.325981 0.154062301 0.025339577 0.009852217 -0.015695278 0.031365883 0.016458625 0.999249220
1341846314.357905 0.169006467 0.014440778 0.015602165 -0.018041741 0.033066075 0.015966296 0.999162734
1341846314.389899 0.168414116 0.023724658 0.014482120 -0.014780620 0.036735773 0.014463670 0.999111056
1341846314.427905 0.165447891 0.020735614 0.007900323 -0.015718304 0.040172543 0.013133628 0.998982787
1341846314.493987 0.179818168 0.020268209 0.017014816 -0.014128969 0.049665339 0.005956374 0.998648226
1341846314.526085 0.188334554 0.018211134 0.002876980 -0.014523404 0.051609721 0.005327881 0.998547554
1341846314.558292 0.207825676 0.023434319 0.010689672 -0.014968872 0.051763464 0.005222220 0.998533607
1341846314.594085 0.212999791 0.016913772 0.010270799 -0.014168619 0.056784671 0.004787894 0.998274446
1341846314.626096 0.211129010 0.022791896 0.005642424 -0.013403865 0.061867543 0.006290870 0.997974575
1341846314.658455 0.214074925 0.027111178 0.006013867 -0.014619730 0.064255156 0.004471648 0.997816384
1341846314.694004 0.227823943 0.020797540 0.011931479 -0.014934978 0.067381382 0.003693557 0.997608662
1341846314.725910 0.240847498 0.010078381 0.025607120 -0.012213954 0.068558171 0.008414295 0.997536898
1341846314.761942 0.245856211 0.011259740 0.022870535 -0.008508631 0.068480767 0.012832901 0.997533679
1341846314.794030 0.258782089 0.019001409 0.024706086 -0.004132286 0.070030913 0.014230067 0.997434795
1341846314.826092 0.268982381 0.021468071 0.016090725 -0.001891097 0.073842719 0.015439725 0.997148633
1341846314.862145 0.281389832 0.018532882 0.005103828 -0.002544757 0.076304764 0.016685706 0.996941686
1341846314.894072 0.285847843 0.019382171 0.009953030 -0.002572250 0.080474421 0.018374924 0.996584058
1341846314.925969 0.288747013 0.020083852 0.004613677 -0.002680048 0.083361462 0.022804443 0.996254861
1341846314.961937 0.291681737 0.030154010 -0.000372381 -0.004741076 0.083742894 0.027822826 0.996087611
1341846314.994564 0.296042323 0.033430681 0.011696469 -0.007561181 0.084617518 0.024855955 0.996074796
1341846315.029900 0.308589846 0.030734101 0.015761441 -0.008079086 0.087750927 0.022657359 0.995851994
1341846315.061965 0.312715232 0.031037318 0.017129015 -0.008834469 0.089879557 0.027401345 0.995536447
1341846315.094388 0.316312611 0.028380498 0.020237263 -0.008812962 0.089005478 0.027433926 0.995614290
1341846315.129851 0.323835403 0.027128376 0.009968232 -0.007003627 0.088841133 0.026351407 0.995672643
1341846315.161941 0.337552756 0.050533783 -0.000261619 -0.007469109 0.087418169 0.030926730 0.995663524
1341846315.197984 0.329786837 0.048504908 0.000196832 -0.014087481 0.086904667 0.025126372 0.995800138
1341846315.230076 0.341053963 0.044086497 0.005214788 -0.018087998 0.084930800 0.022412803 0.995970607
1341846315.262069 0.343415856 0.042593259 0.010415148 -0.021867394 0.082211986 0.026904315 0.996011674
1341846315.298000 0.356434196 0.036754664 0.022500558 -0.024301805 0.077365056 0.028282346 0.996305287
1341846315.329931 0.362157106 0.013551379 0.028293870 -0.023451032 0.075710908 0.028550103 0.996445119
1341846315.361981 0.362256855 0.018703198 0.020841068 -0.017409915 0.075583920 0.031145707 0.996500850
1341846315.397962 0.366501480 0.020403659 0.014487829 -0.014226243 0.075697802 0.034459379 0.996433675
1341846315.429923 0.373081028 0.026061833 0.010131679 -0.010507088 0.077295035 0.035570569 0.996318161
1341846315.466047 0.380720258 0.034030683 0.011043500 -0.008320193 0.081063889 0.037633672 0.995963454
1341846315.497883 0.383692086 0.032223303 0.020416133 -0.009864610 0.083865784 0.041711528 0.995554805
1341846315.530008 0.388064146 0.031078883 0.020153254 -0.009952357 0.084736109 0.042879142 0.995430708
1341846315.566108 0.389036715 0.031841371 0.021597218 -0.011005769 0.086252727 0.044213206 0.995230913
1341846315.597986 0.394324481 0.027972788 0.015094938 -0.011758715 0.087147921 0.044170544 0.995146215
1341846315.630109 0.394588590 0.029051820 0.019024752 -0.011220739 0.088609189 0.042200569 0.995108902
1341846315.666042 0.399539113 0.030493364 -0.001919711 -0.012259041 0.089521781 0.042231262 0.995013654
1341846315.698114 0.416048229 0.044248473 -0.010220675 -0.016157174 0.091235094 0.043086641 0.994765639
1341846315.733985 0.402107686 0.026829347 0.000482785 -0.020773819 0.095818803 0.043451630 0.994232953
1341846315.766041 0.393430889 0.030912882 0.003465153 -0.019945914 0.094331153 0.043789756 0.994377375
1341846315.798188 0.399315238 0.025120009 -0.002966256 -0.021661799 0.092909120 0.043623153 0.994482636
1341846315.834140 0.393722773 0.020690626 0.002883967 -0.020983633 0.096084923 0.041630145 0.994280815
1341846315.866751 0.387610078 0.016508440 -0.003863637 -0.018947998 0.098206691 0.040276717 0.994170189
1341846315.898492 0.384788811 0.015736206 0.004599280 -0.017749192 0.098930560 0.040316492 0.994118929
1341846315.936901 0.379261613 0.010470317 -0.004716863 -0.015316891 0.100965492 0.038585301 0.994023442
1341846315.966572 0.372662932 0.012613085 -0.000591064 -0.011443967 0.103005536 0.037691489 0.993900537
1341846316.034204 0.368325561 0.012268366 0.018275945 -0.007832010 0.101585552 0.036900941 0.994111359
1341846316.066113 0.359983414 0.009774989 0.016284753 -0.005534800 0.102100156 0.036914062 0.994073629
1341846316.101867 0.357593656 0.014302352 0.008248266 -0.003631561 0.100060500 0.039102197 0.994206131
1341846316.134066 0.346796542 0.018168384 0.012413984 -0.004090808 0.097545281 0.035980903 0.994572103
1341846316.202049 0.332687855 0.007490503 0.012965038 -0.004667583 0.093047738 0.031546369 0.995150864
1341846316.233979 0.319508731 0.012531107 0.005175578 -0.003339942 0.093184225 0.029071666 0.995218813
1341846316.270052 0.314527839 0.011721117 0.007610302 -0.004741133 0.094496228 0.025582377 0.995185196
1341846316.301915 0.307086915 0.000209265 0.009341561 -0.005598373 0.095592499 0.023933116 0.995117068
1341846316.334208 0.299502730 0.000195782 0.015387076 -0.003972932 0.095071524 0.025688674 0.995131016
1341846316.370006 0.296433598 0.003008259 0.024229888 -0.001374803 0.093455866 0.025997845 0.995283008
1341846316.401994 0.301337570 0.004985524 0.024546664 0.000353829 0.090920232 0.028880496 0.995439291
1341846316.438069 0.298536450 0.001157632 0.028278943 0.002445257 0.090031251 0.031758748 0.995429516
1341846316.470076 0.280739278 -0.002756677 0.026350727 0.006816489 0.091003127 0.033269942 0.995271385
1341846316.502034 0.257217914 0.010151963 0.016150417 0.010072770 0.090910017 0.034177247 0.995221555
1341846316.537975 0.259721965 0.011537841 0.011886111 0.007374105 0.086471342 0.033058960 0.995678425
1341846316.570121 0.248091415 -0.001983408 0.016037377 0.005781823 0.087282009 0.029115105 0.995741367
1341846316.601885 0.243418261 -0.001058267 0.022088526 0.008354071 0.086771913 0.028394500 0.995788455
1341846316.638009 0.229387537 -0.002722778 0.019811731 0.010666426 0.086178452 0.029425293 0.995787978
1341846316.669925 0.218802601 -0.009533158 0.016610086 0.012607718 0.086085491 0.028874651 0.995789468
1341846316.705941 0.221603945 -0.014511525 0.016226571 0.016558390 0.084903494 0.029907873 0.995802581
1341846316.738062 0.202021241 -0.009086833 0.009959961 0.019178849 0.085827984 0.031834517 0.995616615
1341846316.770433 0.187255457 0.000090818 0.005140610 0.019461393 0.085892864 0.032067828 0.995598018
1341846316.805932 0.183256015 -0.012124225 0.009575626 0.018886356 0.085727915 0.031038322 0.995655894
1341846316.838029 0.174673826 -0.008570763 0.019957248 0.020455506 0.084200278 0.032711137 0.995701790
1341846316.870034 0.162111804 -0.013092132 0.019090969 0.020680910 0.081408873 0.033677489 0.995896995
1341846316.906344 0.154772475 -0.011761851 0.017310992 0.022067742 0.078103498 0.032491870 0.996171236
1341846316.937940 0.150618672 -0.006931690 0.012191825 0.022494242 0.076656379 0.029422395 0.996369481
1341846316.973994 0.141628057 -0.007461194 0.019641940 0.021660484 0.075109437 0.030031238 0.996487617
1341846317.005913 0.136749625 -0.012769602 0.021049563 0.020025024 0.071799040 0.031121409 0.996732354
1341846317.037936 0.128986657 -0.012110497 0.022900902 0.020857507 0.069539450 0.030143443 0.996905565
1341846317.073972 0.130857319 -0.016990297 0.020429475 0.021325391 0.066696830 0.032389347 0.997019470
1341846317.106113 0.123686671 -0.019805867 0.022991145 0.023461364 0.064982347 0.036455188 0.996944308
1341846317.137887 0.095532544 -0.019718641 -0.002770298 0.026957838 0.061050467 0.038274001 0.997036278
1341846317.173970 0.102609806 -0.014527762 -0.000509686 0.028408272 0.052050497 0.040170986 0.997431695
1341846317.205887 0.103078209 -0.013487834 0.006068339 0.028700454 0.048285693 0.041375104 0.997563541
1341846317.248131 0.070175640 -0.015230347 0.033437591 0.030134266 0.049034316 0.043205895 0.997407019
1341846317.306289 0.056758422 -0.016798282 0.029646361 0.031451400 0.043118831 0.047114749 0.997462690
1341846317.348137 0.068949804 -0.019569438 0.024105610 0.032519352 0.041712679 0.049128219 0.997391105
1341846317.410120 0.047554504 -0.017837618 0.023115387 0.034278795 0.041931573 0.054106463 0.997065365
1341846317.442569 0.046759121 -0.024363378 0.021661742 0.036894575 0.041678548 0.057504147 0.996792376
1341846317.474010 0.032497168 -0.030960375 0.018800976 0.041649129 0.043105990 0.058893807 0.996463120
1341846317.509927 0.028073687 -0.021225365 0.016185125 0.045418926 0.040019348 0.063426413 0.996148944
1341846317.542282 0.023465542 -0.021566864 0.015312849 0.044331584 0.036931030 0.064447686 0.996251643
1341846317.573943 0.012303273 -0.035359219 0.009921904 0.042473797 0.038848650 0.061925802 0.996419609
1341846317.610159 0.004077902 -0.035795949 0.015203519 0.045608211 0.041171852 0.062804729 0.996132731
1341846317.643553 -0.016620327 -0.030785168 0.016095633 0.048506927 0.041817844 0.065060183 0.995824099
1341846317.677993 -0.028568212 -0.028282721 0.023610370 0.049947239 0.038908724 0.067509837 0.995707691
1341846317.709996 -0.030508019 -0.027163941 0.020406513 0.052925583 0.035826314 0.067370005 0.995679021
1341846317.741834 -0.034617245 -0.019361997 0.022036733 0.053723495 0.034292884 0.067772925 0.995662928
1341846317.777923 -0.045114946 -0.019550670 0.032773402 0.051891845 0.033558562 0.067007735 0.995836854
1341846317.810021 -0.055996861 -0.026343521 0.032221701 0.050890401 0.032393042 0.065254837 0.996043503
1341846317.841886 -0.074083969 -0.020966355 0.025044873 0.050450418 0.032613140 0.061691254 0.996285796
1341846317.878017 -0.079039633 -0.013313109 0.034186807 0.048834309 0.031978935 0.058263481 0.996593177
1341846317.909910 -0.076753162 -0.017416101 0.037904274 0.047742598 0.032234408 0.055123776 0.996816456
1341846317.946031 -0.090176500 -0.020800166 0.037718091 0.049003225 0.033740681 0.056769423 0.996613085
1341846317.978041 -0.102735966 -0.025215466 0.039460808 0.050767049 0.032918882 0.056666661 0.996558070
1341846318.009897 -0.106372505 -0.022018595 0.040661119 0.053365286 0.033209912 0.054346375 0.996541917
1341846318.045949 -0.120136425 -0.016005440 0.042494584 0.054035448 0.034907814 0.052865356 0.996527433
1341846318.078074 -0.130940378 -0.019525686 0.039297394 0.052915741 0.033390027 0.051584698 0.996706665
1341846318.109894 -0.132947147 -0.018328661 0.039756436 0.052834388 0.028535055 0.050259810 0.996929467
1341846318.145957 -0.136982620 -0.018097917 0.046594288 0.052021652 0.026159378 0.047529876 0.997171164
1341846318.178001 -0.147146076 -0.026015595 0.043322641 0.050407644 0.026929760 0.044407979 0.997377455
1341846318.214074 -0.163536713 -0.030788980 0.035701811 0.051065519 0.025515320 0.043640863 0.997415125
1341846318.245970 -0.182754934 -0.038542289 0.033528116 0.053529106 0.021150853 0.043364868 0.997400045
1341846318.278018 -0.183122009 -0.035224743 0.039998237 0.057948504 0.015517381 0.043808494 0.997237206
1341846318.313937 -0.190836966 -0.030782407 0.046797313 0.060517691 0.009184443 0.043125600 0.997192800
1341846318.345989 -0.192777410 -0.032287274 0.050059143 0.062055543 -0.000950572 0.043415461 0.997127593
1341846318.382046 -0.204415560 -0.034844626 0.060516942 0.063934878 -0.007238765 0.042321313 0.997030079
1341846318.414072 -0.233271793 -0.039053034 0.026088431 0.064513452 -0.012006883 0.040810194 0.997009754
1341846318.446035 -0.234965444 -0.038908903 0.031947311 0.067127101 -0.019086715 0.041033655 0.996717572
1341846318.482196 -0.243000194 -0.039354317 0.025584582 0.068143435 -0.020688318 0.040521439 0.996637583
1341846318.514144 -0.252734423 -0.040572710 0.026606187 0.068078339 -0.022046318 0.041445691 0.996574938
1341846318.546259 -0.260157526 -0.043562021 0.032976314 0.069642760 -0.023285856 0.041181296 0.996449590
1341846318.582042 -0.265324146 -0.039756641 0.027511904 0.071457036 -0.023698810 0.041885518 0.996282041
1341846318.614115 -0.282192618 -0.037840154 0.025417360 0.071202092 -0.023109650 0.040405609 0.996375263
1341846318.650038 -0.290459365 -0.037350871 0.028171662 0.070859618 -0.023554441 0.037458759 0.996504366
1341846318.682350 -0.302933365 -0.036663465 0.028719846 0.070511967 -0.023446748 0.034929954 0.996623456
1341846318.714063 -0.314073652 -0.035474773 0.025253048 0.070192665 -0.024422806 0.034644283 0.996632516
1341846318.749905 -0.316109031 -0.043245133 0.026664304 0.070511587 -0.024954611 0.036340509 0.996536374
1341846318.782036 -0.331011862 -0.040106624 0.023150612 0.072470210 -0.024791826 0.037561379 0.996354640
1341846318.814121 -0.339199305 -0.039784979 0.019173462 0.072660886 -0.030863745 0.036288176 0.996218383
1341846318.850072 -0.349168599 -0.045609917 0.013582713 0.072662868 -0.036719833 0.034162994 0.996094704
1341846318.883516 -0.373044580 -0.050970335 0.011694986 0.074874125 -0.042694859 0.031816956 0.995770454
1341846318.918047 -0.373734236 -0.045150548 0.017640170 0.078834921 -0.056895185 0.031199275 0.994773686
1341846318.950044 -0.389161736 -0.049041711 0.020438846 0.080668911 -0.064995229 0.027944334 0.994226992
1341846318.982028 -0.390955508 -0.049714833 0.016890809 0.081952088 -0.069531471 0.025747202 0.993874431
1341846319.018123 -0.409489542 -0.049606588 0.015035394 0.081590682 -0.073727615 0.025226668 0.993615031
1341846319.050745 -0.406630129 -0.057598643 0.025198149 0.082536824 -0.081655376 0.024462368 0.992935896
1341846319.081905 -0.410249859 -0.051650722 0.016965378 0.088893883 -0.081503786 0.021713942 0.992463350
1341846319.117976 -0.431906849 -0.046514690 0.009319806 0.091570519 -0.080051683 0.027554000 0.992193282
1341846319.150093 -0.440983295 -0.053457458 0.007401978 0.092785031 -0.084707901 0.034730203 0.991468251
1341846319.186069 -0.436855674 -0.038403817 0.006566298 0.095386848 -0.086376190 0.034550071 0.991083682
1341846319.218149 -0.433602959 -0.012623048 0.008529778 0.093796395 -0.081485696 0.031880058 0.991738915
1341846319.250034 -0.448620141 -0.021274075 0.007951381 0.086771548 -0.074589252 0.031246360 0.992940485
1341846319.286594 -0.455889970 -0.031322867 0.016271878 0.084096096 -0.071850494 0.035694748 0.993222713
1341846319.318034 -0.460573465 -0.031846561 0.015826190 0.085019387 -0.071469352 0.039186105 0.993039906
1341846319.350268 -0.475855738 -0.039486755 0.012458310 0.085323520 -0.070732526 0.045989763 0.992774785
1341846319.386163 -0.494379550 -0.043091640 0.012866188 0.086818464 -0.074801005 0.054295883 0.991927087
1341846319.418386 -0.495735914 -0.038649417 0.007326657 0.088540755 -0.080720261 0.054401379 0.991304874
1341846319.453961 -0.496354401 -0.037714917 0.011335965 0.088995241 -0.082974389 0.050827898 0.991267681
1341846319.486271 -0.514081538 -0.035043519 0.004088283 0.088198863 -0.082510322 0.049587008 0.991440475
1341846319.554083 -0.528731823 -0.036703937 0.010053763 0.082687058 -0.089045241 0.048273455 0.991414964
1341846319.586296 -0.542141557 -0.035956722 0.008943297 0.083290197 -0.088105835 0.044474829 0.991626024
1341846319.622031 -0.559638798 -0.037093066 -0.009567432 0.081373110 -0.090923533 0.041604299 0.991655409
1341846319.653962 -0.566579103 -0.045067780 0.006301331 0.080427997 -0.096315458 0.040484287 0.991269708
1341846319.686352 -0.574255645 -0.045570396 0.001087611 0.082230464 -0.099873513 0.041758843 0.990716755
1341846319.721992 -0.579055429 -0.039087914 -0.000635496 0.083281204 -0.104381397 0.042414688 0.990136266
1341846319.754063 -0.585452974 -0.024079554 -0.006388513 0.080992319 -0.106644824 0.042342991 0.990088046
1341846319.786397 -0.587462664 -0.023668140 0.004238827 0.076739453 -0.107162677 0.046016704 0.990206897
1341846319.822008 -0.596911669 -0.022453522 -0.000151496 0.073416375 -0.107534081 0.050495330 0.990200400
1341846319.853917 -0.600081444 -0.022546947 -0.001717617 0.068230726 -0.108612455 0.054186136 0.990258515
1341846319.889942 -0.605574250 -0.032319404 0.009435963 0.064682744 -0.109421149 0.059142426 0.990123928
1341846319.922039 -0.614822030 -0.051257420 -0.015814388 0.062329192 -0.112941533 0.060558416 0.989793956
1341846319.953946 -0.611216187 -0.052446403 -0.004733625 0.063063085 -0.119961895 0.056374110 0.989168525
1341846319.990054 -0.610512733 -0.050457135 -0.010254954 0.066032670 -0.122881144 0.049450841 0.988986671
1341846320.028122 -0.615924239 -0.047367409 0.008923123 0.068705805 -0.126934141 0.048663352 0.988331556
1341846320.090047 -0.597956181 -0.036048677 0.014193235 0.074946381 -0.135492280 0.048567869 0.986745179
1341846320.122011 -0.586761057 -0.036956314 0.017359827 0.075327203 -0.133744612 0.050467454 0.986859262
1341846320.157952 -0.578796685 -0.039228294 0.018602142 0.075525887 -0.131368190 0.050536398 0.987159729
1341846320.190003 -0.563958645 -0.045836821 0.026892342 0.077928036 -0.128284261 0.049583454 0.987426937
1341846320.221941 -0.557022572 -0.047181167 0.040914834 0.082044244 -0.124962471 0.051262829 0.987433732
1341846320.258015 -0.549162865 -0.053604785 0.023439739 0.085661925 -0.124097474 0.053946000 0.987092555
1341846320.289887 -0.539226413 -0.065775543 0.014264725 0.090530783 -0.124518454 0.053777996 0.986614048
1341846320.321954 -0.525511682 -0.060802177 0.024134465 0.100326948 -0.126210257 0.053518459 0.985464990
1341846320.357890 -0.511382401 -0.048335649 0.031968657 0.106548376 -0.126275867 0.054882124 0.984728336
1341846320.390064 -0.489760578 -0.049027815 0.031676855 0.107827060 -0.123106070 0.055364385 0.984963536
1341846320.426544 -0.467465729 -0.044963904 0.065945633 0.111224800 -0.116605036 0.051697630 0.985575795
1341846320.458122 -0.468881756 -0.045517221 0.054668687 0.112158537 -0.108086713 0.049066529 0.986575007
1341846320.490186 -0.448345214 -0.057804264 0.049880680 0.114856847 -0.100789167 0.049112517 0.987034678
1341846320.525911 -0.443081886 -0.055248685 0.036479380 0.118745558 -0.092515752 0.046709012 0.987501204
1341846320.558091 -0.426614881 -0.049355567 0.027393345 0.119991355 -0.088950820 0.043622121 0.987819314
1341846320.594093 -0.404236138 -0.055205420 0.039704651 0.120698303 -0.085063457 0.041024376 0.988186836
1341846320.631955 -0.394329309 -0.051957417 0.036898572 0.123674370 -0.076632805 0.039707445 0.988562286
1341846320.664916 -0.379515797 -0.050285004 0.038647443 0.123411104 -0.074876145 0.038617402 0.988772988
1341846320.699927 -0.363420397 -0.049154330 0.042043902 0.124022558 -0.071190901 0.036320075 0.989055693
1341846320.731822 -0.353196979 -0.045809910 0.029515229 0.126242325 -0.063869573 0.034716036 0.989332259
1341846320.763877 -0.358443201 -0.018533211 0.019109648 0.125070333 -0.062238194 0.035972133 0.989540219
1341846320.799999 -0.340015441 -0.039559968 0.033617556 0.117094994 -0.064280629 0.030566810 0.990566790
1341846320.831871 -0.275808752 -0.057168584 0.010005934 0.117037967 -0.055560350 0.027516430 0.991190255
1341846320.863887 -0.332001120 -0.028318383 0.028880026 0.117876828 -0.043158133 0.026965592 0.991723478
1341846320.900014 -0.321774483 -0.045987677 0.035230007 0.109427869 -0.048940003 0.032636717 0.992252648
1341846320.931889 -0.287928432 -0.053808510 0.042519700 0.110528007 -0.049951263 0.031263139 0.992124498
1341846320.967866 -0.292743087 -0.026812466 0.037163112 0.111371286 -0.043322172 0.027302437 0.992458701
1341846321.000017 -0.288806915 -0.031765677 0.036209837 0.104805790 -0.043138776 0.025894850 0.993219197
1341846321.031860 -0.266105652 -0.045463972 0.036307201 0.101787247 -0.043293104 0.024279755 0.993567109
1341846321.068047 -0.257986009 -0.036978718 0.036365677 0.102763481 -0.039612457 0.021788910 0.993677914
1341846321.099840 -0.256684512 -0.038353469 0.032444961 0.100173742 -0.037831299 0.022368137 0.993998826
1341846321.131821 -0.233559489 -0.050224181 0.034824796 0.099816717 -0.037154090 0.024232991 0.994016647
1341846321.167887 -0.226821557 -0.046833642 0.033037093 0.102692142 -0.033129465 0.025405010 0.993836701
1341846321.200042 -0.222824782 -0.040181160 0.035355859 0.103446305 -0.030200452 0.024407061 0.993876815
1341846321.231950 -0.212341383 -0.047902945 0.036546905 0.102293447 -0.029268421 0.023449836 0.994047046
1341846321.267939 -0.195381358 -0.045186106 0.017282741 0.102688678 -0.027796660 0.018971546 0.994144142
1341846321.299948 -0.184624180 -0.045370325 0.033843227 0.101578474 -0.023425238 0.013052026 0.994466126
1341846321.331858 -0.184629425 -0.046663508 0.039860941 0.101858318 -0.019889299 0.009107579 0.994558394
1341846321.367913 -0.161136121 -0.058856446 0.026691873 0.102427185 -0.018092662 0.005624881 0.994560122
1341846321.399897 -0.153840750 -0.052168041 0.033862595 0.104801439 -0.012786899 0.004357683 0.994401455
1341846321.435994 -0.152843550 -0.055456255 0.038078330 0.106440187 -0.008791535 0.003678623 0.994273484
1341846321.467946 -0.138436988 -0.055486228 0.040538918 0.108228840 -0.006818730 0.004851077 0.994090855
1341846321.499882 -0.130075768 -0.051908609 0.046461880 0.109984688 -0.003588538 0.005143898 0.993913472
1341846321.536109 -0.103661068 -0.043628622 0.030958178 0.109790973 0.000523245 0.002895978 0.993950367
1341846321.568960 -0.114911005 -0.033259407 0.056475956 0.107341930 0.008767976 -0.000261804 0.994183481
1341846321.603938 -0.106848635 -0.045131635 0.049376927 0.103141539 0.011196446 -0.000505874 0.994603574
1341846321.637163 -0.071528725 -0.034697529 0.034293137 0.101201788 0.014398960 -0.001199819 0.994761050
1341846321.668306 -0.080008462 -0.033975311 0.049500067 0.096268207 0.025276380 0.001542137 0.995033264
1341846321.704411 -0.095424332 -0.036431447 0.052977212 0.093021974 0.027461596 0.008885547 0.995245695
1341846321.736861 -0.079533197 -0.035533980 0.053976443 0.091814972 0.024070477 0.018008154 0.995322287
1341846321.771881 -0.068755373 -0.020409327 0.059402492 0.090318546 0.023131398 0.023402380 0.995369196
1341846321.804114 -0.060422901 -0.024238521 0.063215859 0.085599385 0.025230702 0.026370112 0.995660961
1341846321.836152 -0.056532402 -0.016828820 0.063386343 0.082925014 0.027638426 0.026623093 0.995816648
1341846321.871882 -0.053728767 -0.005310764 0.066715576 0.078203164 0.028932681 0.024554303 0.996214986
1341846321.904074 -0.049747489 -0.010907707 0.065606713 0.071041398 0.030633811 0.020657659 0.996788859
1341846321.939847 -0.044645578 -0.016912449 0.070426688 0.066525102 0.033630051 0.018091308 0.997053742
1341846322.004094 -0.050789159 -0.020632336 0.071501233 0.059326679 0.031707183 0.017956106 0.997573376
1341846322.066178 -0.031514823 -0.029036956 0.068798140 0.054226667 0.035893470 0.014911829 0.997771919
1341846322.107979 -0.033866335 -0.045016728 0.072355226 0.051001690 0.038247835 0.013622649 0.997872949
1341846322.166164 -0.037528716 -0.065241680 0.074615777 0.054284967 0.038382452 0.012780315 0.997705698
1341846322.202932 -0.030510115 -0.072640181 0.068394504 0.055380907 0.035206366 0.014610086 0.997737467
1341846322.234093 -0.032866273 -0.075436912 0.063087285 0.054341305 0.034126703 0.011902258 0.997868121
1341846322.265941 -0.035504498 -0.083174810 0.068421111 0.051964398 0.031435825 0.011791859 0.998084426
1341846322.301996 -0.023672042 -0.099360228 0.067661390 0.049550660 0.028864257 0.013570204 0.998262227
1341846322.333949 -0.034966480 -0.113348894 0.061736867 0.048460264 0.027798140 0.012641552 0.998358190
1341846322.369871 -0.023459986 -0.129521444 0.063761771 0.049175989 0.021460015 0.009385309 0.998515487
1341846322.402292 -0.008134810 -0.148110852 0.059663408 0.050461099 0.022110146 0.003822709 0.998473942
1341846322.433955 -0.021367164 -0.162213475 0.066607095 0.055777922 0.025269186 -0.001308444 0.998122513
1341846322.470030 -0.021916796 -0.171683416 0.073710077 0.064314999 0.020895733 0.002219529 0.997708440
1341846322.502433 -0.012327252 -0.186652824 0.070379153 0.070551984 0.017348627 0.005312912 0.997343123
1341846322.534002 -0.003623465 -0.202802464 0.066188864 0.079421505 0.016302748 0.007473941 0.996679783
1341846322.570196 -0.001782279 -0.218997464 0.072402172 0.088370085 0.015789056 0.010889352 0.995903075
1341846322.601920 -0.003575266 -0.235718653 0.066258870 0.093097128 0.012390834 0.014588940 0.995473027
1341846322.638119 0.007367014 -0.240544066 0.068111718 0.099458039 0.008904693 0.012659100 0.994921446
1341846322.669947 0.021880183 -0.245863274 0.067891285 0.104299717 0.011105110 0.012832266 0.994401157
1341846322.702026 0.004096215 -0.262577623 0.070971243 0.107342117 0.014444686 0.013765237 0.994021893
1341846322.738006 0.008696720 -0.256987631 0.074956819 0.109703995 0.011495840 0.015299526 0.993780077
1341846322.770087 0.015713677 -0.281801462 0.076881640 0.108769163 0.011833815 0.015011688 0.993883252
1341846322.806047 0.004946771 -0.298563182 0.077085085 0.111952767 0.012546385 0.016525110 0.993496954
1341846322.838063 0.001581570 -0.299094498 0.073110148 0.114438899 0.007718173 0.018138306 0.993234754
1341846322.870081 0.007794356 -0.318526775 0.070931390 0.115882903 0.002358525 0.018985568 0.993078649
1341846322.906018 0.018259460 -0.319765270 0.081199147 0.121130407 0.000112833 0.019289343 0.992449164
1341846322.938349 0.013923444 -0.302367032 0.082855016 0.122744031 0.001433751 0.020376243 0.992228150
1341846322.970069 0.012739002 -0.309177458 0.085168496 0.117784835 0.001238053 0.022376832 0.992786288
1341846323.011820 0.019754758 -0.328899324 0.092861809 0.114571400 0.001176358 0.022753410 0.993153811
1341846323.073951 0.020433415 -0.321843266 0.088228114 0.112313844 0.000731383 0.027411565 0.993294358
1341846323.105962 0.022446979 -0.344134092 0.085857332 0.108413249 0.000868128 0.027101031 0.993736088
1341846323.138158 0.021170575 -0.345353127 0.088925451 0.109316401 0.000936194 0.023277525 0.993733943
1341846323.174092 0.020303931 -0.350153327 0.092309639 0.106949292 0.000473101 0.022457616 0.994010746
1341846323.206059 0.029329590 -0.355124593 0.086139932 0.104044899 -0.000439662 0.019990111 0.994371653
1341846323.238053 0.035072219 -0.355838209 0.088162713 0.101529904 0.002288942 0.017904023 0.994668722
1341846323.273997 0.013785802 -0.355648130 0.088370889 0.097711168 0.003678676 0.019228758 0.995022237
1341846323.305946 0.022422990 -0.368085146 0.087982304 0.091835946 -0.000967404 0.019352172 0.995585620
1341846323.342027 0.051708173 -0.385744393 0.102556452 0.089460380 -0.000671713 0.018485548 0.995818615
1341846323.374048 0.027609896 -0.393474996 0.104149267 0.089918338 0.004276061 0.019627903 0.995746553
1341846323.405987 0.010266379 -0.406959891 0.090432815 0.089633964 0.000955521 0.024915453 0.995662689
1341846323.441956 0.027433222 -0.416537851 0.099290676 0.090799272 -0.004231037 0.026859462 0.995498002
1341846323.473878 0.030094428 -0.432088107 0.095433116 0.094469994 -0.002752081 0.025301114 0.995202422
1341846323.506129 0.022635331 -0.421877384 0.097342521 0.097866416 -0.002413616 0.022577975 0.994940519
1341846323.541972 0.034732308 -0.421723247 0.099129535 0.096360415 -0.003406143 0.021286795 0.995113075
1341846323.573913 0.056763999 -0.445499569 0.085073799 0.094677739 -0.000097351 0.015483538 0.995387614
1341846323.609927 0.044646159 -0.440671682 0.090017423 0.095827766 0.006998395 0.012227906 0.995298207
1341846323.642014 0.030620199 -0.450773209 0.094014861 0.094576761 0.009337294 0.012935010 0.995389760
1341846323.674081 0.030144043 -0.463140011 0.092683613 0.094402112 0.007538436 0.015489470 0.995385110
1341846323.710069 0.034717634 -0.485937476 0.086990058 0.095174879 0.005930151 0.019559301 0.995250762
1341846323.742111 0.026054284 -0.497974992 0.086451977 0.099801704 0.004553739 0.019403152 0.994807720
1341846323.774928 0.026573634 -0.492701411 0.084235370 0.103796817 0.002336816 0.016986869 0.994450748
1341846323.810012 0.029075623 -0.495714158 0.086769283 0.105260894 0.001063839 0.013762969 0.994348884
1341846323.842207 0.033282749 -0.502588511 0.087136798 0.106360883 0.000956930 0.008740405 0.994288743
1341846323.878019 0.024653919 -0.513506114 0.081784308 0.107045807 0.000737306 0.004512724 0.994243622
1341846323.909826 0.029440321 -0.529395044 0.075959250 0.110138945 -0.001105770 -0.000269234 0.993915558
1341846323.942459 0.024807828 -0.527806818 0.075679272 0.114261821 -0.001049398 -0.000592552 0.993449986
1341846323.978055 0.015946424 -0.533939481 0.075997911 0.116605379 -0.003465259 0.000588444 0.993172109
1341846324.015934 0.029157057 -0.537498236 0.074268587 0.120308161 -0.006451260 0.000977078 0.992715180
1341846324.047722 0.032582205 -0.526717126 0.072988436 0.124373935 -0.004998391 -0.000120294 0.992222846
1341846324.083904 0.032127522 -0.507702708 0.075513676 0.125391811 -0.003581677 -0.000322780 0.992100775
1341846324.115968 0.032461163 -0.509880364 0.073877387 0.122596540 -0.001778088 -0.002295821 0.992452383
1341846324.151967 0.045340240 -0.511381745 0.068443149 0.121710986 0.000608483 -0.006876895 0.992541671
1341846324.183941 0.037138920 -0.495358020 0.075513862 0.119360924 0.005452414 -0.010986923 0.992775202
1341846324.219984 0.027024116 -0.487640470 0.074195482 0.115255401 0.007717796 -0.009729417 0.993258297
1341846324.251968 0.021038244 -0.490016103 0.078772388 0.114333324 0.008084850 -0.009959946 0.993359685
1341846324.284052 0.018380456 -0.475076228 0.075926006 0.115229808 0.007527324 -0.011103985 0.993248343
1341846324.319880 0.012390111 -0.453897744 0.081041969 0.114482716 0.003958047 -0.010681218 0.993359923
1341846324.351917 0.014735290 -0.434250563 0.083704039 0.111227386 0.000420451 -0.012154398 0.993720591
1341846324.388001 0.031975698 -0.432351202 0.077201799 0.106475845 -0.000232043 -0.016055955 0.994185627
1341846324.419908 0.025613979 -0.413416028 0.086752012 0.102135330 0.002361207 -0.018719383 0.994591594
1341846324.452027 0.017430587 -0.414415449 0.090088949 0.097120509 0.003083350 -0.018937621 0.995087683
1341846324.487928 0.013869088 -0.409295052 0.090576246 0.095406309 0.002900561 -0.016859243 0.995291412
1341846324.519985 0.004349776 -0.397574872 0.089137957 0.094224997 0.000965251 -0.012078645 0.995477200
1341846324.556001 0.001977046 -0.372433990 0.094143033 0.093307786 -0.004060335 -0.007944279 0.995597363
1341846324.587888 0.004896163 -0.357587099 0.097496107 0.089983620 -0.007483215 -0.005923386 0.995897532
1341846324.620086 0.005291088 -0.355958551 0.094385073 0.087136991 -0.009971963 -0.008301477 0.996111870
1341846324.655955 0.014572284 -0.350374103 0.088590190 0.085267656 -0.011657354 -0.009143470 0.996248007
1341846324.688082 0.009024980 -0.343652129 0.104809545 0.085017286 -0.011352461 -0.008655386 0.996277213
1341846324.755922 -0.005917966 -0.304569930 0.098104045 0.086974435 -0.014028976 -0.005141854 0.996098518
1341846324.814016 0.020042032 -0.266352534 0.086031377 0.081822403 -0.021474354 -0.007391818 0.996388197
1341846324.849979 0.006507088 -0.262928456 0.093639493 0.075599715 -0.017373677 -0.010119922 0.996935546
1341846324.881924 -0.002677563 -0.261562169 0.104030207 0.072328687 -0.018230705 -0.010396343 0.997160077
1341846324.913902 0.003462240 -0.251844198 0.104748815 0.071367539 -0.020043671 -0.007406443 0.997221172
1341846324.949999 0.002211610 -0.256512731 0.104352400 0.071344875 -0.020153591 -0.004567534 0.997237623
1341846324.981922 -0.009206233 -0.251639098 0.109846763 0.075719967 -0.022265639 -0.000735569 0.996880293
1341846325.018013 -0.015037353 -0.226317182 0.114642635 0.081860490 -0.026888281 0.001420817 0.996280074
1341846325.050079 -0.015088890 -0.220231310 0.100971445 0.082664356 -0.032282799 0.000480079 0.996054351
1341846325.081901 -0.012781369 -0.198540643 0.100891478 0.082482100 -0.037983894 -0.001807007 0.995866835
1341846325.118531 0.000977206 -0.181523055 0.100831226 0.078328095 -0.040442508 -0.003902173 0.996099353
1341846325.149933 -0.002386787 -0.183298662 0.103387624 0.072001934 -0.037629537 -0.005700747 0.996678114
1341846325.181925 -0.006239745 -0.176945820 0.104955256 0.068752378 -0.036475331 -0.003506517 0.996960640
1341846325.218055 -0.010432874 -0.159985408 0.115804277 0.067175902 -0.036067031 0.001082816 0.997088492
1341846325.249811 -0.016042180 -0.150031641 0.120247588 0.065066308 -0.036011789 0.004471209 0.997220933
1341846325.285925 -0.011474317 -0.138874263 0.115357809 0.062657975 -0.036816794 0.008081148 0.997323096
1341846325.317988 0.005793377 -0.143290147 0.116639979 0.059793111 -0.035629284 0.011209854 0.997511744
1341846325.349844 -0.001791094 -0.146144882 0.122683346 0.062573805 -0.030052293 0.012949548 0.997503757
1341846325.387302 0.004395252 -0.143405065 0.120178342 0.066619284 -0.027844615 0.015328443 0.997272134
1341846325.417931 0.015154202 -0.129547030 0.127009526 0.070236638 -0.023265995 0.019546475 0.997067451
1341846325.450747 0.012886096 -0.136321038 0.124175027 0.074567787 -0.014221921 0.019108765 0.996931434
1341846325.485954 -0.003045487 -0.116895474 0.135414243 0.084178992 -0.006779838 0.021813396 0.996188819
1341846325.517875 -0.003042317 -0.110443145 0.136284873 0.087643839 -0.004156936 0.024522683 0.995841384
1341846325.553859 -0.001935765 -0.104877383 0.139595643 0.090746537 -0.000645217 0.024150053 0.995580971
1341846325.585855 -0.008148530 -0.080560029 0.142043740 0.094154537 0.003039371 0.023027634 0.995286584
1341846325.617990 -0.009042287 -0.061176188 0.138713941 0.091464885 0.004730080 0.022131506 0.995551109
1341846325.653982 -0.011693214 -0.074796423 0.141814977 0.087724581 0.006831425 0.019074129 0.995938718
1341846325.685819 -0.012775638 -0.075559810 0.146699339 0.093045369 0.008139421 0.020465504 0.995418310
1341846325.717857 -0.016784014 -0.059856292 0.144387856 0.097903855 0.009319125 0.027947180 0.994759798
1341846325.754083 -0.021490989 -0.061804164 0.149460569 0.100754611 0.009690643 0.031450432 0.994366884
1341846325.786087 -0.016314127 -0.053903226 0.152299538 0.107635625 0.009683571 0.032944128 0.993597329
1341846325.821856 -0.018055858 -0.033060759 0.154549971 0.112281635 0.011671757 0.034457348 0.993010223
1341846325.853827 -0.025016686 -0.028741395 0.156338528 0.112822227 0.012491578 0.037761252 0.992818832
1341846325.885958 -0.036403671 -0.012696221 0.150458872 0.113778546 0.010253402 0.043191053 0.992513955
1341846325.921984 -0.032101411 -0.010436824 0.158476397 0.112600885 0.005781229 0.047876045 0.992469430
1341846325.953899 -0.018489227 -0.006049931 0.160981745 0.115642637 0.005535787 0.049587123 0.992036998
1341846325.985823 -0.024452111 0.008033028 0.167762801 0.118879296 0.008684769 0.053301670 0.991438985
1341846326.021991 -0.028701223 0.011379831 0.168784872 0.121940099 0.009063170 0.059251983 0.990725875
1341846326.054055 -0.024770349 0.021342106 0.170167118 0.126838505 0.007871486 0.062677942 0.989909887
1341846326.089984 -0.020267116 0.037367199 0.161026612 0.129321262 0.009585589 0.061556123 0.989643931
1341846326.121822 -0.021934329 0.049658380 0.165514767 0.129161105 0.013940493 0.059402261 0.989744663
1341846326.154079 -0.027574096 0.050003268 0.171467125 0.129383042 0.016761070 0.057901122 0.989760935
1341846326.190178 -0.031218249 0.062068641 0.174819082 0.132025093 0.016373206 0.060600393 0.989256740
1341846326.222162 -0.035268325 0.081508860 0.171682715 0.131801710 0.014572633 0.066041507 0.988966405
1341846326.259181 -0.035190679 0.093613580 0.182456851 0.128704533 0.011749653 0.069791429 0.989154339
1341846326.322766 -0.030857926 0.119964100 0.186094046 0.121633820 0.011194447 0.068668999 0.990133584
1341846326.359773 -0.026087962 0.123636186 0.183519244 0.117273241 0.012342626 0.067029811 0.990758181
1341846326.392109 -0.023798944 0.116756275 0.190081656 0.115026735 0.014083856 0.068363279 0.990907133
1341846326.423985 -0.030150741 0.122856565 0.196491629 0.119539931 0.015236976 0.073161855 0.990012884
1341846326.459869 -0.037100144 0.139707372 0.193505913 0.122006141 0.013078813 0.076899931 0.989459455
1341846326.526163 -0.025802355 0.174169511 0.193343803 0.122779235 0.014097767 0.076363996 0.989391267
1341846326.560211 -0.027564432 0.185063452 0.206951499 0.117583483 0.018112754 0.076371476 0.989956379
1341846326.591828 -0.029970111 0.183591694 0.206083432 0.113592699 0.020458577 0.078199781 0.990233839
1341846326.627027 -0.028700110 0.198194802 0.206626579 0.113735750 0.021952733 0.077402674 0.990248024
1341846326.658442 -0.024098301 0.221048564 0.212997794 0.112616286 0.025643149 0.076027736 0.990393758
1341846326.694856 -0.032993417 0.231669739 0.221511289 0.109014019 0.029627806 0.075824052 0.990701258
1341846326.726206 -0.029043509 0.254286736 0.221404418 0.103604980 0.030057687 0.074098833 0.991398990
1341846326.762753 -0.022012705 0.266126305 0.210552439 0.097230032 0.031958550 0.071504757 0.992175460
1341846326.826821 -0.028880550 0.312819391 0.224194303 0.083524331 0.038446672 0.067722701 0.993458211
1341846326.858887 -0.027122118 0.313384354 0.235876173 0.074273795 0.039566815 0.066889167 0.994205117
1341846326.895360 -0.033883866 0.311894238 0.234003216 0.071276657 0.039649375 0.068664677 0.994300187
1341846326.926897 -0.039636772 0.302629083 0.242335826 0.072730601 0.036353096 0.069002733 0.994297445
1341846326.958888 -0.034543477 0.320329934 0.235504210 0.075630151 0.033739775 0.072736487 0.993906975
1341846326.994594 -0.031359483 0.336235642 0.234813273 0.076762676 0.034009818 0.074483834 0.993681550
1341846327.026301 -0.033676494 0.351518214 0.232796356 0.075019471 0.035721883 0.073205411 0.993849576
1341846327.063945 -0.027172595 0.354492843 0.240186214 0.071461588 0.037535120 0.071026370 0.994203031
1341846327.094662 -0.030503608 0.364660114 0.240737140 0.071114592 0.039997078 0.069090985 0.994268298
1341846327.128901 -0.032927837 0.372933954 0.247668639 0.069984309 0.040300339 0.067855015 0.994421422
1341846327.161940 -0.032808155 0.388737202 0.248977169 0.069486789 0.039074186 0.066619679 0.994588673
1341846327.193867 -0.024786383 0.395209700 0.254340172 0.068294071 0.040272906 0.064584963 0.994757652
1341846327.229885 -0.025284696 0.406115383 0.250790536 0.068878599 0.043770064 0.062991858 0.994671822
1341846327.262014 -0.008586559 0.424134851 0.268608838 0.069450185 0.047140896 0.060590915 0.994627178
1341846327.294023 -0.025291903 0.424395442 0.264097512 0.072038382 0.062606111 0.054981664 0.993915498
1341846327.330015 -0.018637586 0.449746907 0.237623692 0.074963979 0.070774890 0.051639151 0.993330181
1341846327.361939 -0.017629266 0.467659950 0.262368798 0.072571747 0.076369144 0.045105040 0.993411601
1341846327.393887 -0.024189483 0.477832139 0.261088699 0.070830286 0.079281479 0.038235612 0.993597269
1341846327.429966 -0.035296351 0.505860865 0.270672977 0.070001759 0.080287963 0.037052445 0.993619978
1341846327.461965 -0.039775636 0.521913171 0.275267273 0.061569612 0.075671643 0.037119720 0.994537652
1341846327.497931 -0.027421026 0.527939379 0.283815950 0.057314955 0.073150121 0.035633333 0.995034873
1341846327.530068 -0.028912257 0.546061397 0.286239266 0.057130259 0.073674724 0.039615095 0.994856179
1341846327.561895 -0.034992348 0.549089134 0.291482657 0.054704212 0.071269773 0.045115229 0.994933486
1341846327.598010 -0.042873878 0.548837304 0.292947561 0.055310566 0.069092087 0.048832055 0.994878113
1341846327.629945 -0.042378124 0.566953242 0.288974494 0.056480762 0.062663570 0.049448889 0.995207548
1341846327.662003 -0.036220141 0.565418184 0.290649056 0.055046238 0.058923673 0.045065269 0.995724440
1341846327.697919 -0.040695250 0.589662373 0.292880505 0.059193976 0.058921792 0.046298672 0.995429933
1341846327.730075 -0.040956493 0.621596873 0.296941608 0.057284068 0.057664804 0.047641590 0.995551944
1341846327.766017 -0.040322997 0.626674473 0.297836483 0.051688869 0.056745205 0.048878051 0.995851040
1341846327.797917 -0.042684339 0.646371365 0.299582124 0.047689985 0.056511275 0.050714310 0.995972037
1341846327.830054 -0.043416359 0.648368895 0.299518794 0.039347280 0.056297999 0.050263934 0.996371388
1341846327.865944 -0.038191035 0.660904944 0.300041109 0.036242243 0.056812193 0.051166076 0.996414006
1341846327.898010 -0.043647733 0.675631583 0.306106538 0.033945270 0.058325667 0.052561477 0.996334851
1341846327.929991 -0.046012476 0.682509482 0.305474073 0.028663347 0.057081595 0.049480937 0.996730566
1341846327.966065 -0.045419343 0.690867484 0.301562667 0.023811363 0.057571970 0.046923790 0.996953666
1341846327.998073 -0.046242911 0.707070649 0.303393126 0.018214297 0.058104489 0.045034569 0.997127891
1341846328.034045 -0.044771593 0.706702232 0.301247507 0.011323908 0.059205178 0.043357868 0.997239530
1341846328.065993 -0.047512028 0.704859853 0.302369565 0.005210135 0.060199153 0.043654785 0.997217715
1341846328.098045 -0.048594847 0.687645674 0.306858689 0.002552412 0.060710277 0.045349803 0.997121453
1341846328.133967 -0.057807058 0.685715020 0.304860055 0.005490074 0.060716100 0.048815321 0.996945560
1341846328.166023 -0.058073450 0.682898283 0.303612679 0.005013575 0.057442859 0.049334966 0.997116506
1341846328.198018 -0.055663902 0.668062866 0.300539494 0.004125387 0.054370519 0.046454992 0.997431099
1341846328.234044 -0.051043171 0.661601245 0.296063781 0.007850142 0.052136835 0.046095483 0.997544706
1341846328.265899 -0.052982621 0.648221612 0.294486940 0.008951235 0.050688677 0.046206612 0.997604907
1341846328.302051 -0.050503302 0.629615664 0.292197019 0.011290385 0.050249625 0.045777224 0.997623146
1341846328.333917 -0.052742202 0.616295874 0.293365061 0.014441197 0.050194960 0.049505260 0.997407258
1341846328.366008 -0.047339819 0.600965202 0.289688647 0.020453017 0.049491227 0.046210669 0.997495353
1341846328.402010 -0.051389705 0.558891475 0.279775649 0.030845104 0.052513663 0.048233166 0.996977687
1341846328.433920 -0.047857564 0.552747011 0.277440161 0.035532240 0.049745932 0.048068572 0.996971548
1341846328.470003 -0.039812900 0.525367975 0.273580909 0.034060478 0.048094094 0.041335948 0.997405767
1341846328.502194 -0.033162709 0.495280951 0.272612154 0.034410674 0.049737170 0.032861412 0.997628331
1341846328.534033 -0.030288799 0.473444045 0.271887839 0.035041545 0.052483395 0.030962655 0.997526407
1341846328.570125 -0.034674838 0.453562498 0.270124763 0.037038546 0.053863976 0.031109400 0.997376084
1341846328.602804 -0.038631398 0.427792579 0.259685844 0.042500351 0.048090160 0.035625700 0.997302294
1341846328.672663 -0.034422673 0.386704683 0.257909894 0.052196436 0.035196539 0.031006763 0.997534692
1341846328.702975 -0.025158633 0.363482744 0.267343968 0.053606831 0.031055572 0.031569447 0.997579694
1341846328.770129 -0.017354423 0.325689793 0.257803917 0.061838627 0.028147573 0.026702663 0.997331858
1341846328.802331 -0.016155252 0.307125270 0.243672714 0.062467877 0.024916375 0.027787054 0.997348905
1341846328.838051 -0.009262747 0.286436886 0.236447141 0.065963350 0.022261232 0.024763199 0.997266352
1341846328.869939 -0.005490840 0.291301459 0.236267045 0.066946112 0.020482080 0.025221273 0.997227490
1341846328.904486 -0.009974641 0.267852962 0.235580072 0.061524089 0.018068051 0.024045393 0.997652352
1341846328.939814 -0.001889190 0.240509108 0.231188953 0.063473895 0.014665521 0.023581741 0.997597098
1341846328.970217 0.000405317 0.237917021 0.226584598 0.068359278 0.012652780 0.027178088 0.997210264
1341846329.006232 0.002485124 0.223975748 0.222019672 0.068982527 0.009952082 0.031989764 0.997055173
1341846329.038243 0.007893788 0.202577397 0.217814729 0.071940109 0.008627523 0.032277625 0.996849239
1341846329.106125 0.006875673 0.199744433 0.214610711 0.075541422 0.008839081 0.030693363 0.996630967
1341846329.138340 0.008303763 0.180725947 0.209292918 0.076517053 0.008416130 0.028030269 0.996638715
1341846329.169991 0.007220489 0.178740755 0.200806990 0.078811452 0.007601134 0.026510064 0.996508062
1341846329.208656 0.012013033 0.168756872 0.204189092 0.079216287 0.005893664 0.026072865 0.996499062
1341846329.238169 0.014585005 0.169175833 0.196120083 0.079043113 0.004765167 0.026092554 0.996518314
1341846329.273827 0.017309461 0.153379217 0.195959792 0.076566361 0.003352531 0.027455663 0.996680796
1341846329.306052 0.015142917 0.151083753 0.188047364 0.077286176 0.001127155 0.025224093 0.996689200
1341846329.338104 0.020807767 0.152278081 0.191982970 0.074198045 -0.001005805 0.023817394 0.996958613
1341846329.373907 0.018246166 0.125821501 0.187786564 0.069485970 -0.001338428 0.022034546 0.997338653
1341846329.405985 0.019387390 0.115725853 0.186707601 0.070748560 -0.002792846 0.019354708 0.997302473
1341846329.442057 0.021054061 0.108657084 0.177050069 0.069615297 -0.003219925 0.015394917 0.997449994
1341846329.473950 0.020964278 0.093971461 0.174765870 0.068265826 -0.004509583 0.009537964 0.997611463
1341846329.506147 0.018660044 0.089607745 0.173116878 0.068758279 -0.006227706 0.006662046 0.997591674
1341846329.542121 0.014756458 0.075935893 0.174996302 0.066541448 -0.008957508 0.005980108 0.997725606
1341846329.574086 0.021117952 0.057652552 0.170916677 0.068474859 -0.011889043 0.005352489 0.997567654
1341846329.606387 0.021418069 0.055497501 0.164556310 0.071174599 -0.012298220 0.003871315 0.997380555
1341846329.641955 0.015267172 0.051791742 0.162089303 0.071153723 -0.012903458 0.003505754 0.997375786
1341846329.681570 0.010846260 0.038245313 0.160701498 0.070058994 -0.015590942 0.003451401 0.997415066
1341846329.748113 0.019470710 0.034179904 0.159685388 0.072540134 -0.016115485 0.001305730 0.997234523
1341846329.810175 0.020259671 0.007619419 0.157643199 0.069868192 -0.013007214 0.006613060 0.997449517
1341846329.842255 0.020087020 -0.003083258 0.154127494 0.071240775 -0.013033275 0.009476767 0.997328997
1341846329.874044 0.015822515 -0.010974000 0.153618902 0.073070563 -0.012623997 0.012718339 0.997165740
1341846329.910073 0.016882546 -0.004543247 0.149786264 0.073755249 -0.013346948 0.015462050 0.997067213
1341846329.942009 0.014076279 -0.007139868 0.149630874 0.069147304 -0.013510988 0.020223981 0.997309923
1341846329.978087 0.016583195 -0.030411202 0.151118740 0.066243395 -0.014444553 0.022316728 0.997449398
1341846330.016305 0.021125557 -0.024247950 0.149859607 0.068558693 -0.013551993 0.020061564 0.997353315
1341846330.048192 0.015333383 -0.015127485 0.143867686 0.065245353 -0.011740232 0.021578308 0.997566938
1341846330.080418 0.015355647 -0.033637799 0.145227388 0.060622431 -0.011740434 0.023179524 0.997822523
1341846330.115886 0.014663599 -0.053217318 0.152049631 0.062568083 -0.010339304 0.024076927 0.997696638
1341846330.147839 0.010022162 -0.039397340 0.143294021 0.065816797 -0.009797224 0.025220517 0.997464836
1341846330.181257 0.014175315 -0.022852713 0.143995240 0.061942894 -0.011013574 0.029717876 0.997576356
1341846330.215852 0.016259221 -0.037383441 0.150593355 0.054911084 -0.010390790 0.030224666 0.997979641
1341846330.247833 0.008029819 -0.048198409 0.140246898 0.052165460 -0.009122581 0.027805142 0.998209596
1341846330.283913 0.010062313 -0.029922705 0.137063950 0.049735300 -0.009966398 0.028608447 0.998302937
1341846330.316011 0.007411881 -0.047311381 0.138794631 0.042329788 -0.010547053 0.028472586 0.998642266
1341846330.347868 0.000838002 -0.058778122 0.136553958 0.039402820 -0.011738808 0.025773576 0.998821974
1341846330.383835 0.005119516 -0.059610449 0.139908820 0.037721440 -0.012486327 0.026214570 0.998866320
1341846330.415934 0.003329515 -0.075756304 0.140899464 0.036438551 -0.011437243 0.024492223 0.998970270
1341846330.452561 0.001348173 -0.078223266 0.137999058 0.039375626 -0.011989734 0.023203241 0.998883069
1341846330.483903 -0.004938683 -0.071130842 0.133101165 0.040005658 -0.013475985 0.025658119 0.998779058
1341846330.515970 -0.002330119 -0.082038701 0.132718638 0.037839759 -0.016133698 0.029035727 0.998731673
1341846330.552099 -0.002735392 -0.084540881 0.135735065 0.039341334 -0.017446568 0.031425446 0.998579144
1341846330.583876 -0.006085361 -0.072880894 0.131940603 0.039532732 -0.017389039 0.031688791 0.998564303
1341846330.619992 -0.004659765 -0.066597044 0.130274877 0.035065696 -0.019206678 0.032166608 0.998682618
1341846330.652136 -0.003492211 -0.074100003 0.126377344 0.028132182 -0.020810757 0.029526735 0.998951375
1341846330.683796 -0.008399074 -0.077022173 0.123602696 0.023548763 -0.020284416 0.029724250 0.999074817
1341846330.719991 -0.015058029 -0.092100464 0.115341283 0.020025820 -0.022267506 0.031206354 0.999064207
1341846330.752103 -0.015894463 -0.097270772 0.112031274 0.021703470 -0.026612578 0.035190601 0.998790443
1341846330.787952 -0.025979109 -0.091383018 0.105100349 0.022887833 -0.030611299 0.037439536 0.998567700
1341846330.819823 -0.022751529 -0.089763671 0.105880484 0.022787975 -0.035469137 0.038244210 0.998378694
1341846330.852208 -0.022109577 -0.081116706 0.102274135 0.022787873 -0.037451833 0.039176334 0.998270214
1341846330.914111 -0.027663086 -0.069278494 0.095229737 0.013712510 -0.040666159 0.039061725 0.998314857
1341846330.949903 -0.033835992 -0.082316898 0.095713690 0.010025377 -0.041213036 0.038132086 0.998372197
1341846330.981986 -0.040437538 -0.081843510 0.090111062 0.010878970 -0.045350652 0.038932592 0.998152912
1341846331.014111 -0.037084818 -0.071791500 0.090280689 0.011078264 -0.050172381 0.039808739 0.997885466
1341846331.082139 -0.038887393 -0.079747938 0.084566817 0.012389005 -0.053169262 0.036698241 0.997834027
1341846331.114334 -0.039245766 -0.076325029 0.079290323 0.012201006 -0.055335134 0.036456715 0.997727454
1341846331.149989 -0.039026678 -0.083014958 0.082518473 0.012424001 -0.056205552 0.035155669 0.997722745
1341846331.181954 -0.044501703 -0.084780738 0.074599080 0.015678331 -0.055994879 0.034082435 0.997725964
1341846331.218151 -0.048546605 -0.070149638 0.071992598 0.016069124 -0.059242938 0.035320248 0.997489154
1341846331.249914 -0.038520236 -0.078732736 0.069785014 0.013218276 -0.061493784 0.033449315 0.997459233
1341846331.318141 -0.032049149 -0.077476144 0.076430827 0.024252359 -0.051810585 0.030039366 0.997910380
1341846331.349926 -0.027148651 -0.074710026 0.071240537 0.023501547 -0.049334183 0.028500717 0.998099029
1341846331.382003 0.013114432 -0.100062653 0.079159811 0.024528475 -0.045105878 0.028076174 0.998286307
1341846331.418008 -0.005543924 -0.082966223 0.101119243 0.033651300 -0.033960823 0.028640335 0.998445749
1341846331.450327 -0.016117161 -0.073256977 0.112305626 0.036275249 -0.027914090 0.028665468 0.998540521
1341846331.486219 -0.023858111 -0.065440714 0.120835423 0.036748514 -0.025339248 0.029453523 0.998569012
1341846331.518344 -0.013184707 -0.066717230 0.124252103 0.035541676 -0.025219323 0.027961859 0.998658538
1341846331.550202 -0.008375825 -0.080053695 0.107480794 0.036031544 -0.020569762 0.026544634 0.998786271
1341846331.586139 -0.020193228 -0.066959307 0.114805743 0.039136559 -0.018104840 0.026916573 0.998707235
1341846331.617931 -0.012991819 -0.063784547 0.123061247 0.038340662 -0.018675253 0.026915170 0.998727679
1341846331.654027 -0.003634855 -0.070287213 0.132438645 0.038545456 -0.016778342 0.027683115 0.998732388
1341846331.686123 -0.009040716 -0.059601806 0.137946472 0.041672818 -0.013473880 0.030735092 0.998567581
1341846331.717954 -0.015891856 -0.047454793 0.144219711 0.039105698 -0.014099992 0.030512985 0.998669565
1341846331.754076 -0.000975696 -0.061014060 0.160232469 0.036058486 -0.014602040 0.029918112 0.998795033
1341846331.785920 -0.007894696 -0.063703351 0.167076960 0.038733102 -0.010704496 0.026530758 0.998840034
1341846331.818053 -0.009944730 -0.050135177 0.177681446 0.039988805 -0.008937812 0.026983192 0.998795807
1341846331.853849 -0.009160769 -0.062585711 0.185914814 0.037643477 -0.008607254 0.026029298 0.998915076
1341846331.885987 0.002309765 -0.061887059 0.201824114 0.040870328 -0.006837320 0.024468753 0.998841405
1341846331.922014 -0.003312517 -0.056557227 0.213304564 0.043038495 -0.002980245 0.023531891 0.998791873
1341846331.954037 0.005460649 -0.055998255 0.219963744 0.042755835 -0.000946110 0.024673976 0.998780370
1341846331.986135 0.009084452 -0.068495184 0.231238797 0.044247117 0.004751615 0.026010096 0.998670697
1341846332.022364 -0.001801541 -0.069629498 0.245057210 0.051701434 0.010489632 0.025932174 0.998270810
1341846332.054175 -0.002431905 -0.067801073 0.255417705 0.058030121 0.010588286 0.027639624 0.997875988
1341846332.086502 0.001764768 -0.059963085 0.273624539 0.061643437 0.010529044 0.029748004 0.997599304
1341846332.122051 -0.002804412 -0.058547217 0.286486238 0.063205734 0.011661950 0.028272647 0.997531831
1341846332.153983 -0.007750326 -0.042320929 0.299182087 0.062188465 0.011338610 0.026209483 0.997655809
1341846332.190165 -0.005508902 -0.038839813 0.317758620 0.055824056 0.009383392 0.025327386 0.998075247
1341846332.254145 -0.010474362 -0.062450234 0.339583904 0.054716904 0.010478585 0.021305358 0.998219609
1341846332.289948 -0.012976898 -0.056543343 0.349685520 0.057086363 0.010129412 0.023771172 0.998034894
1341846332.322172 -0.012449499 -0.058416430 0.365257710 0.057814732 0.009606910 0.025991095 0.997942746
1341846332.354003 -0.000737324 -0.063175283 0.369821727 0.060059123 0.010802200 0.023116099 0.997868657
1341846332.390180 -0.003986116 -0.049081076 0.380738825 0.062682077 0.015792036 0.020389238 0.997700334
1341846332.422055 -0.008547211 -0.047486186 0.388978124 0.060424648 0.018585909 0.017191127 0.997851729
1341846332.458114 -0.003217261 -0.052565333 0.399965167 0.059536617 0.020562306 0.013388792 0.997924507
1341846332.489993 -0.012929847 -0.046711084 0.408672690 0.060958277 0.023252675 0.014352192 0.997766256
1341846332.522130 -0.016189387 -0.041982625 0.424840003 0.060576770 0.019242885 0.021054778 0.997755945
1341846332.558114 -0.014231950 -0.045303237 0.433857918 0.060514890 0.013777148 0.027374605 0.997696817
1341846332.589874 -0.008989883 -0.034961917 0.438472718 0.060845684 0.010607702 0.031754501 0.997585595
1341846332.621889 0.000253365 -0.025864782 0.448575616 0.056973975 0.009190097 0.034659021 0.997731626
1341846332.658202 0.002745518 -0.033070736 0.460884511 0.052354675 0.009981398 0.033081796 0.998030603
1341846332.690001 0.006403395 -0.029702712 0.465969026 0.050802689 0.010639224 0.033300336 0.998096704
1341846332.726000 0.006042615 -0.033588093 0.476138294 0.049719192 0.009495916 0.037462678 0.998015285
1341846332.758386 0.009495853 -0.032067284 0.481490761 0.050378084 0.006910675 0.038267288 0.997972965
1341846332.789937 0.020356122 -0.023333896 0.489205092 0.050234400 0.006858182 0.037809666 0.997997999
1341846332.825925 0.023725528 -0.023603722 0.504421949 0.047944512 0.009203117 0.035763863 0.998167157
1341846332.857898 0.020023953 -0.022641640 0.515674651 0.048714068 0.011162054 0.036073551 0.998098731
1341846332.894069 0.014925089 -0.009927730 0.519369960 0.049043078 0.011833942 0.035586502 0.998092413
1341846332.926029 0.028067803 -0.006118577 0.527089536 0.045632329 0.010728183 0.034184728 0.998315573
1341846332.958015 0.035580434 -0.001749341 0.546738505 0.043555688 0.012883469 0.033128250 0.998418450
1341846332.994073 0.037785254 -0.001313545 0.551366627 0.040167194 0.013943942 0.031876996 0.998587072
1341846333.026545 0.041858472 0.000189428 0.560414433 0.037498407 0.015020407 0.028927878 0.998764992
1341846333.057998 0.052288845 0.001852058 0.569131196 0.036748815 0.016237170 0.030230749 0.998735189
1341846333.094024 0.052171979 0.001214503 0.576030433 0.036990065 0.018410020 0.033151790 0.998595893
1341846333.126095 0.059038986 0.004929072 0.579248548 0.037749320 0.019248759 0.036102988 0.998449385
1341846333.161973 0.061564326 0.012189031 0.584758520 0.036945593 0.022211470 0.038598429 0.998324573
1341846333.195660 0.063435972 0.013354440 0.589414775 0.034430280 0.023976777 0.039833538 0.998325109
1341846333.226331 0.065176643 0.015420984 0.599525750 0.033358511 0.024487922 0.039291669 0.998370588
1341846333.262056 0.058565076 0.022481898 0.599943161 0.030230945 0.026143206 0.035069872 0.998585343
1341846333.294147 0.053911336 0.017180685 0.603971779 0.025967976 0.027086897 0.033609800 0.998730421
1341846333.326100 0.060807794 0.019030895 0.607145786 0.024312541 0.024613425 0.032397415 0.998876154
1341846333.362100 0.065468229 0.028235434 0.607953429 0.021786595 0.023415051 0.030735994 0.999015749
1341846333.394119 0.063094653 0.017903347 0.611495674 0.017372966 0.022896748 0.030881448 0.999109805
1341846333.429974 0.063284524 0.023312682 0.615378141 0.017420694 0.021338243 0.031553224 0.999122441
1341846333.462115 0.068180047 0.023883795 0.619014800 0.017643273 0.021034863 0.029944682 0.999174476
1341846333.494040 0.068569541 0.020796392 0.620809257 0.017506037 0.022078462 0.028319888 0.999201715
1341846333.529953 0.057374209 0.013538547 0.615805805 0.017048050 0.025770366 0.027738325 0.999137640
1341846333.562063 0.070283070 0.024239164 0.623385727 0.019661484 0.025469394 0.030078480 0.999029577
1341846333.594090 0.064131290 0.031318739 0.623101950 0.019048117 0.025423672 0.030725559 0.999022901
1341846333.629994 0.063551523 0.034103703 0.622885108 0.015721375 0.022822499 0.029633347 0.999176621
1341846333.662127 0.065664373 0.031762410 0.619284093 0.012016340 0.021465443 0.029173911 0.999271631
1341846333.697964 0.066711627 0.020855814 0.620090127 0.009022645 0.021478603 0.030013077 0.999278009
1341846333.730092 0.066861734 0.020957632 0.616229177 0.011834107 0.021791765 0.030587804 0.999224484
1341846333.762089 0.065947756 0.023680523 0.612569690 0.013859552 0.022499995 0.032384619 0.999126136
1341846333.798006 0.064910382 0.019263376 0.609074593 0.014767461 0.023165543 0.031867709 0.999114513
1341846333.830055 0.064583696 0.020210419 0.605132997 0.017607983 0.024518054 0.029782571 0.999100506
1341846333.866045 0.060229082 0.019583119 0.600025773 0.018580934 0.026219640 0.028721701 0.999070823
1341846333.897987 0.058401052 0.015149978 0.596995354 0.019837819 0.026365213 0.027405694 0.999079764
1341846333.930099 0.059007652 0.013162787 0.590419948 0.022759078 0.027076319 0.026342660 0.999027014
1341846333.965889 0.055351052 0.012341173 0.585315466 0.024824059 0.028329352 0.026287187 0.998944521
1341846333.997985 0.057557106 0.014021844 0.579975128 0.028794572 0.028694140 0.025630126 0.998844683
1341846334.030076 0.051464297 0.015118617 0.573497117 0.031882558 0.030465391 0.026553398 0.998674333
1341846334.066000 0.050876994 0.010894841 0.564733028 0.032850422 0.029901236 0.028049560 0.998619080
1341846334.097932 0.054197088 0.013530556 0.558979988 0.035729863 0.029275563 0.028203366 0.998534441
1341846334.133884 0.048623383 0.011278184 0.553411961 0.036879491 0.030682726 0.028157424 0.998451650
1341846334.166115 0.041617304 0.012295923 0.545759916 0.037259609 0.030013790 0.029004058 0.998433650
1341846334.198072 0.042048864 0.010633293 0.538408577 0.037656933 0.028116822 0.028124826 0.998499155
1341846334.234097 0.043452181 0.012467078 0.535095692 0.038297255 0.028272217 0.026960144 0.998502493
1341846334.266045 0.035861969 0.009199419 0.526222885 0.037888516 0.030599667 0.027530855 0.998433888
1341846334.297946 0.030841064 0.010290511 0.519277215 0.039756969 0.029149493 0.028450709 0.998378813
1341846334.334036 0.029924419 0.011769824 0.511709154 0.040044460 0.027343420 0.029253062 0.998395264
1341846334.365871 0.028547237 0.015633434 0.506816268 0.040196806 0.027470583 0.027873479 0.998425066
1341846334.401845 0.025344793 0.014458193 0.498386055 0.038529851 0.028442100 0.026546812 0.998499751
1341846334.433864 0.016554065 0.009703847 0.490888596 0.038311347 0.028107736 0.026901649 0.998508155
1341846334.466105 0.017031921 0.013350916 0.483397990 0.039196502 0.025962541 0.027998876 0.998501718
1341846334.502142 0.010907683 0.016686315 0.477599680 0.038367037 0.025076678 0.028979030 0.998528600
1341846334.540153 0.012218301 0.014156354 0.469336241 0.037712913 0.023415959 0.027588572 0.998633265
1341846334.602351 0.001875477 0.020739192 0.451593429 0.032909397 0.020059217 0.020427637 0.999048233
1341846334.670161 -0.004022583 0.015730230 0.437505096 0.027460663 0.017716942 0.013183451 0.999378979
1341846334.702085 -0.016359534 0.009043690 0.425756484 0.025335820 0.016526921 0.013040533 0.999457300
1341846334.734751 -0.017296337 0.009391995 0.418484539 0.025540231 0.013785514 0.014540933 0.999472976
1341846334.770889 -0.021917919 0.008569133 0.406795561 0.025411671 0.012345961 0.017847925 0.999441504
1341846334.802194 -0.024261506 0.011743539 0.397977442 0.025550589 0.009224676 0.018163709 0.999466002
1341846334.833908 -0.024071677 0.012372822 0.389039576 0.025017375 0.007433420 0.016587835 0.999521792
1341846334.869874 -0.027860498 0.014395878 0.378875464 0.023579285 0.007360148 0.016493820 0.999558866
1341846334.902006 -0.033902783 0.010241284 0.367026716 0.021505740 0.005789020 0.017253902 0.999603152
1341846334.938010 -0.033544645 0.009310660 0.355874777 0.020863140 0.002191679 0.016649768 0.999641359
1341846334.970032 -0.032762192 0.008358766 0.351662338 0.020882072 0.001423492 0.015481235 0.999661088
1341846335.002203 -0.040142294 0.003763356 0.340181917 0.022336196 0.002320880 0.016985634 0.999603570
1341846335.037880 -0.045663964 0.007094188 0.324131131 0.025220796 -0.000563652 0.019552529 0.999490559
1341846335.069990 -0.042719178 0.009307829 0.319697559 0.025357937 -0.004158867 0.018821087 0.999492645
1341846335.106038 -0.038174063 0.006982089 0.308238775 0.025467170 -0.003469700 0.017795075 0.999511242
1341846335.138045 -0.050706733 0.004948212 0.299640089 0.027248930 -0.001042262 0.016620219 0.999490023
1341846335.169900 -0.050280023 0.010480545 0.283502430 0.027771315 -0.004433670 0.016833801 0.999462724
1341846335.206091 -0.049945250 0.009621179 0.275441796 0.026864585 -0.006307126 0.014473620 0.999514461
1341846335.239365 -0.050541542 0.003489464 0.268834323 0.026441781 -0.005088523 0.011615684 0.999569952
1341846335.269948 -0.055684127 0.000971482 0.255799741 0.027817577 -0.003405465 0.010789327 0.999549031
1341846335.305972 -0.062363241 0.003866875 0.246969372 0.030376149 -0.004435438 0.011332076 0.999464452
1341846335.338012 -0.056210764 0.001456354 0.235634044 0.031491935 -0.006723859 0.013060890 0.999396086
1341846335.374005 -0.045813140 -0.009014536 0.223259345 0.034845818 -0.006095898 0.015091764 0.999260187
1341846335.406025 -0.054095738 -0.005577726 0.215586588 0.042491056 -0.002534485 0.016682932 0.998954415
1341846335.438079 -0.060314156 -0.000112252 0.207210168 0.048173267 -0.001388483 0.019952560 0.998638749
1341846335.473998 -0.054772977 0.005524627 0.198351875 0.050647080 -0.000407224 0.021117339 0.998493314
1341846335.507038 -0.057614125 0.009744783 0.185290560 0.051891088 0.002649564 0.018828936 0.998471797
1341846335.538040 -0.061482299 0.015785376 0.178772628 0.051454145 0.005135701 0.016997738 0.998517513
1341846335.574119 -0.069384456 0.018667519 0.168998092 0.049003832 0.005434579 0.017056363 0.998638153
1341846335.605970 -0.068436652 0.013887971 0.160159439 0.047219541 0.004430769 0.016457805 0.998739123
1341846335.641978 -0.067581542 0.014152934 0.150813580 0.048521165 0.005684240 0.013644679 0.998712838
1341846335.673993 -0.071177378 0.018107684 0.138459280 0.048386566 0.006540160 0.013817746 0.998711705
1341846335.706178 -0.078958169 0.014826121 0.131458372 0.047146387 0.005868577 0.015207611 0.998755038
1341846335.741982 -0.073804863 0.012778251 0.117488287 0.047453556 0.005189784 0.014434760 0.998755693
1341846335.773960 -0.078237697 0.017446738 0.108894125 0.047687341 0.005954046 0.014255673 0.998742819
1341846335.806271 -0.083919309 0.024227764 0.096046887 0.046077609 0.005742522 0.014049823 0.998822629
1341846335.842031 -0.073152855 0.017590450 0.083105117 0.043900177 0.005307768 0.013808192 0.998926401
1341846335.873966 -0.076418817 0.019421732 0.077277184 0.045168627 0.007056643 0.012924901 0.998870850
1341846335.910005 -0.088920102 0.024102697 0.072427079 0.044515897 0.008150134 0.015187628 0.998860002
1341846335.941936 -0.092254110 0.021755937 0.060755942 0.043319345 0.006152636 0.015936485 0.998915255
1341846335.974198 -0.089131750 0.022474514 0.044363651 0.043214992 0.005124360 0.012790713 0.998970807
1341846336.010032 -0.093677059 0.023713477 0.035045616 0.043011066 0.005361297 0.011356993 0.998995662
1341846336.042129 -0.098809294 0.024502063 0.025011441 0.042058501 0.004091857 0.012267146 0.999031484
1341846336.078076 -0.100537278 0.021347418 0.012620341 0.041895859 0.002538432 0.010641968 0.999062121
1341846336.110739 -0.101350665 0.024923984 0.009963318 0.042765684 0.002240015 0.009432024 0.999038100
1341846336.142002 -0.107616805 0.022172552 -0.007233394 0.042147525 0.002297640 0.010693904 0.999051571
1341846336.183953 -0.112691417 0.024890924 -0.021531405 0.041900877 -0.000078573 0.011230835 0.999058723
1341846336.241891 -0.111129925 0.027099213 -0.026373120 0.040089183 -0.001285354 0.010948518 0.999135315
1341846336.277946 -0.121855259 0.021267984 -0.028900016 0.040187638 -0.000435090 0.012799023 0.999110103
1341846336.309977 -0.123824619 0.020305039 -0.038659193 0.042851865 -0.003090338 0.015806630 0.998951674
1341846336.346143 -0.121210672 0.024677407 -0.056199785 0.044961814 -0.004586944 0.016689219 0.998838782
1341846336.377975 -0.119871765 0.024233619 -0.062977627 0.045665264 -0.004732733 0.016541502 0.998808622
1341846336.410032 -0.124595262 0.027194664 -0.072711639 0.046656214 -0.003857392 0.016497457 0.998767316
1341846336.446041 -0.127700195 0.031420290 -0.081967846 0.046426084 -0.004275525 0.016655192 0.998773754
1341846336.477990 -0.126763865 0.030862425 -0.086062573 0.045301579 -0.004513145 0.016359098 0.998829186
1341846336.510056 -0.127568275 0.027795093 -0.087434150 0.045413148 -0.003960518 0.017234981 0.998811781
1341846336.546024 -0.130794793 0.029075895 -0.093825884 0.046463020 -0.003857066 0.019105926 0.998729885
1341846336.578003 -0.134529278 0.036208771 -0.104235694 0.046732232 -0.003907521 0.020273514 0.998694122
1341846336.614020 -0.132451236 0.037771221 -0.102304213 0.046136763 -0.003416693 0.019440323 0.998740137
1341846336.645982 -0.136893034 0.043197025 -0.114485539 0.045202244 -0.001985089 0.018917719 0.998796761
1341846336.678036 -0.143731549 0.037473299 -0.120271273 0.043013714 -0.003663435 0.019517215 0.998877108
1341846336.714024 -0.143618032 0.030308831 -0.122576207 0.044138316 -0.005990525 0.019336479 0.998820364
1341846336.746016 -0.149149626 0.025388971 -0.131658733 0.047699634 -0.007846628 0.021704976 0.998595059
1341846336.778014 -0.155431658 0.035218384 -0.145239934 0.050951775 -0.011595786 0.024645882 0.998329699
1341846336.820006 -0.153654784 0.038642801 -0.147926182 0.051705148 -0.015822792 0.026854202 0.998175919
1341846336.882056 -0.159337088 0.036886141 -0.159371853 0.054446299 -0.017708758 0.025293060 0.998039246
1341846336.914273 -0.166427523 0.028096329 -0.165111452 0.056087937 -0.021789752 0.027212342 0.997817099
1341846336.945998 -0.164103404 0.023473958 -0.169943482 0.062504910 -0.028280839 0.028611738 0.997233510
1341846336.981980 -0.167380899 0.047938492 -0.181335256 0.067225896 -0.032432508 0.027444284 0.996832848
1341846337.014238 -0.164879993 0.052352656 -0.191072002 0.064298004 -0.035317488 0.025321994 0.996984065
1341846337.046017 -0.161999181 0.046392076 -0.180695087 0.061515119 -0.036907859 0.020496778 0.997212946
1341846337.082104 -0.166318029 0.046810620 -0.190891042 0.060732413 -0.036992915 0.017689353 0.997311532
1341846337.114317 -0.169650421 0.046926636 -0.195988998 0.058866184 -0.039182100 0.017205110 0.997348309
1341846337.150037 -0.167859152 0.048686776 -0.190842509 0.057382286 -0.041316591 0.015860548 0.997370899
1341846337.181873 -0.161598489 0.047455471 -0.196005046 0.056778956 -0.041363314 0.012541723 0.997450709
1341846337.214073 -0.168114081 0.055244822 -0.199961960 0.054860111 -0.039460495 0.010294477 0.997660935
1341846337.250087 -0.175203040 0.046463519 -0.200763121 0.051584121 -0.040852983 0.012117453 0.997759163
1341846337.282028 -0.175468639 0.043662738 -0.200709596 0.052733675 -0.045360241 0.015701707 0.997454286
1341846337.317920 -0.171598017 0.048295680 -0.202012137 0.052501049 -0.047148664 0.016157875 0.997376382
1341846337.350018 -0.175121143 0.054123163 -0.206124976 0.051219262 -0.046206288 0.015942788 0.997490585
1341846337.382159 -0.170216516 0.049691599 -0.206833154 0.048221834 -0.045973293 0.013368984 0.997688532
1341846337.417941 -0.175289616 0.042289924 -0.209966958 0.048642982 -0.045032438 0.013961702 0.997702897
1341846337.450137 -0.177645564 0.050624877 -0.223514527 0.049589690 -0.046733294 0.014924720 0.997564077
1341846337.482096 -0.172365934 0.049096141 -0.224423125 0.047893897 -0.047333732 0.015758635 0.997605860
1341846337.518008 -0.173382446 0.042404383 -0.225065723 0.048618361 -0.047694106 0.015797239 0.997553051
1341846337.549978 -0.174384713 0.053760476 -0.232083037 0.049457375 -0.048461761 0.014036160 0.997501075
1341846337.585971 -0.175066397 0.048102260 -0.225916520 0.046276342 -0.048715215 0.013108368 0.997654021
1341846337.617903 -0.171032295 0.028963296 -0.225858048 0.046452597 -0.049593180 0.013726410 0.997594297
1341846337.650141 -0.171594054 0.048004095 -0.225005627 0.050265167 -0.049851689 0.012957351 0.997406781
1341846337.686352 -0.173112527 0.052103858 -0.223614872 0.048567779 -0.049565367 0.013298146 0.997500718
1341846337.718002 -0.168562725 0.045819990 -0.217336953 0.046402764 -0.049353767 0.013563706 0.997610629
1341846337.749920 -0.165213838 0.054788202 -0.216629595 0.046559568 -0.047448192 0.012400397 0.997710943
1341846337.786157 -0.165765032 0.060691521 -0.212452903 0.043580487 -0.044649370 0.012760192 0.997970164
1341846337.817945 -0.161048740 0.054727454 -0.204808518 0.040989231 -0.042847697 0.014404680 0.998136520
1341846337.854071 -0.161457196 0.059542414 -0.203511715 0.039908048 -0.039183691 0.013267935 0.998346627
1341846337.885951 -0.165847749 0.066648521 -0.200663358 0.037103813 -0.036445796 0.011554509 0.998579741
1341846337.918223 -0.161886618 0.064686619 -0.193738073 0.032658461 -0.035395645 0.009096679 0.998798251
1341846337.954120 -0.160443142 0.062064033 -0.185896873 0.030064357 -0.034067620 0.008973313 0.998926938
1341846337.985994 -0.158087626 0.073312677 -0.179450884 0.027904650 -0.033352021 0.009220353 0.999011517
1341846338.018107 -0.158534855 0.068372510 -0.169571057 0.024189988 -0.031387080 0.009960677 0.999164879
1341846338.054055 -0.155494332 0.071001887 -0.169253588 0.021692323 -0.029982449 0.008931310 0.999275088
1341846338.085986 -0.147581816 0.068692006 -0.158678845 0.017881505 -0.027303882 0.009254863 0.999424398
1341846338.121875 -0.149784580 0.064396441 -0.147362202 0.015721910 -0.024883147 0.011119667 0.999504924
1341846338.154089 -0.151749223 0.065827906 -0.139993399 0.015042609 -0.024222111 0.014539157 0.999487698
1341846338.186029 -0.147246197 0.066829890 -0.133523002 0.013900734 -0.024940653 0.016859002 0.999450147
1341846338.222071 -0.140012279 0.069389068 -0.126229599 0.012609301 -0.024151459 0.016196067 0.999497592
1341846338.254107 -0.143252760 0.067125052 -0.111885019 0.010906098 -0.022009289 0.016631903 0.999559999
1341846338.290130 -0.140545622 0.064300455 -0.104295984 0.011179905 -0.022181090 0.018745173 0.999515712
1341846338.321952 -0.138556689 0.068441130 -0.096971542 0.011275102 -0.021471661 0.020651801 0.999492586
1341846338.354022 -0.135202020 0.067174353 -0.085535489 0.010646049 -0.021083044 0.020857185 0.999503493
1341846338.389969 -0.135478601 0.075601220 -0.078774720 0.010779731 -0.020035582 0.021122603 0.999517977
1341846338.422377 -0.134889230 0.073625468 -0.066918567 0.008781290 -0.019576108 0.021092916 0.999547362
1341846338.454010 -0.132826269 0.075571999 -0.059893474 0.007706603 -0.020151921 0.020666355 0.999553621
1341846338.489894 -0.131480828 0.072757721 -0.049748681 0.005784065 -0.020668531 0.020815557 0.999552965
1341846338.522066 -0.124155238 0.070202477 -0.035224300 0.006473114 -0.021082833 0.020641947 0.999543726
1341846338.558058 -0.127055094 0.078873999 -0.030867707 0.006156188 -0.020704390 0.019939022 0.999567866
1341846338.589842 -0.120167620 0.074683532 -0.016854184 0.003680492 -0.021510014 0.019598220 0.999569833
1341846338.622019 -0.117366180 0.073090777 -0.004865001 0.004587385 -0.020316610 0.020716166 0.999568462
1341846338.657984 -0.121800013 0.079099573 -0.003579015 0.005160118 -0.020138798 0.022608893 0.999528229
1341846338.690198 -0.117539808 0.083442390 0.006387545 0.003394614 -0.020957204 0.021746371 0.999538124
1341846338.722454 -0.109231882 0.076447584 0.021979675 0.002174887 -0.020368744 0.022473082 0.999537528
1341846338.757945 -0.116485789 0.081568174 0.026624037 0.002547180 -0.019884694 0.024020750 0.999510467
1341846338.790039 -0.111417957 0.082290992 0.041190729 0.000432290 -0.022590624 0.024547284 0.999443293
1341846338.826048 -0.102861181 0.078674003 0.052603103 0.000763239 -0.021987911 0.022813536 0.999497652
1341846338.858027 -0.105906062 0.083985873 0.058096498 0.000876193 -0.019862758 0.021599090 0.999569058
1341846338.889902 -0.104796432 0.087667868 0.072374590 -0.001339170 -0.020931883 0.021142822 0.999556482
1341846338.925948 -0.099158011 0.083397441 0.081500731 -0.002322092 -0.020488700 0.019060224 0.999605715
1341846338.958108 -0.096564159 0.081604600 0.092108928 -0.002277731 -0.018767303 0.019355759 0.999633908
1341846338.990057 -0.094363689 0.078797378 0.105276033 -0.002191853 -0.018742135 0.020447424 0.999612868
1341846339.025928 -0.090949774 0.079377793 0.119767986 0.000110802 -0.018061247 0.020264011 0.999631524
1341846339.057939 -0.089020900 0.083353393 0.128798977 0.003056215 -0.015580158 0.020761171 0.999658406
1341846339.093927 -0.095267199 0.091841638 0.132168144 0.002502635 -0.015336226 0.021695703 0.999643922
1341846339.126562 -0.086084865 0.097583652 0.140973985 -0.000101096 -0.017184876 0.020186320 0.999648511
1341846339.157969 -0.081541859 0.098391846 0.158417195 -0.002606598 -0.014465743 0.018034266 0.999729335
1341846339.194113 -0.086152352 0.100291900 0.162499726 -0.004606235 -0.013157817 0.019321324 0.999716163
1341846339.228165 -0.083466604 0.103186697 0.172358066 -0.008215126 -0.015488324 0.022038957 0.999603391
1341846339.257998 -0.070923649 0.100094430 0.181767613 -0.010933799 -0.015717223 0.022157844 0.999571204
1341846339.294132 -0.070169881 0.109368697 0.196872905 -0.010068353 -0.013176706 0.023099499 0.999595702
1341846339.326577 -0.077826336 0.117076777 0.197587132 -0.013891890 -0.014387238 0.026049202 0.999460578
1341846339.362269 -0.063930899 0.111873738 0.213452443 -0.018785644 -0.017764369 0.023808425 0.999382198
1341846339.394725 -0.056571715 0.112972975 0.226667672 -0.019553859 -0.016167713 0.023771159 0.999395430
1341846339.462186 -0.048980139 0.110620342 0.244696841 -0.023543278 -0.017596742 0.023724912 0.999286354
1341846339.496743 -0.039560657 0.111343406 0.252581835 -0.020179193 -0.014366179 0.020244265 0.999488175
1341846339.562052 -0.041201189 0.109828681 0.276392937 -0.019353501 -0.011066167 0.023058239 0.999485552
1341846339.595122 -0.034123644 0.112069517 0.279278040 -0.016836746 -0.010578359 0.021785434 0.999564946
1341846339.632085 -0.032732520 0.115651287 0.283156842 -0.014998276 -0.006661832 0.020028301 0.999664724
1341846339.664568 -0.028456029 0.106907897 0.296450406 -0.015658006 -0.003880856 0.019093635 0.999687552
1341846339.698896 -0.026378034 0.104131661 0.305777043 -0.016130634 -0.002814436 0.018696869 0.999691129
1341846339.731977 -0.022918282 0.104057804 0.314136088 -0.015772335 -0.002553214 0.016999701 0.999727845
1341846339.762241 -0.017623872 0.103055298 0.322520792 -0.015524015 -0.001481496 0.017216634 0.999730229
1341846339.797873 -0.020362740 0.099677712 0.329072714 -0.015950015 -0.000566171 0.017958006 0.999711394
1341846339.830245 -0.014888451 0.099150777 0.336847097 -0.016175693 -0.001403015 0.017892431 0.999708116
1341846339.862015 -0.012941375 0.101072796 0.340916872 -0.016408611 -0.001254231 0.017568670 0.999710262
1341846339.897797 -0.007308409 0.101577021 0.349128246 -0.017263744 -0.000447753 0.017303240 0.999701202
1341846339.929916 -0.004051132 0.097094245 0.363884747 -0.017795453 0.000445958 0.018958930 0.999661803
1341846339.961960 -0.001309202 0.094601654 0.366837114 -0.016727692 -0.000193873 0.019742979 0.999665141
1341846339.997845 0.005884745 0.095476955 0.367729843 -0.015338334 0.000392044 0.020041289 0.999681413
1341846340.029925 0.006449413 0.095009893 0.376135200 -0.014469018 0.003142116 0.020951262 0.999670863
1341846340.066044 0.010405343 0.092877045 0.385591716 -0.012489766 0.004040504 0.022394158 0.999663055
1341846340.098009 0.008945102 0.095731474 0.391345382 -0.011288057 0.005067938 0.022680065 0.999666214
1341846340.130102 0.013379682 0.094976820 0.396349549 -0.011943330 0.004698273 0.021986974 0.999675930
1341846340.166041 0.018308850 0.091579415 0.402381957 -0.011348779 0.006864298 0.019883024 0.999714375
1341846340.197867 0.017496321 0.097039767 0.411241710 -0.009514289 0.009553906 0.020039873 0.999708295
1341846340.229904 0.018298769 0.097990669 0.416769713 -0.010854561 0.009392899 0.020101089 0.999694943
1341846340.265859 0.022302747 0.091728143 0.422313750 -0.012075844 0.010499008 0.019143302 0.999688685
1341846340.298061 0.025283772 0.092314146 0.430308163 -0.009977499 0.012500213 0.020059165 0.999670923
1341846340.334063 0.017419189 0.099394836 0.436641902 -0.010139534 0.012854481 0.021591734 0.999632835
1341846340.366064 0.027778914 0.092632838 0.443899304 -0.012542837 0.009674243 0.020632517 0.999661684
1341846340.397995 0.033902291 0.091298640 0.448362350 -0.010467951 0.009867117 0.020639680 0.999683499
1341846340.433895 0.033323828 0.094297990 0.453068048 -0.009507959 0.009722887 0.022246039 0.999660075
1341846340.465959 0.030171337 0.091688186 0.454886019 -0.009412874 0.008124962 0.023251470 0.999652326
1341846340.501858 0.037423298 0.093221962 0.455420494 -0.008412492 0.003962657 0.023557883 0.999679267
1341846340.534329 0.043906022 0.092182137 0.453434438 -0.008068660 0.001827284 0.023303458 0.999694228
1341846340.566041 0.047618169 0.090543739 0.455094755 -0.006771162 0.000818004 0.023929765 0.999690413
1341846340.601909 0.051674854 0.088172548 0.450120807 -0.004697303 0.000154416 0.024063816 0.999699414
1341846340.634005 0.055446837 0.093893342 0.450436682 -0.003222156 -0.000668905 0.023010347 0.999729872
1341846340.666028 0.059676126 0.090627380 0.447480321 -0.003849068 -0.000390770 0.020907365 0.999773920
1341846340.701946 0.063845918 0.087599747 0.446867764 -0.002193452 0.000927997 0.018803719 0.999820411
1341846340.733954 0.066732123 0.092618175 0.445602000 -0.000451888 0.002216641 0.017366499 0.999846697
1341846340.770081 0.065090828 0.092477083 0.442256600 -0.001315379 0.003263669 0.014430369 0.999889731
1341846340.801980 0.070149273 0.091438890 0.441239983 -0.001405924 0.003741340 0.009188437 0.999949872
1341846340.833999 0.072083376 0.095996752 0.439964771 -0.001147689 0.005970900 0.005291582 0.999967515
1341846340.870013 0.068364441 0.092865899 0.442167610 -0.002969149 0.006447285 0.003719055 0.999967933
1341846340.901955 0.068808123 0.089086346 0.440294683 -0.002343470 0.006153163 0.003497250 0.999972224
1341846340.933918 0.066475540 0.089502573 0.439204723 -0.000311941 0.005918515 0.006373426 0.999962151
1341846340.970122 0.069171689 0.091888040 0.436096221 0.001242318 0.002377302 0.011329209 0.999932289
1341846341.001922 0.064221241 0.089408346 0.431652844 0.002375630 -0.001086656 0.016297076 0.999863803
1341846341.037923 0.070271522 0.091267258 0.428014517 0.003809945 -0.004512236 0.019126832 0.999799609
1341846341.070300 0.070401154 0.088791966 0.423620909 0.004146450 -0.005155731 0.018602924 0.999805093
1341846341.102028 0.071658269 0.089374073 0.421741307 0.003756403 -0.007815954 0.020077171 0.999760807
1341846341.137982 0.076162480 0.087532364 0.420072526 0.003670104 -0.010276629 0.019979566 0.999740899
1341846341.170048 0.078682601 0.086839043 0.419405609 0.004168957 -0.011012333 0.021416483 0.999701321
1341846341.202110 0.075119644 0.084979713 0.416832775 0.005473577 -0.010795435 0.023159390 0.999658525
1341846341.237996 0.075945623 0.084943928 0.411875188 0.007251000 -0.010453976 0.023556974 0.999641538
1341846341.269883 0.076500706 0.084565192 0.409698188 0.008368651 -0.010337289 0.024239946 0.999617755
1341846341.306107 0.072545476 0.084666178 0.405429900 0.008963283 -0.010272425 0.023031199 0.999641836
1341846341.338109 0.072189160 0.085491069 0.403492332 0.010141371 -0.009487230 0.020353615 0.999696434
1341846341.370120 0.073518485 0.088186793 0.404457361 0.011081153 -0.008063185 0.018128868 0.999741733
1341846341.406074 0.068457820 0.087582037 0.405057788 0.011142178 -0.007236037 0.017328896 0.999761581
1341846341.438113 0.069941498 0.082024224 0.407105982 0.011881356 -0.009419066 0.017775616 0.999727070
1341846341.470024 0.070250481 0.082425110 0.398778856 0.014682425 -0.009347553 0.016191855 0.999717414
1341846341.506077 0.067379586 0.089825600 0.401940614 0.015291493 -0.008284808 0.014954909 0.999736965
1341846341.538156 0.061469886 0.086983532 0.404475659 0.014200128 -0.009564232 0.015066115 0.999739945
1341846341.574016 0.065945290 0.086532153 0.401659191 0.015151391 -0.012340333 0.016537739 0.999672294
1341846341.612466 0.063524567 0.087363258 0.395275146 0.015566469 -0.012655091 0.016859051 0.999656618
1341846341.643972 0.061209939 0.089180522 0.395011276 0.014809201 -0.013847057 0.015383699 0.999676108
1341846341.679982 0.059263058 0.086358450 0.394114822 0.014289407 -0.015129818 0.015897013 0.999657035
1341846341.712332 0.056330811 0.086960278 0.393410474 0.015246567 -0.017178288 0.018794330 0.999559581
1341846341.744185 0.059085015 0.086937651 0.394255310 0.015503203 -0.019670896 0.021170119 0.999462128
1341846341.780061 0.059185799 0.087989368 0.391214997 0.016123032 -0.020217815 0.022200918 0.999419034
1341846341.842595 0.062571384 0.080601595 0.384404361 0.017688679 -0.021307176 0.027600275 0.999235392
1341846341.906227 0.065533437 0.076621659 0.382074505 0.021004518 -0.022452980 0.032272227 0.999006093
1341846341.942069 0.063632175 0.071119651 0.375664085 0.023985472 -0.021963734 0.033802047 0.998899281
1341846341.974775 0.067327186 0.073858693 0.376204729 0.027733784 -0.022656474 0.035361443 0.998732746
1341846342.010161 0.060475156 0.074613705 0.373696804 0.028557075 -0.023327965 0.037294857 0.998623788
1341846342.042024 0.072373107 0.067815140 0.371776640 0.029598908 -0.025355190 0.037901912 0.998521149
1341846342.080032 0.072724029 0.072844215 0.367745906 0.032296792 -0.022802494 0.037749112 0.998504877
1341846342.112265 0.066624351 0.066397749 0.363828689 0.031791240 -0.021473024 0.039771982 0.998472035
1341846342.147954 0.068775259 0.059927821 0.363234103 0.033747051 -0.022887541 0.042264275 0.998274028
1341846342.179852 0.072591357 0.065347522 0.360356301 0.037268501 -0.022755491 0.043570459 0.998095632
1341846342.211848 0.071569294 0.066602856 0.365860283 0.038293067 -0.021973938 0.042816371 0.998107016
1341846342.247920 0.070460863 0.062518120 0.362749279 0.039016098 -0.021605808 0.041623775 0.998137474
1341846342.279870 0.072314523 0.062320184 0.359619766 0.040412564 -0.021430315 0.042287957 0.998057783
1341846342.316068 0.073815502 0.062165543 0.354975075 0.041618522 -0.021240082 0.042931806 0.997984767
1341846342.347894 0.074371845 0.067281567 0.356798649 0.042693067 -0.021358760 0.043114662 0.997928977
1341846342.379953 0.077024475 0.063764267 0.357436508 0.042454429 -0.020936228 0.042955380 0.997955024
1341846342.416195 0.072981380 0.067257442 0.358989060 0.043502182 -0.020275354 0.044116378 0.997872829
