1341846647.802247 0.000000000 0.000000000 0.000000000 -0.000000000 -0.000000000 -0.000000000 1.000000000
1341846647.834093 0.001013232 -0.001821930 -0.000470839 0.000478540 0.000244755 0.001390164 0.999998927
1341846647.866652 0.011664241 -0.002389852 -0.006000117 0.001797311 0.001156430 0.003726166 0.999990821
1341846647.901972 0.009508156 0.001155367 -0.005722256 0.002252191 0.003895041 0.003820392 0.999982595
1341846647.934224 0.006246901 0.005520291 -0.006737679 0.001531602 0.004743698 0.003293599 0.999982178
1341846647.970225 0.010321071 0.002708659 -0.006714276 0.000675421 0.002536843 0.004521006 0.999986351
1341846648.002341 0.013505845 0.010824871 -0.007682768 0.001156152 0.001347060 0.004499765 0.999988317
1341846648.034343 0.012228959 0.014420589 -0.010239438 -0.000373547 0.000445593 0.002647460 0.999996364
1341846648.070164 0.016067952 0.013353067 -0.004527106 -0.002126387 -0.003713652 0.004898600 0.999978900
1341846648.102152 0.010124944 0.014530578 -0.005881354 -0.001051656 -0.005921841 0.004964847 0.999969661
1341846648.138185 0.028046211 0.017307989 -0.009639751 -0.001403388 -0.010094390 0.005647659 0.999932110
1341846648.170568 0.024075519 0.014093397 -0.016323123 -0.004897606 -0.010769481 0.004784357 0.999918580
1341846648.202106 0.022844851 0.010342951 -0.015637459 -0.006691712 -0.014840361 0.004574322 0.999857068
1341846648.238157 0.022522315 0.007880185 -0.017279653 -0.006353114 -0.019946255 0.004869080 0.999769032
1341846648.270152 0.024443718 0.016388478 -0.025910117 -0.006404542 -0.025224671 0.001045579 0.999660730
1341846648.302183 0.027055802 0.014000183 -0.028068271 -0.012342687 -0.030422499 -0.003871716 0.999453425
1341846648.338170 0.030446222 0.011063097 -0.028764205 -0.015938997 -0.035852771 -0.007139866 0.999204516
1341846648.370216 0.031060122 0.003379535 -0.038096685 -0.020072516 -0.043148611 -0.006260704 0.998847425
1341846648.406052 0.031421140 0.000331634 -0.039682686 -0.022096911 -0.053570785 -0.005683236 0.998303354
1341846648.438342 0.046219531 0.001962784 -0.038980894 -0.021538656 -0.061995521 -0.003238865 0.997838795
1341846648.470076 0.034576066 0.007868484 -0.042484768 -0.021570800 -0.065170571 -0.003533819 0.997634768
1341846648.506263 0.033309452 0.014254266 -0.043046419 -0.023711964 -0.070886739 -0.003361877 0.997196853
1341846648.538249 0.034472276 0.016023820 -0.046305005 -0.026610205 -0.077300221 -0.005026180 0.996640086
1341846648.570179 0.070121728 0.010135066 -0.026656488 -0.032140005 -0.087598808 -0.004437813 0.995627344
1341846648.606081 0.054505896 0.001916223 -0.034220852 -0.035980202 -0.088219233 -0.005297904 0.995436966
1341846648.638395 0.074761055 -0.000891993 -0.021895463 -0.036314420 -0.102787882 -0.006189515 0.994020939
1341846648.674053 0.085185714 0.004155548 -0.017767208 -0.034083184 -0.108073182 -0.006444552 0.993537605
1341846648.706058 0.079602972 0.011955854 -0.025489891 -0.034214236 -0.113703929 -0.006959049 0.992900968
1341846648.738116 0.124674253 0.010017389 -0.002911672 -0.035265945 -0.132259682 -0.004968107 0.990575135
1341846648.774049 0.118856929 -0.000953381 -0.005589624 -0.034269001 -0.132726267 -0.004952022 0.990547776
1341846648.805941 0.099184401 -0.005980267 -0.018443998 -0.033673003 -0.131474346 -0.003193950 0.990742385
1341846648.838602 0.108461402 -0.006688708 -0.013067632 -0.035050306 -0.141164362 -0.000065484 0.989365518
1341846648.874088 0.147311255 -0.001171718 -0.005791801 -0.035872050 -0.151401699 -0.000683990 0.987820983
1341846648.906165 0.098707341 -0.008446741 -0.020313481 -0.038985807 -0.146377876 -0.002128960 0.988457978
1341846648.942154 0.106137559 -0.034648605 -0.037513107 -0.041830737 -0.164111152 0.001940374 0.985552609
1341846648.974090 0.157258794 -0.003381680 -0.004864975 -0.039363481 -0.184846506 0.000574461 0.981978595
1341846649.006157 0.138855338 0.002697093 0.011384798 -0.041865237 -0.185725451 -0.004222082 0.981700361
1341846649.042101 0.151575074 -0.017111721 -0.001826460 -0.044681028 -0.195613042 -0.001792812 0.979661167
1341846649.074128 0.161627978 -0.005942398 -0.013046796 -0.044049840 -0.203584194 -0.010681130 0.978007734
1341846649.106188 0.195522010 0.001770815 0.026975036 -0.046216022 -0.211503670 -0.018099176 0.976116180
1341846649.142042 0.169829354 -0.002408269 0.004600193 -0.049210727 -0.207858860 -0.022137061 0.976669371
1341846649.174442 0.190851510 -0.008437507 0.023198374 -0.052541740 -0.217417344 -0.025303142 0.974335134
1341846649.216152 0.191160902 -0.008156742 0.026742361 -0.053365979 -0.217678830 -0.029334782 0.974118829
1341846649.248048 0.196113557 -0.015468484 0.024560390 -0.056878164 -0.217821702 -0.027604392 0.973938763
1341846649.280075 0.209579051 -0.003172496 0.015818175 -0.059093080 -0.221603334 -0.026628248 0.972980440
1341846649.316071 0.218327716 -0.003180479 0.036158737 -0.064014800 -0.224671394 -0.028210504 0.971920311
1341846649.348041 0.216900438 -0.012795252 0.049741700 -0.067226268 -0.227368891 -0.025013031 0.971163452
1341846649.383973 0.221199229 -0.010155682 0.049747586 -0.065342687 -0.232097358 -0.020353382 0.970281899
1341846649.416053 0.232863382 0.002693756 0.039774328 -0.063965268 -0.232523844 -0.025285549 0.970155597
1341846649.448084 0.238885105 -0.005348225 0.044899665 -0.070023566 -0.230142012 -0.026905490 0.970261574
1341846649.484154 0.241238654 -0.019057646 0.057817914 -0.074931927 -0.233423576 -0.024783809 0.969166934
1341846649.516198 0.243930310 -0.015358533 0.063282907 -0.073196054 -0.235352963 -0.028117092 0.968741834
1341846649.552101 0.253390670 -0.013785681 0.065194018 -0.070927098 -0.234251484 -0.032370724 0.969044805
1341846649.616167 0.255081803 -0.022471670 0.060400963 -0.071793631 -0.236870468 -0.025537472 0.968548417
1341846649.678101 0.273650080 -0.036051683 0.071132168 -0.072866715 -0.241748154 -0.027431132 0.967210352
1341846649.710937 0.276259780 -0.039853945 0.070444651 -0.071975335 -0.248130649 -0.026668528 0.965680897
1341846649.746112 0.280606180 -0.032645147 0.081293434 -0.068730086 -0.255163670 -0.030727787 0.963962376
1341846649.778019 0.287393719 -0.040639047 0.074786760 -0.067850314 -0.259883374 -0.032630779 0.962700546
1341846649.810257 0.290094376 -0.039845444 0.082601383 -0.067761309 -0.268546969 -0.028624792 0.960453868
1341846649.846059 0.307846546 -0.018974401 0.067360528 -0.066212289 -0.278330147 -0.032465432 0.957650363
1341846649.878137 0.309346527 -0.019604739 0.082402252 -0.071057558 -0.284406811 -0.035666078 0.955401242
1341846649.914184 0.313880503 -0.046672747 0.108418547 -0.074629687 -0.292112142 -0.030123696 0.952991843
1341846649.952612 0.319818437 -0.041605048 0.102283761 -0.072181664 -0.293853581 -0.027267681 0.952731013
1341846650.014156 0.343621522 -0.044197191 0.117687382 -0.072864525 -0.300367743 -0.017225439 0.950880349
1341846650.046184 0.356399596 -0.029490761 0.126572326 -0.069183879 -0.304771960 -0.016348014 0.949768662
1341846650.078250 0.365013331 -0.027890483 0.144327745 -0.067237139 -0.305404037 -0.017129330 0.949691653
1341846650.114215 0.370209724 -0.035388287 0.137776062 -0.066923127 -0.304724038 -0.013728399 0.949987471
1341846650.146137 0.374856323 -0.038264859 0.152243763 -0.065505460 -0.308318257 -0.011695028 0.948953152
1341846650.182236 0.384998381 -0.030960858 0.164970830 -0.059920672 -0.309267044 -0.013944667 0.948983133
1341846650.214164 0.389721274 -0.035780635 0.153379366 -0.058994185 -0.307138443 -0.013167807 0.949743271
1341846650.246084 0.392565340 -0.035622224 0.160799667 -0.060562450 -0.308819234 -0.014044877 0.949086726
1341846650.282167 0.405375510 -0.045251723 0.180628687 -0.058601487 -0.309410542 -0.016481219 0.948978066
1341846650.314158 0.406674594 -0.044465154 0.164796203 -0.055009089 -0.304458588 -0.019522602 0.950735450
1341846650.350453 0.409421921 -0.046686016 0.156297669 -0.057398528 -0.304089457 -0.019764010 0.950707376
1341846650.382075 0.409649074 -0.049373820 0.171538666 -0.059055068 -0.304737031 -0.023592573 0.950311124
1341846650.414224 0.410828024 -0.048118543 0.177976355 -0.055646159 -0.300713211 -0.026317639 0.951726139
1341846650.450353 0.404368609 -0.040863596 0.174178213 -0.053927775 -0.294572413 -0.024106394 0.953801751
1341846650.484849 0.406165123 -0.033316441 0.161998972 -0.053489555 -0.290866524 -0.027899932 0.954859793
1341846650.514091 0.405260295 -0.050061259 0.186142430 -0.057195079 -0.286829382 -0.027995801 0.955862939
1341846650.550746 0.399482429 -0.064498678 0.196883157 -0.054028876 -0.280551642 -0.026535265 0.957949698
1341846650.582069 0.393784314 -0.060351372 0.174629137 -0.048522051 -0.272562742 -0.027104689 0.960531414
1341846650.618092 0.380910158 -0.044336058 0.164054081 -0.046060890 -0.264515609 -0.029803483 0.962819695
1341846650.650422 0.370503217 -0.044283316 0.165717646 -0.044736777 -0.256468177 -0.033443518 0.964937449
1341846650.682114 0.361089587 -0.048867419 0.159720093 -0.044446897 -0.249073088 -0.034966979 0.966832161
1341846650.718110 0.351025760 -0.051641747 0.155126914 -0.044334311 -0.243218243 -0.036855496 0.968256772
1341846650.750112 0.347011864 -0.046787579 0.162771687 -0.042150207 -0.236319959 -0.039558411 0.969954312
1341846650.782116 0.326632291 -0.052593868 0.163435221 -0.041664433 -0.225004643 -0.038810581 0.972692490
1341846650.818115 0.308673531 -0.066724561 0.146245897 -0.040324081 -0.218900710 -0.037137531 0.974205971
1341846650.850139 0.301689029 -0.055705838 0.123946473 -0.036821265 -0.213241875 -0.040456660 0.975466728
1341846650.886238 0.292031378 -0.042106636 0.131038263 -0.036700506 -0.201209292 -0.040949017 0.978003621
1341846650.918288 0.286941588 -0.062683761 0.149443343 -0.042105593 -0.192264080 -0.033922911 0.979852498
1341846650.950233 0.257856905 -0.049913850 0.126756430 -0.038640052 -0.181715399 -0.034554772 0.981983900
1341846650.986247 0.253170937 -0.050415616 0.136887327 -0.040291432 -0.172462627 -0.031425666 0.983689845
1341846651.050482 0.224292532 -0.055750094 0.107496150 -0.039264206 -0.151725486 -0.024067309 0.987349212
1341846651.086169 0.211964712 -0.038682479 0.109055221 -0.039628249 -0.144385502 -0.026254788 0.988379061
1341846651.118423 0.200008243 -0.059090901 0.114927687 -0.043371368 -0.133710325 -0.019409223 0.989880681
1341846651.154189 0.190467402 -0.056835730 0.108225390 -0.039243121 -0.126760945 -0.016226033 0.991023898
1341846651.186391 0.175574332 -0.057231002 0.092866994 -0.040636700 -0.119223788 -0.013504231 0.991943598
1341846651.218036 0.166161850 -0.064965710 0.085433155 -0.044405758 -0.113831155 -0.011977345 0.992434978
1341846651.254031 0.151258662 -0.060259581 0.069950074 -0.042253960 -0.106342882 -0.014217407 0.993329644
1341846651.286406 0.136819199 -0.060927987 0.063330382 -0.044200152 -0.100375503 -0.015748518 0.993842602
1341846651.318309 0.120308153 -0.068413876 0.061970741 -0.047203634 -0.094845623 -0.016486967 0.994235575
1341846651.354135 0.108853176 -0.059794370 0.065173708 -0.044101689 -0.088556617 -0.020811744 0.994876742
1341846651.386180 0.091928683 -0.059788648 0.067707397 -0.042954445 -0.079669826 -0.021252953 0.995668590
1341846651.422237 0.069982208 -0.059422005 0.062573642 -0.043489613 -0.074946068 -0.022011558 0.995995641
1341846651.492135 0.052986696 -0.048779514 0.069684803 -0.045164309 -0.067581639 -0.027711602 0.996305704
1341846651.560316 0.031450920 -0.062588058 0.062994011 -0.043346252 -0.049273871 -0.027336197 0.997469783
1341846651.622176 0.008694110 -0.066149816 0.030137643 -0.034295566 -0.036105879 -0.029990964 0.998309016
1341846651.654223 -0.000743051 -0.065110005 0.025579171 -0.030642826 -0.032324456 -0.028642360 0.998596966
1341846651.690127 -0.004743389 -0.073921598 0.018118966 -0.027879097 -0.030428484 -0.024949988 0.998836517
1341846651.722318 -0.029684989 -0.067537203 0.012468770 -0.022932071 -0.023895632 -0.023398604 0.999177516
1341846651.754212 -0.043669578 -0.065418147 0.002987728 -0.020903066 -0.019373706 -0.021994030 0.999351859
1341846651.790200 -0.046482053 -0.060912687 -0.013352029 -0.022177329 -0.014852445 -0.022078181 0.999399900
1341846651.822233 -0.056515887 -0.080231108 -0.019262729 -0.024801698 -0.008691723 -0.018990835 0.999474227
1341846651.858213 -0.082695380 -0.076045856 -0.014456540 -0.014592998 -0.000980883 -0.016102696 0.999763370
1341846651.890237 -0.090090826 -0.072894074 -0.028391996 -0.006523912 0.004127682 -0.013289589 0.999881923
1341846651.922186 -0.094891831 -0.065976098 -0.029793995 -0.004120142 0.007874643 -0.010699448 0.999903321
1341846651.958047 -0.105747692 -0.075190477 -0.036177617 -0.003209225 0.010779685 -0.008039734 0.999904454
1341846651.990020 -0.119111970 -0.078144334 -0.023604237 0.003115078 0.017356869 -0.003604737 0.999838054
1341846652.022081 -0.151978582 -0.064923599 -0.030942824 0.011461217 0.025330221 -0.000649260 0.999613225
1341846652.058058 -0.167265266 -0.054699715 -0.037590601 0.013043078 0.027682660 0.001146279 0.999531031
1341846652.090106 -0.169301555 -0.053333219 -0.049797740 0.011169827 0.029024160 0.000095909 0.999516368
1341846652.126257 -0.176276341 -0.057078231 -0.057985514 0.008159078 0.033130448 -0.000229672 0.999417722
1341846652.158232 -0.197434589 -0.055674616 -0.050141130 0.006504627 0.036991466 0.000119578 0.999294460
1341846652.190049 -0.201931387 -0.053120568 -0.049523655 0.006691660 0.038312204 -0.001657526 0.999242067
1341846652.225981 -0.202493504 -0.061829660 -0.054832119 0.006359310 0.045440078 -0.002352544 0.998944044
1341846652.258089 -0.224949300 -0.066856317 -0.063461378 0.007505499 0.053551171 0.003072451 0.998532236
1341846652.290189 -0.236110955 -0.075299680 -0.062697299 0.009955917 0.054068476 0.007478859 0.998459578
1341846652.326148 -0.260393053 -0.067606010 -0.042091023 0.018942865 0.059162937 0.006331131 0.998048544
1341846652.358184 -0.271601111 -0.064474910 -0.056577846 0.022013864 0.062997490 0.008408420 0.997735500
1341846652.394279 -0.282387972 -0.065246642 -0.054071534 0.022609146 0.064823985 0.008428119 0.997605026
1341846652.426287 -0.289120585 -0.068512253 -0.047671821 0.024061538 0.067474529 0.007184259 0.997404933
1341846652.458277 -0.304787964 -0.070227459 -0.044469651 0.026475973 0.072200127 0.007576077 0.997009933
1341846652.494100 -0.317819178 -0.064126767 -0.047656111 0.030133534 0.075666003 0.007362006 0.996650696
1341846652.526469 -0.337596267 -0.055764642 -0.042166725 0.030856911 0.082130328 0.005271630 0.996129930
1341846652.562089 -0.334929407 -0.067932710 -0.046681289 0.029706577 0.087647334 0.004465170 0.995698512
1341846652.594254 -0.354695261 -0.061330367 -0.058304049 0.032652445 0.103458628 0.002723895 0.994093955
1341846652.626356 -0.357124060 -0.065535389 -0.053444635 0.034145493 0.114748150 0.003043352 0.992802978
1341846652.662152 -0.337062180 -0.071459226 -0.101085596 0.033191912 0.133017167 -0.002978741 0.990553319
1341846652.694113 -0.334492266 -0.076921396 -0.101970091 0.030186526 0.160217419 -0.007704817 0.986589968
1341846652.726378 -0.362391353 -0.081647173 -0.077773109 0.032111961 0.193672374 -0.009712855 0.980492532
1341846652.762129 -0.362874329 -0.080204576 -0.059757099 0.031702884 0.221253097 -0.010590198 0.974643469
1341846652.794152 -0.359680861 -0.080086559 -0.081548274 0.029845847 0.250896394 -0.009099234 0.967510939
1341846652.830250 -0.366238117 -0.077265136 -0.080440149 0.029906152 0.279481530 -0.007648973 0.959654748
1341846652.862014 -0.373068333 -0.070052825 -0.069124609 0.029264305 0.298474729 -0.005561605 0.953952551
1341846652.894426 -0.370901883 -0.078974999 -0.085679278 0.027982924 0.314802557 -0.001313697 0.948743701
1341846652.930346 -0.371961713 -0.084254920 -0.068304844 0.029176747 0.334713936 0.002185504 0.941865444
1341846652.962213 -0.402013063 -0.073427081 -0.058405749 0.029281892 0.352952629 0.002217285 0.935180306
1341846653.030292 -0.374971658 -0.085045278 -0.050340511 0.022304753 0.382212102 0.003896736 0.923797250
1341846653.062672 -0.389441311 -0.087356865 -0.025504120 0.025240991 0.399047732 0.006916776 0.916556597
1341846653.099024 -0.377057165 -0.063736498 -0.037803769 0.026540931 0.412190765 0.007699216 0.910678387
1341846653.130475 -0.382041723 -0.065138057 -0.026474200 0.022409195 0.430582166 0.006569036 0.902249217
1341846653.162620 -0.402066588 -0.077352509 -0.024581045 0.021172628 0.447212070 0.008953745 0.894132495
1341846653.198437 -0.410488904 -0.078685395 -0.025965631 0.021661954 0.459099472 0.012826953 0.888028145
1341846653.230042 -0.393311411 -0.070981249 -0.002950206 0.024214085 0.471129060 0.015938621 0.881587923
1341846653.298380 -0.407525748 -0.072929248 0.002457798 0.022825627 0.498357415 0.019682681 0.866447628
1341846653.330162 -0.404656857 -0.072686560 0.005288661 0.022729589 0.509706974 0.022413123 0.859755754
1341846653.366319 -0.433130682 -0.067571506 0.006492212 0.021796346 0.521545529 0.025526311 0.852562964
1341846653.398226 -0.422229230 -0.067188948 0.023371905 0.022001281 0.531187952 0.028808072 0.846478224
1341846653.430060 -0.443117201 -0.067792810 0.059711397 0.024045397 0.543214262 0.030318333 0.838701904
1341846653.466341 -0.443965733 -0.067151397 0.058585495 0.025780156 0.548380673 0.028289394 0.835352480
1341846653.498194 -0.453160763 -0.063901730 0.057501346 0.025929617 0.553070426 0.027750682 0.832268476
1341846653.530205 -0.450284481 -0.069145530 0.086711422 0.025757428 0.557255447 0.026287833 0.829525173
1341846653.566601 -0.452794254 -0.067973889 0.085176468 0.025959525 0.558443844 0.023244387 0.828810275
1341846653.598213 -0.455516517 -0.071134135 0.084225073 0.025889955 0.559294820 0.024893796 0.828190446
1341846653.634793 -0.463000596 -0.066070467 0.074859023 0.026197394 0.557191730 0.025369549 0.829582691
1341846653.666143 -0.459835768 -0.064611971 0.055639923 0.026304321 0.554318011 0.025601845 0.831495166
1341846653.698738 -0.461242557 -0.050353892 0.058200404 0.027437536 0.550980687 0.026896812 0.833633125
1341846653.734313 -0.467031419 -0.069940753 0.046504527 0.021731686 0.544330478 0.027932050 0.838124096
1341846653.766275 -0.468498230 -0.063546494 0.071666017 0.022104071 0.543296516 0.029554851 0.838729382
1341846653.802358 -0.466973543 -0.063000008 0.036192909 0.019883521 0.535701156 0.029839158 0.843645990
1341846653.834226 -0.463946491 -0.055713575 0.038599432 0.019918952 0.525922000 0.030031361 0.849768996
1341846653.866214 -0.466605783 -0.055294007 0.046541527 0.019573146 0.520249903 0.030376224 0.853249192
1341846653.902170 -0.451591969 -0.058361348 0.065829352 0.017382409 0.512935698 0.031932138 0.857656837
1341846653.934160 -0.463455558 -0.065402411 0.061901286 0.014865334 0.504473269 0.032514010 0.862686813
1341846653.966155 -0.469838977 -0.064208508 0.058843672 0.013309202 0.497482210 0.031885158 0.866785824
1341846654.002169 -0.468987972 -0.056971028 0.059887119 0.010256110 0.488539696 0.031226451 0.871922433
1341846654.034140 -0.454496026 -0.064147070 0.066699304 0.005134193 0.479502231 0.030228887 0.877004862
1341846654.070172 -0.467310488 -0.071151480 0.084876262 0.006980618 0.471250594 0.031669196 0.881402969
1341846654.102438 -0.470298648 -0.073180400 0.084491231 0.011230624 0.461248130 0.032346606 0.886610329
1341846654.134349 -0.453871369 -0.080768041 0.085546538 0.014179928 0.449072123 0.031871613 0.892814338
1341846654.170244 -0.476666421 -0.075226419 0.044801593 0.017550264 0.436278641 0.031776614 0.899079144
1341846654.202087 -0.470722139 -0.077490725 0.045885861 0.019022880 0.419881582 0.027338300 0.906967640
1341846654.234434 -0.459081888 -0.076036699 0.044725828 0.021334484 0.410418093 0.025178704 0.911300063
1341846654.270041 -0.472465932 -0.072101966 0.040195007 0.021991301 0.398920208 0.023252297 0.916426957
1341846654.302117 -0.467574507 -0.072814047 0.048883855 0.021600539 0.382993340 0.020182192 0.923277974
1341846654.338026 -0.438093930 -0.070938408 0.034333427 0.020103049 0.371346742 0.018197211 0.928098321
1341846654.369979 -0.454292536 -0.071314260 0.048139010 0.020787945 0.362849116 0.020027339 0.931400776
1341846654.402172 -0.497375160 -0.070767760 0.070478037 0.022282550 0.347896576 0.019228820 0.937070847
1341846654.438133 -0.418134212 -0.050834849 0.036273580 0.023351282 0.322425365 0.019675683 0.946102321
1341846654.470186 -0.414433777 -0.062359288 0.023612678 0.019279890 0.312048554 0.019615892 0.949667931
1341846654.502267 -0.474758714 -0.067980960 0.081965432 0.018523758 0.302253991 0.017171226 0.952892721
1341846654.539064 -0.403682292 -0.067542754 0.013666669 0.018696154 0.273205310 0.015977928 0.961641312
1341846654.570053 -0.370609343 -0.051664412 0.042614516 0.017816842 0.265580297 0.015362658 0.963801742
1341846654.606030 -0.430607498 -0.064800702 0.054385178 0.014905467 0.257738084 0.009674017 0.966051400
1341846654.637980 -0.354445457 -0.066467211 0.029485006 0.019683223 0.227505624 0.012467639 0.973497987
1341846654.670155 -0.343348384 -0.061055213 0.018363308 0.022749592 0.220180184 0.011385188 0.975127518
1341846654.706022 -0.371821940 -0.066008799 0.020885099 0.024771689 0.210981414 0.011384319 0.977109849
1341846654.738497 -0.334427088 -0.061829854 -0.000013215 0.031373698 0.184766471 0.017446786 0.982126653
1341846654.774056 -0.331730217 -0.055541262 -0.007252509 0.032579511 0.177417830 0.016815621 0.983452439
1341846654.806040 -0.315936476 -0.041733194 -0.002987951 0.032780625 0.164936870 0.018219976 0.985590875
1341846654.838060 -0.319436640 -0.049680229 -0.002171231 0.032197274 0.148542151 0.018672461 0.988205433
1341846654.874136 -0.315094471 -0.040574647 -0.013292543 0.031916361 0.135807604 0.017860459 0.990059972
1341846654.906209 -0.292634279 -0.041121226 -0.026371904 0.028248856 0.121286407 0.018770063 0.992037952
1341846654.938214 -0.272906333 -0.055486839 -0.022526441 0.028265845 0.103596546 0.018327542 0.994048834
1341846654.974334 -0.275597751 -0.047264397 -0.011683238 0.034242779 0.086971663 0.020239461 0.995416403
1341846655.006124 -0.269504786 -0.037192117 -0.035472061 0.035170313 0.072499491 0.021863461 0.996508360
1341846655.042239 -0.300444067 -0.056927279 -0.040355124 0.030118216 0.060301170 0.017337831 0.997575104
1341846655.074179 -0.300471038 -0.061057869 -0.037903044 0.032534443 0.037542015 0.018718258 0.998589873
1341846655.106132 -0.241761774 -0.033780828 -0.044713255 0.037538480 0.015904535 0.021755112 0.998931766
1341846655.142070 -0.305758923 -0.051546447 -0.065884225 0.033466484 0.005962982 0.013541551 0.999330282
1341846655.174000 -0.274655133 -0.054450259 -0.057356093 0.030649558 -0.021442788 0.008675724 0.999262512
1341846655.206124 -0.207795411 -0.024997957 -0.052541718 0.033801187 -0.042075269 0.014774439 0.998433292
1341846655.242079 -0.214423627 -0.040750496 -0.037474275 0.033144072 -0.054037850 0.014846884 0.997878253
1341846655.274211 -0.150073990 -0.041814856 -0.070564047 0.037358042 -0.071618855 0.020866247 0.996513844
1341846655.310175 -0.172852650 -0.069655262 -0.076766565 0.038541708 -0.067291930 0.021551687 0.996755719
1341846655.342236 -0.172538355 -0.059155293 -0.076074757 0.047698256 -0.072666459 0.025210563 0.995896041
1341846655.374134 -0.159170866 -0.049630094 -0.084298596 0.050896019 -0.076349325 0.025411190 0.995457053
1341846655.410207 -0.161133841 -0.059141528 -0.084261551 0.051603138 -0.076812111 0.028611304 0.995298207
1341846655.442262 -0.172320575 -0.062092450 -0.078680776 0.056398466 -0.084326066 0.029716594 0.994396985
1341846655.474205 -0.161715984 -0.046332072 -0.078224368 0.059356038 -0.095909558 0.029135233 0.993191540
1341846655.510277 -0.163180888 -0.038004197 -0.094676159 0.055782672 -0.106381170 0.026761841 0.992398679
1341846655.542135 -0.142605662 -0.043856252 -0.091197029 0.050280970 -0.117613517 0.028073747 0.991388381
1341846655.578132 -0.141956031 -0.045287382 -0.079330869 0.047600418 -0.125118464 0.029142950 0.990570664
1341846655.642348 -0.151594356 -0.042252190 -0.108258851 0.041929092 -0.142717540 0.025624825 0.988542914
1341846655.678110 -0.133964822 -0.048607532 -0.086201616 0.041146405 -0.156125322 0.027687024 0.986491442
1341846655.710074 -0.124536805 -0.037890274 -0.080429800 0.044117399 -0.168532535 0.029890271 0.984254599
1341846655.748050 -0.120037653 -0.031300634 -0.095243789 0.040912636 -0.179872841 0.028816726 0.982416213
1341846655.810222 -0.112347357 -0.040520482 -0.093060687 0.035982061 -0.199608743 0.032773342 0.978666186
1341846655.846257 -0.114390790 -0.027026052 -0.124475248 0.035995074 -0.208529890 0.030562550 0.976875484
1341846655.910355 -0.095014140 -0.030731043 -0.127454340 0.029337155 -0.229662240 0.026894443 0.972456336
1341846655.946240 -0.084775910 -0.022742605 -0.109207012 0.028501594 -0.241708264 0.025383476 0.969598174
1341846655.978412 -0.083637208 -0.011790317 -0.102251545 0.027024899 -0.248476177 0.023656627 0.967971981
1341846656.014188 -0.062937163 -0.011993526 -0.101563588 0.023940556 -0.253928840 0.025958523 0.966578066
1341846656.046211 -0.062436011 -0.016602399 -0.099694155 0.021401407 -0.257071823 0.026959322 0.965779126
1341846656.078165 -0.054653861 -0.013960534 -0.108632520 0.021454526 -0.262302667 0.028892456 0.964314401
1341846656.114220 -0.054353528 -0.010354625 -0.116022110 0.019785499 -0.266114295 0.028041225 0.963330448
1341846656.146158 -0.055641070 -0.014103820 -0.116360471 0.017193995 -0.271876246 0.027399018 0.961788476
1341846656.178154 -0.049314521 -0.015768852 -0.122356482 0.017167959 -0.278623700 0.028226428 0.959831953
1341846656.214132 -0.046181675 -0.015486504 -0.116665386 0.016905539 -0.284629524 0.027153796 0.958103836
1341846656.246093 -0.041705549 -0.014361849 -0.112694904 0.017644824 -0.288226068 0.028256062 0.956982791
1341846656.282181 -0.039804477 -0.010598373 -0.122363582 0.017447136 -0.290476650 0.027901709 0.956316054
1341846656.314258 -0.045209490 -0.018284701 -0.132336304 0.014944628 -0.293984503 0.025895216 0.955342472
1341846656.346094 -0.036674395 -0.008605361 -0.134709120 0.014302626 -0.298627019 0.024119720 0.953957856
1341846656.382222 -0.038414016 -0.020136638 -0.133985996 0.009696966 -0.302429765 0.024306769 0.952812374
1341846656.414253 -0.053319611 -0.030025866 -0.142923743 0.010131268 -0.309910923 0.024149822 0.950404942
1341846656.446177 -0.024531944 -0.003954485 -0.135791272 0.010393115 -0.322129250 0.023860620 0.946337938
1341846656.482260 -0.030097988 -0.010380091 -0.136981279 0.004510145 -0.327324837 0.022562385 0.944631755
1341846656.519461 -0.016666099 -0.011888012 -0.138906360 0.004604807 -0.336301267 0.024161108 0.941433191
1341846656.582247 -0.016010188 -0.007968780 -0.138347000 -0.000354000 -0.340876669 0.023159491 0.939822674
1341846656.614195 -0.017054165 -0.013173192 -0.141084209 -0.002275893 -0.343196660 0.022868577 0.938982427
1341846656.649995 -0.013749275 -0.014419530 -0.146456987 -0.002528202 -0.344523430 0.023351377 0.938483834
1341846656.682076 -0.017217936 -0.017301528 -0.160864770 -0.003466769 -0.347685933 0.022615997 0.937331855
1341846656.714216 -0.013005348 -0.011851257 -0.159349173 -0.003884248 -0.352169186 0.022525346 0.935657203
1341846656.749974 -0.010549413 -0.003425022 -0.134665906 -0.006179331 -0.355516315 0.023917058 0.934343576
1341846656.782653 -0.008140363 -0.010133101 -0.138034463 -0.007121965 -0.357524574 0.024604646 0.933552444
1341846656.824388 -0.006367100 0.001548687 -0.129237369 -0.006049494 -0.361189723 0.025443649 0.932125568
1341846656.856226 -0.007451035 0.005493640 -0.134577051 -0.008568250 -0.361561477 0.023386581 0.932015538
1341846656.892050 -0.013801046 0.002528962 -0.121240914 -0.010526015 -0.359407485 0.023120396 0.932834923
1341846656.924099 -0.013548492 0.008324414 -0.134078503 -0.009770322 -0.357764214 0.021458713 0.933514297
1341846656.956112 -0.001284601 0.001994708 -0.118824467 -0.012601580 -0.353669107 0.022409182 0.935017228
1341846656.992122 -0.004448656 0.000182577 -0.121537082 -0.014275718 -0.346268386 0.023540489 0.937731504
1341846657.024108 -0.003497137 -0.004669617 -0.125005946 -0.014891081 -0.343319118 0.024657315 0.938777089
1341846657.056121 0.001224995 -0.004432821 -0.093104199 -0.016293541 -0.340280175 0.026343444 0.939813793
1341846657.092006 -0.002862606 -0.007826282 -0.093810067 -0.013352721 -0.328420490 0.028675091 0.944001853
1341846657.124027 0.003149798 -0.015634114 -0.096901037 -0.007667808 -0.318336755 0.032289516 0.947396636
1341846657.155973 -0.005347328 -0.007512602 -0.114104271 -0.000751272 -0.304109544 0.033007074 0.952064812
1341846657.192094 -0.003032055 -0.009988026 -0.106789559 0.000241886 -0.289080292 0.032829784 0.956741750
1341846657.224195 0.002645197 -0.010952745 -0.099268369 0.002141978 -0.279488027 0.031522397 0.959629178
1341846657.292164 0.004472019 -0.012045012 -0.099010296 0.004732894 -0.258785248 0.025762672 0.965579689
1341846657.354367 0.013855456 -0.012439221 -0.108395696 0.003972176 -0.240716383 0.022856919 0.970318198
1341846657.386193 0.018312739 -0.012759524 -0.102249958 0.003599843 -0.230318576 0.022755915 0.972842515
1341846657.418105 0.022322124 -0.015036838 -0.094695106 0.006251013 -0.220418811 0.021199914 0.975154877
1341846657.454277 0.026711119 -0.010405461 -0.091102757 0.008514465 -0.210577130 0.021511246 0.977303445
1341846657.486117 0.046447404 -0.013873651 -0.075098641 0.008389066 -0.199671984 0.021748239 0.979585528
1341846657.522092 0.045295123 -0.023802580 -0.075534135 0.011207839 -0.184086159 0.020582667 0.982630670
1341846657.554062 0.023466710 -0.011984386 -0.086189963 0.015080766 -0.174318060 0.016829185 0.984430075
1341846657.586078 0.057196740 -0.009124686 -0.080138050 0.014701621 -0.165749222 0.012620008 0.985977590
1341846657.622205 0.030554721 -0.017607789 -0.069060750 0.014041613 -0.148890197 0.012688788 0.988672614
1341846657.654161 0.023976443 -0.018443301 -0.062243447 0.015828842 -0.141143218 0.011757075 0.989792824
1341846657.686517 0.046283275 -0.021942368 -0.059462249 0.015310524 -0.131536230 0.007919389 0.991161466
1341846657.722061 0.046253301 -0.022979707 -0.039711948 0.017367980 -0.116733804 0.007997348 0.992979169
1341846657.754104 0.033816960 -0.015617398 -0.055886712 0.018509824 -0.106694326 0.005918914 0.994101942
1341846657.790066 0.064456083 -0.026739854 -0.086705610 0.012577522 -0.098352522 0.003151905 0.995067239
1341846657.822089 0.038067304 -0.036575884 -0.032410953 0.011712145 -0.075089291 -0.000687142 0.997107863
1341846657.853972 0.040938109 -0.031751022 -0.024889180 0.016406339 -0.065785676 0.004768964 0.997687519
1341846657.889993 0.062861010 -0.027272919 -0.051529847 0.015212573 -0.055714484 0.005810984 0.998313963
1341846657.922046 0.056310739 -0.039504319 -0.025203465 0.014729585 -0.039534781 0.005337463 0.999095380
1341846657.954192 0.037514109 -0.029174851 -0.030374050 0.016792828 -0.028447438 0.006943425 0.999430180
1341846657.990141 0.053010359 -0.029621456 -0.031276640 0.013214639 -0.018891513 0.006459277 0.999713361
1341846658.022419 0.032677442 -0.040814418 -0.005959121 0.014155784 -0.007222056 0.008129218 0.999840677
1341846658.090215 0.040869683 -0.033801205 -0.019282447 0.015888279 0.006709584 0.008205402 0.999817610
1341846658.122355 0.013949047 -0.025033513 -0.001245372 0.015626807 0.016412403 0.006417696 0.999722600
1341846658.158136 0.025495356 -0.034174711 0.004122602 0.012581808 0.018449223 0.008604014 0.999713600
1341846658.190098 0.026968412 -0.031416103 -0.014713286 0.010923082 0.024365652 0.005799761 0.999626696
1341846658.226027 0.014945208 -0.051562645 0.004300156 0.009672494 0.031561736 0.008522459 0.999418676
1341846658.258133 0.014119317 -0.033565197 0.012902361 0.014217549 0.034598876 0.005413139 0.999285519
1341846658.290020 0.009568337 -0.034731865 0.006919046 0.012668441 0.039635342 -0.000627277 0.999133706
1341846658.326239 -0.002825226 -0.033374529 0.016178628 0.013308722 0.044577893 -0.004082927 0.998908937
1341846658.358248 -0.009965073 -0.021069696 0.014560962 0.011316569 0.045225210 -0.005420930 0.998898029
1341846658.390215 -0.005429703 -0.027349364 0.002615380 0.004672885 0.044914953 -0.011072457 0.998918533
1341846658.426300 -0.008626876 -0.036299139 0.018864358 0.001979446 0.048680130 -0.012324692 0.998736441
1341846658.458168 -0.019987071 -0.042146325 0.025617631 0.003200820 0.048202701 -0.009008416 0.998791873
1341846658.494176 -0.016375985 -0.014387075 0.011939418 0.002990314 0.042200174 -0.007162358 0.999079049
1341846658.526214 -0.004790156 -0.014744371 0.011898863 -0.007920423 0.039242905 -0.007824140 0.999167681
1341846658.558129 0.005403318 -0.027779279 0.001221286 -0.021351228 0.034343887 -0.002131358 0.999179721
1341846658.594206 -0.004078793 0.011657149 -0.000826025 -0.040889919 0.030144421 0.002532034 0.998705626
1341846658.626105 -0.026069280 0.021088222 0.008149993 -0.056047674 0.027915539 -0.007072633 0.998012781
1341846658.658181 -0.015465556 0.016446050 0.007327261 -0.061213885 0.022124823 -0.005432796 0.997864604
1341846658.694141 -0.011564218 0.019384172 -0.003798520 -0.075555153 0.020574879 -0.000182224 0.996929407
1341846658.726153 -0.032717977 0.015569688 0.005603387 -0.089092717 0.021017382 -0.003822084 0.995794296
1341846658.762100 -0.036136091 -0.024135455 0.012745269 -0.098102614 0.015164888 -0.006094275 0.995042145
1341846658.794185 -0.010782110 -0.015265392 -0.001611453 -0.099748150 0.011330518 -0.002794696 0.994944274
1341846658.826155 -0.014154693 0.013698814 -0.005084592 -0.105945781 0.014271657 -0.004187670 0.994260669
1341846658.862197 -0.042692721 -0.016397975 0.007402405 -0.118072823 0.015332119 -0.005033265 0.992873847
1341846658.894170 -0.000976431 0.020619122 -0.012608069 -0.112910375 0.008883411 0.001930358 0.993563592
1341846658.962404 -0.032234836 0.007612679 -0.004755746 -0.132032737 0.019581050 0.002758934 0.991048157
1341846658.994217 -0.013541808 -0.000839438 -0.001368019 -0.134563461 0.013842837 0.004050286 0.990800023
1341846659.030070 -0.003789741 -0.005895715 -0.000188826 -0.133745313 0.013743242 0.003564727 0.990914047
1341846659.062007 -0.016672635 -0.023522470 0.002373432 -0.132623181 0.014899681 0.003677726 0.991047680
1341846659.094100 -0.001965137 -0.003677876 -0.003217494 -0.127046019 0.011135591 0.003565949 0.991827965
1341846659.130368 0.001395671 0.010068865 -0.007919082 -0.125801235 0.014316793 0.001443975 0.991951168
1341846659.162537 -0.018995905 -0.034516945 0.002351735 -0.131535232 0.018256338 0.001760238 0.991141856
1341846659.198696 0.008431382 -0.005223027 -0.001915478 -0.123067617 0.011655308 0.001172476 0.992329240
1341846659.231286 0.011629950 0.002125850 -0.011876150 -0.122776948 0.016137762 0.000032745 0.992303073
1341846659.263549 -0.010515376 -0.011612174 -0.001703270 -0.125638515 0.021241292 0.003227287 0.991843402
1341846659.298797 -0.000132682 -0.005801977 -0.002908970 -0.124850564 0.017710207 0.003212535 0.992012322
1341846659.331074 0.019096481 0.001177505 -0.007564834 -0.124951653 0.016621405 0.003838056 0.992016256
1341846659.362420 0.009279245 -0.015316820 -0.002407229 -0.128048271 0.020580707 0.005228927 0.991540611
1341846659.398303 0.009418532 -0.019910639 0.002195553 -0.126495078 0.019351564 0.006724457 0.991755664
1341846659.430262 0.013013334 -0.004829915 -0.007405769 -0.123570517 0.018980071 0.006407799 0.992133617
1341846659.466583 0.005077466 -0.011956515 -0.002839307 -0.125945657 0.023300052 0.006707638 0.991740823
1341846659.498531 -0.008409366 -0.027625203 -0.002369651 -0.126835644 0.024952332 0.008310780 0.991575003
1341846659.530267 0.006943392 -0.006683087 -0.002083691 -0.120938465 0.020694222 0.007476254 0.992416143
1341846659.566571 0.015379143 -0.001692886 -0.008620529 -0.119228594 0.022682635 0.006752743 0.992584765
1341846659.598122 0.018827494 -0.016811075 -0.000788390 -0.120384976 0.023607140 0.008075152 0.992413759
1341846659.630209 0.007353200 -0.014712992 -0.000067877 -0.117239483 0.022249861 0.009320102 0.992810726
1341846659.666409 0.019477062 -0.007635995 -0.009002137 -0.116135769 0.020563420 0.006495507 0.992999315
1341846659.698237 -0.001418333 -0.021282677 -0.006381628 -0.119611196 0.025105461 0.006594202 0.992481470
1341846659.734169 -0.021523943 -0.015744379 -0.013007970 -0.117363647 0.022416394 0.005312586 0.992821872
1341846659.766421 0.003453287 -0.003120472 -0.006156405 -0.115610160 0.015416606 0.002206398 0.993172586
1341846659.798087 0.007054420 -0.017307715 -0.002854180 -0.118082270 0.015027870 0.001454306 0.992889047
1341846659.834075 -0.017470883 -0.025715442 -0.010358891 -0.117679253 0.015985960 0.002345372 0.992920280
1341846659.866481 -0.003741346 -0.014821253 -0.013174978 -0.115176439 0.009489181 0.002247005 0.993297219
1341846659.898128 0.004907548 -0.019877257 -0.006187251 -0.115489654 0.006500550 0.002425336 0.993284464
1341846659.934286 -0.008591264 -0.022372082 -0.006459803 -0.112775952 0.006557328 0.004352485 0.993589342
1341846659.966354 -0.011377356 -0.024562528 -0.013147442 -0.111117452 0.002942097 0.004500778 0.993792832
1341846660.002267 -0.007606955 -0.004413869 -0.009392461 -0.106262863 0.000832512 0.002060251 0.994335592
1341846660.034581 -0.017126685 -0.018178686 -0.014894643 -0.106984094 0.001998005 0.001721257 0.994257271
1341846660.066206 -0.025556020 -0.036286693 -0.016472643 -0.105691604 -0.001805020 0.002077222 0.994395137
1341846660.102245 -0.009549065 -0.019288773 -0.013247842 -0.099098794 -0.007362832 -0.000813932 0.995050073
1341846660.140244 -0.008316358 -0.021147320 -0.013833473 -0.098487593 -0.006802521 -0.001278827 0.995114267
1341846660.202316 -0.012526779 -0.020896768 -0.012882444 -0.093732685 -0.013398455 -0.002130558 0.995505035
1341846660.234105 -0.011077729 -0.020705681 -0.015327316 -0.090521634 -0.012400857 -0.002503174 0.995814204
1341846660.270168 -0.056522831 -0.083094113 -0.022896033 -0.094363175 -0.005011766 -0.002741179 0.995521486
1341846660.302258 -0.061637402 -0.089884244 -0.015170257 -0.081466392 -0.009363254 -0.003563244 0.996625721
1341846660.334349 -0.046927392 -0.063286081 -0.019184507 -0.065089919 -0.012145411 -0.004657120 0.997794688
1341846660.370214 -0.047474042 -0.060290240 -0.019779740 -0.060579423 -0.011287449 -0.005408181 0.998084962
1341846660.401986 -0.052962326 -0.051612414 -0.025242992 -0.059024252 -0.012733667 -0.006296322 0.998155475
1341846660.438062 -0.045340568 -0.058582000 -0.017506819 -0.059609767 -0.014833078 -0.007644813 0.998082280
1341846660.470191 -0.038434025 -0.046543326 -0.017398708 -0.053567700 -0.016215436 -0.008149100 0.998399317
1341846660.502233 -0.038115252 -0.038854059 -0.020651981 -0.050319448 -0.018660055 -0.005977294 0.998540938
1341846660.537985 -0.030584898 -0.029190682 -0.017468715 -0.049087297 -0.020279387 -0.006106275 0.998569965
1341846660.570279 -0.030092461 -0.042825148 -0.016681140 -0.050025120 -0.018701209 -0.004130421 0.998564363
1341846660.602130 -0.042258348 -0.048977878 -0.025052527 -0.046579294 -0.019632360 -0.000008543 0.998721719
1341846660.638256 -0.027994903 -0.031036515 -0.022381742 -0.043160483 -0.023744456 -0.000040157 0.998785973
1341846660.670338 -0.020123916 -0.036535993 -0.020665301 -0.044683550 -0.020993406 0.000341680 0.998780608
1341846660.706457 -0.036353406 -0.059234254 -0.025901150 -0.042803790 -0.017335884 0.003449167 0.998927176
1341846660.738241 -0.030944796 -0.044315163 -0.020779077 -0.033872440 -0.020008501 0.006073321 0.999207437
1341846660.770121 -0.014569901 -0.042850811 -0.021216361 -0.031812567 -0.018260937 0.005732947 0.999310553
1341846660.806117 -0.023171363 -0.060688496 -0.022707602 -0.029532338 -0.012257162 0.006427108 0.999468029
1341846660.838338 -0.034478720 -0.068588771 -0.022727692 -0.021095008 -0.011091350 0.008252207 0.999681950
1341846660.870203 -0.014416108 -0.056500517 -0.027500169 -0.011515863 -0.012741146 0.009674335 0.999805689
1341846660.906366 -0.027453089 -0.084523670 -0.028271643 -0.011536148 -0.004455913 0.003708949 0.999916732
1341846660.938063 -0.024450179 -0.093955174 -0.024837403 -0.001152179 -0.004207029 0.009906238 0.999941409
1341846660.974147 -0.020673446 -0.072542779 -0.031036831 0.014220349 -0.005092046 0.009841147 0.999837518
1341846661.006234 -0.015380651 -0.057253193 -0.025378501 0.019818405 -0.001957199 0.009890952 0.999752820
1341846661.038225 -0.037762560 -0.095909290 -0.027057510 0.016802056 0.002066169 0.007233547 0.999830544
1341846661.074059 -0.023640376 -0.105586007 -0.028158557 0.029254980 -0.002448263 0.012758008 0.999487638
1341846661.106184 -0.018540898 -0.075889900 -0.025928315 0.041394278 -0.000950888 0.015028936 0.999029458
1341846661.138209 -0.026720764 -0.065254495 -0.028001655 0.040525258 0.001092356 0.013466255 0.999087214
1341846661.174244 -0.022393906 -0.084341958 -0.026524406 0.039078336 0.000974271 0.012989554 0.999151230
1341846661.206205 -0.022714751 -0.079688884 -0.028569428 0.043565750 0.001688726 0.013867135 0.998952925
1341846661.242184 -0.026940636 -0.070391953 -0.027848363 0.045821402 0.002102036 0.013712847 0.998853326
1341846661.274177 -0.023914509 -0.062193211 -0.029008038 0.044620834 0.002369841 0.012295216 0.998925567
1341846661.308814 -0.025160179 -0.065780848 -0.027105661 0.042778645 0.002145956 0.012233309 0.999007404
1341846661.342489 -0.022632511 -0.063029297 -0.026373338 0.042593218 0.000937999 0.011348560 0.999027610
1341846661.374640 -0.022777356 -0.069961302 -0.027239278 0.040773608 0.001169309 0.010746221 0.999109983
1341846661.410178 -0.029657410 -0.087407254 -0.026070077 0.043169003 -0.000103065 0.012112722 0.998994350
1341846661.442211 -0.016998248 -0.073834926 -0.029558552 0.048392229 -0.003144152 0.012751995 0.998742104
1341846661.474354 -0.021742305 -0.064196847 -0.027815010 0.048116356 -0.000907066 0.011216491 0.998778343
1341846661.510169 -0.046151124 -0.065471292 -0.029957106 0.044906054 -0.000067115 0.003534228 0.998985052
1341846661.542767 -0.027512934 -0.058142278 -0.041390136 0.041031267 -0.003277618 0.006118328 0.999133766
1341846661.574217 -0.047365680 -0.076619864 -0.035103083 0.036441050 0.000715739 0.004865596 0.999323726
1341846661.610041 -0.051132854 -0.076997213 -0.031071257 0.039472967 -0.002502207 0.006516755 0.999196291
1341846661.642253 -0.041730437 -0.059676372 -0.031875923 0.040578492 -0.004186049 0.005287604 0.999153614
1341846661.678078 -0.048889998 -0.072929360 -0.033719279 0.037605561 -0.003594051 0.004671616 0.999275327
1341846661.710142 -0.038420264 -0.095161989 -0.035396576 0.038988780 -0.007482942 0.008080575 0.999179006
1341846661.742341 -0.035449740 -0.099339142 -0.037011955 0.047351882 -0.009131519 0.006044826 0.998818278
1341846661.778063 -0.040019631 -0.096725561 -0.042454217 0.057071030 -0.007610303 0.003932957 0.998333395
1341846661.810103 -0.041878168 -0.097181275 -0.037646912 0.064078525 -0.006723549 0.002643705 0.997918725
1341846661.842216 -0.036849082 -0.096016333 -0.040867835 0.072426066 -0.007969595 0.001304744 0.997341096
1341846661.878157 -0.028364111 -0.085527554 -0.029375581 0.078312226 -0.007530749 0.001029224 0.996899962
1341846661.910222 -0.030538993 -0.085313641 -0.029346082 0.079756171 -0.004737057 -0.000864678 0.996802807
1341846661.946090 -0.040445521 -0.099722363 -0.035016332 0.080855638 -0.003918355 -0.002799750 0.996714175
1341846662.010311 -0.042375129 -0.105487376 -0.036168851 0.096003920 -0.003039355 -0.004980472 0.995363832
1341846662.046195 -0.037912726 -0.115848191 -0.031450585 0.104426466 -0.005545634 -0.004101958 0.994508684
1341846662.078099 -0.034439124 -0.110215209 -0.031231234 0.110807754 -0.006054039 -0.005159596 0.993810058
1341846662.110672 -0.037735824 -0.112834893 -0.037118487 0.117618091 -0.003895197 -0.006032668 0.993032932
1341846662.146166 -0.035970178 -0.112193316 -0.028999623 0.125703245 -0.005563337 -0.004215170 0.992043376
1341846662.178168 -0.034221403 -0.110355638 -0.039862510 0.133012772 -0.006198880 -0.003218287 0.991089702
1341846662.214136 -0.035700515 -0.102842860 -0.029975293 0.148719683 -0.003833027 0.000025044 0.988871992
1341846662.246167 -0.034895197 -0.107255094 -0.035685506 0.156822369 -0.005730621 0.002112470 0.987607956
1341846662.278007 -0.035195429 -0.109288067 -0.046602860 0.161040753 -0.004631125 -0.000121222 0.986936867
1341846662.314144 -0.038689062 -0.107683137 -0.044149950 0.167547673 -0.002385676 -0.001676211 0.985859692
1341846662.346164 -0.039565317 -0.107341871 -0.044189580 0.172645316 -0.004491888 0.000535344 0.984973729
1341846662.378069 -0.039302431 -0.110452764 -0.041594677 0.178722024 -0.003734653 -0.000387133 0.983892441
1341846662.414229 -0.038888261 -0.108495012 -0.043810628 0.185925975 -0.002267102 0.001664125 0.982559800
1341846662.446102 -0.038039219 -0.108774319 -0.042666018 0.192450508 -0.004326393 0.002480534 0.981294036
1341846662.482229 -0.039711196 -0.109826535 -0.036231469 0.201273784 -0.004454329 0.002955157 0.979520500
1341846662.514117 -0.036818851 -0.110149741 -0.038572531 0.210496187 -0.003878376 0.004741687 0.977575600
1341846662.546261 -0.041287642 -0.107862532 -0.041836005 0.218278319 -0.002913510 0.005561109 0.975866437
1341846662.582101 -0.036564361 -0.107155755 -0.042102516 0.221160442 -0.002666102 0.005500351 0.975218296
1341846662.620264 -0.031623643 -0.111941762 -0.041449565 0.224661872 -0.002041612 0.007726592 0.974404037
1341846662.682024 -0.036766022 -0.106062524 -0.036981460 0.233479932 -0.002626449 0.006202430 0.972338319
1341846662.714075 -0.036490083 -0.106245466 -0.033462130 0.235042244 -0.001582555 0.007750881 0.971952975
1341846662.750127 -0.035481479 -0.106409892 -0.047269974 0.240136161 -0.003277000 0.009864484 0.970683575
1341846662.782002 -0.039086353 -0.106773965 -0.044771980 0.242078900 -0.003056247 0.009222504 0.970207930
1341846662.814097 -0.038937066 -0.108134851 -0.042527918 0.238771752 -0.003704036 0.008053184 0.971035302
1341846662.850193 -0.034693781 -0.107558571 -0.041982438 0.240889773 -0.004832062 0.009334919 0.970495582
1341846662.882162 -0.038191635 -0.109323002 -0.034348320 0.242983699 -0.005343627 0.009820800 0.969965935
1341846662.918191 -0.035625178 -0.104002930 -0.046442367 0.241817191 -0.006980154 0.009198723 0.970253170
1341846662.956034 -0.038803510 -0.106918715 -0.038102042 0.242165282 -0.006218923 0.008612926 0.970176876
1341846663.018208 -0.035766684 -0.103833228 -0.039187774 0.247421563 -0.010670113 0.010414301 0.968793273
1341846663.049994 -0.034164894 -0.104754448 -0.040004373 0.246470228 -0.010793179 0.008056355 0.969056845
1341846663.118078 -0.036906242 -0.105042823 -0.042502984 0.249128804 -0.010147724 0.006740639 0.968393803
1341846663.150227 -0.040046889 -0.108014211 -0.037371121 0.250257939 -0.008597872 0.003038394 0.968136311
1341846663.186300 -0.037411310 -0.105074205 -0.044401594 0.249651298 -0.008251054 0.003365503 0.968294859
1341846663.218442 -0.035273656 -0.105615817 -0.049346976 0.245144755 -0.008810203 0.002322138 0.969443679
1341846663.250380 -0.034955692 -0.103776582 -0.051805176 0.239034191 -0.008235679 0.001523412 0.970975101
1341846663.286056 -0.035955258 -0.109548718 -0.040989734 0.233295083 -0.008031663 0.003505193 0.972366571
1341846663.318060 -0.035680123 -0.107303284 -0.045295991 0.223874390 -0.009409610 0.006727932 0.974549413
1341846663.350114 -0.034532972 -0.105951875 -0.046737149 0.212490067 -0.010638223 0.006118074 0.977086186
1341846663.385985 -0.035918143 -0.105162121 -0.050639071 0.203693315 -0.010743837 0.002704335 0.978972077
1341846663.418056 -0.039120082 -0.106161326 -0.048010759 0.198416874 -0.013144135 0.003741878 0.980022490
1341846663.454044 -0.034813859 -0.107122637 -0.047152042 0.190032333 -0.014452877 0.004075872 0.981663048
1341846663.486091 -0.035778176 -0.105510741 -0.052555192 0.182395548 -0.015326839 0.005799816 0.983088672
1341846663.518394 -0.039063402 -0.101689205 -0.048280533 0.174891815 -0.016602481 0.006832129 0.984423995
1341846663.554251 -0.036052193 -0.103525624 -0.049957637 0.168545946 -0.017095355 0.006871396 0.985521615
1341846663.586143 -0.037329741 -0.105231777 -0.052123148 0.159861431 -0.017327247 0.009316290 0.986943483
1341846663.622145 -0.038454864 -0.090129279 -0.042265251 0.152404711 -0.019457666 0.009227550 0.988083541
1341846663.654099 -0.035697360 -0.080618843 -0.027786033 0.148497805 -0.020267749 0.007591047 0.988675892
1341846663.686099 -0.043814950 -0.057423171 -0.032084253 0.140488639 -0.019351032 0.006164168 0.989874005
1341846663.722109 -0.039437246 -0.075300850 -0.031049071 0.130024120 -0.020335043 0.007000593 0.991277575
1341846663.755694 -0.030144190 -0.071192682 -0.031124698 0.125352100 -0.020008584 0.007293887 0.991883755
1341846663.786304 -0.034947883 -0.022661027 -0.031416353 0.118481696 -0.017384600 0.003829650 0.992796659
1341846663.822090 -0.044928681 -0.037097838 -0.030911064 0.097631067 -0.015656447 0.003320308 0.995094001
1341846663.854115 -0.036278144 -0.064108357 -0.030110998 0.087272987 -0.016279107 0.003470073 0.996045411
1341846663.890140 -0.032958869 -0.014773917 -0.032612298 0.083055027 -0.014533074 0.001601884 0.996437728
1341846663.921987 -0.040101297 -0.003818558 -0.032378085 0.061302874 -0.011550200 -0.000309323 0.998052359
1341846663.954282 -0.038218066 -0.041628957 -0.039945431 0.042665470 -0.011129295 -0.002046185 0.999025345
1341846663.990370 -0.032003883 -0.032879040 -0.043812554 0.034158651 -0.008967764 -0.002963764 0.999371827
1341846664.022124 -0.042821184 -0.014795193 -0.038052294 0.021315604 -0.004935436 -0.004791827 0.999749124
1341846664.054171 -0.035752315 -0.027532222 -0.040592380 0.004071752 -0.004872885 -0.004868789 0.999967992
1341846664.090250 -0.040040333 -0.037525568 -0.042331129 -0.008077488 -0.002489408 -0.005974539 0.999946415
1341846664.122237 -0.042592190 -0.041768573 -0.039878532 -0.014383551 -0.001813075 -0.005277449 0.999881029
1341846664.158241 -0.054804750 -0.032963198 -0.037544247 -0.017993541 -0.000501373 -0.008899397 0.999798357
1341846664.190141 -0.041639760 -0.024171017 -0.040907186 -0.027164059 -0.001801256 -0.009511715 0.999584138
1341846664.222189 -0.040905718 -0.028122552 -0.035499047 -0.036006298 -0.001090192 -0.006314680 0.999331057
1341846664.258172 -0.044118777 -0.032838900 -0.034879390 -0.041228235 -0.001096972 -0.006248679 0.999129653
1341846664.290022 -0.031295106 -0.018727599 -0.040001642 -0.046269424 -0.001165853 -0.006012112 0.998910248
1341846664.322491 -0.039990444 -0.020737592 -0.038895164 -0.055783954 0.002091401 -0.009075973 0.998399436
1341846664.358302 -0.046152208 -0.021840772 -0.043390214 -0.064379752 0.002990300 -0.008754372 0.997882664
1341846664.390101 -0.047743950 -0.023682797 -0.041866723 -0.073498264 0.003643754 -0.012556097 0.997209668
1341846664.426143 -0.029267956 -0.003678783 -0.045469452 -0.078625888 0.001390773 -0.008351103 0.996868253
1341846664.458304 -0.033102706 0.000597706 -0.043894790 -0.086514302 0.002612038 -0.007989592 0.996215224
1341846664.490116 -0.020594643 0.012497605 -0.045842517 -0.094299302 0.002426638 -0.008447271 0.995505154
1341846664.526173 -0.032326814 0.017649647 -0.047382321 -0.101721175 0.005324736 -0.009000699 0.994758010
1341846664.558129 -0.035997823 0.022358669 -0.047055822 -0.108598158 0.005487890 -0.009072930 0.994029224
1341846664.590129 -0.023012130 0.009198914 -0.047505144 -0.118744157 0.005622163 -0.008719169 0.992870688
1341846664.626196 -0.033858597 -0.000881384 -0.038808733 -0.123733409 0.009395798 -0.007612932 0.992241800
1341846664.658276 -0.041798383 -0.023957610 -0.041136000 -0.124414086 0.010167454 -0.007944100 0.992146552
1341846664.694136 -0.029944824 -0.000840280 -0.049574275 -0.119452260 0.009285763 -0.009054322 0.992755234
1341846664.726667 -0.027069453 0.016928501 -0.045570061 -0.119896919 0.011897425 -0.008793521 0.992676139
1341846664.758141 -0.056891885 0.002426348 -0.046418391 -0.123536915 0.016899973 -0.009235889 0.992153108
1341846664.794104 -0.045173049 0.007435536 -0.041532334 -0.123753406 0.013221151 -0.009171621 0.992182553
1341846664.826123 -0.035548359 -0.000988887 -0.046557281 -0.127909854 0.013197076 -0.008603545 0.991660655
1341846664.862093 -0.043612685 -0.001247957 -0.046905119 -0.129400715 0.013205281 -0.006534996 0.991482913
1341846664.894198 -0.033749223 0.004007627 -0.047407120 -0.129108921 0.011096261 -0.005956365 0.991550505
1341846664.926270 -0.028110273 0.005098323 -0.048978928 -0.130345508 0.013401441 -0.006661797 0.991355658
1341846664.962375 -0.034389216 0.012295030 -0.051092699 -0.131132290 0.014620891 -0.006022466 0.991238773
1341846664.997077 -0.037398659 0.005494820 -0.053489726 -0.134801626 0.015209700 -0.007370197 0.990728498
1341846665.026380 -0.035537306 0.004989339 -0.051371802 -0.137824088 0.016136721 -0.008798215 0.990286231
1341846665.062417 -0.040519111 0.005997978 -0.052801315 -0.138709724 0.017103763 -0.007638665 0.990155935
1341846665.094077 -0.036838252 0.012851759 -0.059200186 -0.140022114 0.015982918 -0.007868864 0.989988148
1341846665.130160 -0.029186208 0.015272935 -0.057223227 -0.145354643 0.017432734 -0.006194860 0.989206672
1341846665.162114 -0.044768933 0.010416006 -0.057653975 -0.149886489 0.019666107 -0.006240687 0.988487899
1341846665.194100 -0.035792012 0.011377254 -0.060234405 -0.151876777 0.016705925 -0.004813807 0.988246560
1341846665.230221 -0.034513853 0.029534087 -0.065303572 -0.153928712 0.019550215 -0.005607579 0.987872660
1341846665.262005 -0.047925599 0.032842308 -0.064360879 -0.163612723 0.022945084 -0.005324725 0.986243427
1341846665.300077 -0.034110941 0.027569782 -0.063342184 -0.172909528 0.019991856 -0.004601940 0.984724104
1341846665.362294 -0.033882730 0.008977478 -0.061238948 -0.186805204 0.024493625 -0.005694191 0.982075095
1341846665.398079 -0.045293458 0.016232632 -0.066629209 -0.188347399 0.024008339 -0.006785275 0.981785536
1341846665.430162 -0.004879436 0.042650394 -0.076401196 -0.192360446 0.018118449 -0.007091267 0.981131494
1341846665.462226 -0.043625221 0.013156623 -0.074278183 -0.209534660 0.029701211 -0.009162915 0.977307141
1341846665.498226 -0.035137333 0.004136153 -0.070827454 -0.216722593 0.025707198 -0.008858833 0.975854516
1341846665.530109 -0.033370323 0.002176895 -0.068733044 -0.218197927 0.025253732 -0.008849837 0.975537598
1341846665.562222 -0.045735110 0.013080638 -0.078210108 -0.216549009 0.029229634 -0.007537705 0.975804985
1341846665.598196 -0.040552292 0.012942576 -0.077605993 -0.218059763 0.027185157 -0.007720000 0.975526154
1341846665.630107 -0.030070271 0.027631449 -0.082796738 -0.218549505 0.025923245 -0.008533469 0.975444198
1341846665.666289 -0.034305401 0.024787225 -0.080748796 -0.223501235 0.029309325 -0.008585791 0.974225044
1341846665.698060 -0.039798971 0.015142825 -0.085068345 -0.228637353 0.029310374 -0.008058366 0.973037004
1341846665.730361 -0.037064627 0.030124811 -0.090066895 -0.228280947 0.028007962 -0.009458153 0.973146439
1341846665.766193 -0.026581239 0.037701014 -0.092414625 -0.231150493 0.028311031 -0.008248634 0.972471058
1341846665.798338 -0.037446838 0.018352482 -0.096646108 -0.238168687 0.030921934 -0.007140631 0.970705211
1341846665.834237 -0.038973104 0.008903796 -0.093336537 -0.244084686 0.031465884 -0.008160091 0.969208956
1341846665.866106 -0.046614926 0.010863546 -0.099280685 -0.249838144 0.035760719 -0.007676794 0.967596591
1341846665.898073 -0.038881417 0.013529121 -0.099938661 -0.256786227 0.037337817 -0.006517075 0.965724766
1341846665.934076 -0.031340707 0.010782638 -0.100158356 -0.262715876 0.034766998 -0.006673859 0.964223564
1341846665.966137 -0.036772497 0.012938188 -0.103322029 -0.266680181 0.036099639 -0.006629365 0.963086009
1341846665.998149 -0.037972670 0.009717148 -0.105727650 -0.271224737 0.039705500 -0.005811019 0.961679220
1341846666.034210 -0.035497792 0.017951157 -0.106378689 -0.270106524 0.038375702 -0.003119807 0.962060273
1341846666.072502 -0.040300917 0.012145452 -0.108676173 -0.272389024 0.038840819 -0.003400920 0.961396933
1341846666.134147 -0.036433607 0.002768817 -0.107083514 -0.282738924 0.040792830 -0.002751687 0.958325207
1341846666.166356 -0.042862426 0.005239381 -0.109457389 -0.283465654 0.040651854 -0.002448879 0.958117247
1341846666.202327 -0.044373803 0.006692232 -0.110062242 -0.285756499 0.043347999 -0.003403088 0.957315326
1341846666.234319 -0.037355203 0.015116931 -0.113366634 -0.286683947 0.040363468 -0.002896966 0.957170188
1341846666.266322 -0.020967685 -0.014118297 -0.108240053 -0.298240721 0.035157364 -0.002157825 0.953840554
1341846666.302195 -0.025066892 -0.030737676 -0.106064402 -0.313104659 0.038205355 -0.003840751 0.948942065
1341846666.335080 -0.024393473 -0.026639031 -0.107316718 -0.322827220 0.038543392 -0.003897831 0.945664763
1341846666.370216 -0.030459210 -0.018498711 -0.111482874 -0.327754319 0.035868663 -0.001806412 0.944080174
1341846666.402019 -0.021112140 -0.009926852 -0.114816874 -0.332651734 0.034926377 0.000365787 0.942402780
1341846666.434088 -0.036082901 -0.025207706 -0.105620116 -0.341971308 0.039095603 0.001691840 0.938895285
1341846666.470060 -0.028099267 -0.020219283 -0.106793880 -0.342844754 0.035270918 0.006932906 0.938704133
1341846666.502190 -0.016533626 -0.005103222 -0.119524725 -0.344832629 0.034239575 0.010880664 0.937976420
1341846666.534121 -0.027290877 0.061536752 -0.144609272 -0.342994660 0.038822763 0.011394942 0.938465536
1341846666.570131 -0.030643942 0.060470946 -0.144653618 -0.350951582 0.039009832 0.012645484 0.935495257
1341846666.602180 -0.025923545 0.085262150 -0.152367309 -0.352775037 0.037346508 0.014448912 0.934850991
1341846666.638072 -0.022410506 0.081478916 -0.155352667 -0.359660178 0.038269624 0.014890145 0.932179332
1341846666.670134 -0.026332399 0.075742617 -0.155182347 -0.364527047 0.037264388 0.016769929 0.930295765
1341846666.738266 -0.019858906 0.076377057 -0.160079390 -0.368728250 0.033739638 0.018913317 0.928732157
1341846666.770390 -0.023085242 0.076745704 -0.158381596 -0.370998651 0.032339286 0.020652194 0.927840352
1341846666.802119 -0.023185644 0.072261974 -0.161501423 -0.372974664 0.029272549 0.023806851 0.927074075
1341846666.838108 -0.019803250 0.086809203 -0.168933019 -0.371906728 0.027485175 0.025427220 0.927514672
1341846666.870483 -0.019934181 0.084532507 -0.169324949 -0.375307322 0.027261004 0.026125111 0.926131070
1341846666.906019 -0.022863647 0.081210367 -0.169150412 -0.379018754 0.026959708 0.027199371 0.924596310
1341846666.937989 -0.018896634 0.097200960 -0.179181933 -0.379108995 0.024009245 0.026032375 0.924674153
1341846666.970036 -0.013910653 0.092334703 -0.177669108 -0.383651286 0.023004051 0.024655392 0.922862232
1341846667.006200 -0.019430397 0.105002761 -0.183355600 -0.383817255 0.023893127 0.023738679 0.922794640
1341846667.038153 -0.013870822 0.095405959 -0.185768768 -0.388217121 0.019188460 0.024100771 0.921052933
1341846667.074153 0.010395229 0.165945232 -0.214598641 -0.380492538 0.012787488 0.022991743 0.924409747
1341846667.106156 0.033322614 0.197942063 -0.220290571 -0.381504595 0.009644682 0.020431219 0.924090803
1341846667.138108 0.029926660 0.193795800 -0.213244319 -0.382851839 0.005943218 0.020444449 0.923564434
1341846667.174105 0.060346618 0.198018491 -0.218174025 -0.379859120 -0.000208195 0.018897846 0.924851298
1341846667.206107 0.036111407 0.176860064 -0.219118431 -0.381576717 0.007695429 0.013668362 0.924204111
1341846667.238075 0.031594556 0.174787521 -0.216812640 -0.377393574 0.007147653 0.011852323 0.925949574
1341846667.274016 0.013524189 0.167173475 -0.224547103 -0.371145636 0.010177021 0.008412524 0.928480864
1341846667.306189 -0.003589989 0.101987422 -0.199166849 -0.373694479 0.016410688 0.001282325 0.927405775
1341846667.342253 -0.032089341 0.074423082 -0.183733374 -0.366264850 0.018243255 0.001181812 0.930331051
1341846667.374345 0.000189004 0.096950427 -0.201162905 -0.353120148 0.011081224 0.000887389 0.935511947
1341846667.406982 -0.047527827 0.036559049 -0.173514009 -0.357755303 0.022098767 -0.007003122 0.933527648
1341846667.442109 -0.097629361 -0.034156889 -0.155549958 -0.358437061 0.030612316 -0.008852995 0.933009863
1341846667.474109 -0.057965480 0.053101651 -0.186026186 -0.328913331 0.021251943 -0.007954236 0.944087505
1341846667.506006 -0.097733796 -0.018829612 -0.167818725 -0.329155147 0.029640820 -0.014986945 0.943691552
1341846667.542298 -0.125260890 -0.152983159 -0.112998232 -0.341496706 0.031896967 -0.012341678 0.939260542
1341846667.574196 -0.094577327 -0.082145169 -0.142143369 -0.312127292 0.024415860 -0.010446863 0.949669063
1341846667.610099 -0.060546868 0.064345904 -0.198996380 -0.271483183 0.020711800 -0.012514622 0.962138891
1341846667.642293 -0.104881182 0.042951111 -0.190253109 -0.268245995 0.027440481 -0.015866788 0.962828815
1341846667.674072 -0.094625607 0.051164418 -0.195942894 -0.263175189 0.025467070 -0.015770130 0.964282990
1341846667.710179 -0.108920768 0.057347570 -0.200713217 -0.261223942 0.031177996 -0.018241035 0.964602172
1341846667.742255 -0.109928772 0.041728295 -0.188908517 -0.259539723 0.031533517 -0.018397689 0.965042114
1341846667.774114 -0.105370454 0.044256575 -0.188886344 -0.251399457 0.029302193 -0.016848246 0.967293084
1341846667.810099 -0.109751925 0.069269203 -0.199569345 -0.241816267 0.033749446 -0.019685656 0.969535112
1341846667.842103 -0.116924033 0.036921971 -0.181438714 -0.243442297 0.036575440 -0.020773921 0.969002843
1341846667.878139 -0.111006185 0.057503968 -0.187183842 -0.229574457 0.034290597 -0.019169560 0.972497940
1341846667.910558 -0.110513665 0.058081955 -0.191905528 -0.223809570 0.038097903 -0.022252087 0.973633766
1341846667.942116 -0.106865376 0.046754345 -0.183757544 -0.220839456 0.040603843 -0.021792643 0.974220932
1341846667.978287 -0.132348105 0.019169852 -0.171979889 -0.219038889 0.044439159 -0.020059235 0.974497199
1341846668.010215 -0.118910037 0.013926473 -0.169307083 -0.211753070 0.045115050 -0.022116363 0.976030827
1341846668.046247 -0.127159670 0.023354126 -0.166995361 -0.200779662 0.049688239 -0.022936774 0.978106558
1341846668.078111 -0.125082016 0.022000439 -0.162009805 -0.192072526 0.049564313 -0.020178873 0.979920626
1341846668.110130 -0.109255873 0.028116725 -0.164069042 -0.182587206 0.049418848 -0.020791192 0.981726766
1341846668.146332 -0.143576905 0.035362236 -0.160169080 -0.173540428 0.058065869 -0.021566849 0.982876897
1341846668.178208 -0.173943043 -0.019675229 -0.144915432 -0.172748059 0.060739983 -0.020480078 0.982878089
1341846668.211262 -0.152445674 -0.020523008 -0.139088124 -0.160970703 0.057024553 -0.021622166 0.985073149
1341846668.246163 -0.162120894 -0.015406348 -0.138371810 -0.145608291 0.059777398 -0.019019345 0.987351596
1341846668.278397 -0.182348296 -0.026208661 -0.138615727 -0.135795325 0.060864925 -0.017068911 0.988718271
1341846668.314248 -0.155524671 -0.026232367 -0.135229230 -0.125957608 0.056077968 -0.018082799 0.990284324
1341846668.346231 -0.160796195 -0.007344599 -0.148072198 -0.115407713 0.058495238 -0.016047202 0.991464555
1341846668.378099 -0.172506824 -0.028676400 -0.134838879 -0.114126980 0.059702195 -0.014445506 0.991565466
1341846668.414247 -0.177365467 -0.033661220 -0.134510204 -0.108222373 0.060990892 -0.015168168 0.992138088
1341846668.445965 -0.184339508 -0.039977182 -0.125470847 -0.100979961 0.062337361 -0.012568022 0.992854118
1341846668.478153 -0.231892064 -0.075104944 -0.111858256 -0.088015318 0.067422263 -0.012113729 0.993760943
1341846668.514213 -0.213679582 -0.054388784 -0.119031243 -0.069709659 0.064278275 -0.014926738 0.995382428
1341846668.546115 -0.224209338 -0.049818031 -0.117926732 -0.062375441 0.066255443 -0.016149877 0.995720208
1341846668.582467 -0.212101609 -0.035451364 -0.124565475 -0.051188998 0.063397750 -0.016166333 0.996543646
1341846668.614140 -0.218585715 -0.054627690 -0.118476853 -0.039664239 0.065485455 -0.018290434 0.996897161
1341846668.646312 -0.203213826 -0.035241429 -0.122455269 -0.023491619 0.061553959 -0.016319966 0.997693837
1341846668.682455 -0.216734141 -0.042812444 -0.115958057 -0.017723165 0.061217122 -0.018844415 0.997789204
1341846668.714133 -0.218657121 -0.058731634 -0.113879643 -0.007621526 0.058207285 -0.020878838 0.998057067
1341846668.746132 -0.212584436 -0.033508793 -0.128192276 0.006030902 0.055041958 -0.019200765 0.998281240
1341846668.782338 -0.179772928 0.017168906 -0.125124678 0.013132367 0.049205672 -0.018447945 0.998531938
1341846668.814140 -0.178016886 0.009436825 -0.122574024 0.010370312 0.048757385 -0.019909805 0.998558402
1341846668.850214 -0.175017133 0.015003683 -0.121523529 0.011091730 0.047228087 -0.019010125 0.998641670
1341846668.882442 -0.177274257 0.019751597 -0.127584711 0.009288819 0.046378516 -0.020030459 0.998679996
1341846668.914289 -0.178806275 0.007621563 -0.126469672 0.006903881 0.045423258 -0.023136899 0.998676002
1341846668.950088 -0.178437784 0.011009149 -0.125288874 0.008728079 0.041296758 -0.024748217 0.998802245
1341846668.982227 -0.184384897 0.034976121 -0.127176732 0.006878615 0.039953880 -0.034409866 0.998585165
1341846669.014062 -0.187772557 0.028926354 -0.135090172 -0.002432354 0.038906645 -0.041619491 0.998372793
1341846669.050056 -0.188899174 0.026333448 -0.128928244 -0.007083002 0.035218921 -0.044586591 0.998359442
1341846669.082525 -0.180631474 0.034241587 -0.135289326 -0.011470987 0.030279322 -0.052009910 0.998121560
1341846669.118346 -0.177066356 0.037938479 -0.130375177 -0.020540576 0.028576989 -0.061775472 0.997469485
1341846669.150086 -0.181899041 0.030590942 -0.127571508 -0.027048839 0.025659464 -0.068272725 0.996969879
1341846669.182477 -0.174734071 0.032705721 -0.131221026 -0.028895602 0.020916354 -0.074642338 0.996572196
1341846669.218046 -0.173961565 0.036981031 -0.137100950 -0.035713799 0.021788923 -0.084949307 0.995506585
1341846669.250205 -0.162211969 0.038281687 -0.137423530 -0.039435823 0.017277487 -0.084498085 0.995493054
1341846669.286114 -0.161767796 0.032554269 -0.136375174 -0.041426782 0.015238795 -0.089578651 0.995001137
1341846669.318030 -0.164513171 0.040075533 -0.140498340 -0.042870604 0.017179992 -0.095686853 0.994339526
1341846669.350255 -0.166393131 0.038441729 -0.139239550 -0.044644471 0.014325924 -0.100318596 0.993850052
1341846669.418200 -0.142809480 0.046862990 -0.149515018 -0.052229639 0.007764549 -0.120217584 0.991342306
1341846669.450219 -0.155102566 0.040546652 -0.143931136 -0.057805590 0.007892837 -0.130901501 0.989677310
1341846669.486175 -0.169805080 0.050227005 -0.151909247 -0.060403574 0.008433764 -0.141678527 0.988032162
1341846669.518033 -0.154083475 0.039681144 -0.150730982 -0.069299728 0.007496209 -0.154132739 0.985588372
1341846669.554159 -0.149392933 0.048336450 -0.146461621 -0.073048532 0.007901928 -0.163234830 0.983847499
1341846669.586348 -0.156734839 0.060450435 -0.148590147 -0.076294295 0.008722853 -0.173041150 0.981916428
1341846669.617976 -0.142956927 0.045880757 -0.163125768 -0.086102143 0.008929771 -0.181534663 0.979567230
1341846669.654096 -0.141735092 0.045619629 -0.140501782 -0.090397462 0.012022173 -0.190580145 0.977426708
1341846669.686069 -0.137000948 0.045826886 -0.146105155 -0.090102866 0.012288590 -0.196140900 0.976349950
1341846669.718075 -0.139147192 0.046294078 -0.161011294 -0.093146905 0.014851289 -0.202586919 0.974711061
1341846669.754171 -0.141281903 0.052766241 -0.168207437 -0.098807260 0.018869679 -0.211490482 0.972189724
1341846669.786139 -0.150703028 0.048597179 -0.157296523 -0.104655817 0.022915574 -0.221030772 0.969364464
1341846669.822151 -0.135303929 0.039856266 -0.163007021 -0.108034417 0.021325653 -0.227649927 0.967496455
1341846669.854118 -0.157380372 0.030672504 -0.169609636 -0.116632082 0.026345717 -0.235835180 0.964408994
1341846669.886219 -0.155455321 0.052035943 -0.164399073 -0.118463263 0.029337004 -0.245375320 0.961715579
1341846669.922050 -0.161308780 0.042924453 -0.158554226 -0.123150021 0.031476889 -0.253494859 0.958949268
1341846669.954047 -0.153765306 0.052255034 -0.182881057 -0.125362962 0.032567251 -0.260006785 0.956880331
1341846669.986285 -0.148862273 0.048867233 -0.177785411 -0.133417979 0.034890331 -0.270136714 0.952894807
1341846670.022242 -0.138764918 0.035612643 -0.170082733 -0.138406396 0.035959288 -0.278844595 0.949629605
1341846670.054135 -0.138315007 0.045292657 -0.179032654 -0.139959618 0.039846126 -0.286130726 0.947075963
1341846670.090228 -0.128738910 0.042988386 -0.183826432 -0.144851685 0.041217491 -0.295405149 0.943427265
1341846670.121996 -0.142122552 0.039331466 -0.186346754 -0.150143892 0.048528321 -0.307148963 0.938488841
1341846670.154057 -0.156251118 0.033130053 -0.181579977 -0.156301901 0.055660833 -0.316339463 0.934024096
1341846670.190103 -0.133828580 0.052824937 -0.181208506 -0.155937165 0.055885915 -0.325348854 0.930971861
1341846670.222197 -0.144208401 0.067001283 -0.177412525 -0.156177878 0.062473241 -0.338265419 0.925895333
1341846670.258571 -0.139343649 0.063086726 -0.176900446 -0.158030644 0.067289978 -0.346208960 0.922300279
1341846670.290254 -0.140029937 0.070272669 -0.168126211 -0.158836827 0.070579506 -0.352307975 0.919602394
1341846670.358377 -0.174923956 0.051382113 -0.164873883 -0.162020907 0.089361474 -0.368425310 0.911057949
1341846670.390114 -0.120993823 0.037062723 -0.179034680 -0.158649325 0.086629324 -0.374451697 0.909456909
1341846670.422206 -0.130466923 0.051431995 -0.173764378 -0.153056338 0.096742406 -0.382475317 0.906050444
1341846670.464003 -0.171300024 0.048913576 -0.174292699 -0.149822786 0.112117283 -0.391914248 0.900769770
1341846670.526271 -0.167493835 0.047235198 -0.181203753 -0.141638651 0.126201108 -0.408919156 0.892634809
1341846670.566977 -0.164644852 0.049612630 -0.182721332 -0.138926357 0.130246803 -0.412757367 0.890711308
1341846670.596103 -0.172725320 0.050786380 -0.183427319 -0.136090294 0.134729117 -0.418011606 0.888028085
1341846670.628412 -0.167897239 0.043532941 -0.180606499 -0.134259209 0.136440426 -0.422352284 0.885989368
1341846670.664027 -0.172694772 0.045615606 -0.180409804 -0.129604653 0.141235337 -0.427808672 0.883309066
1341846670.696002 -0.152474374 0.037808515 -0.189111203 -0.122524507 0.142882437 -0.432248414 0.881892145
1341846670.728093 -0.126082778 0.038716704 -0.187898248 -0.113692090 0.143601164 -0.437826604 0.880204916
1341846670.764128 -0.184335887 0.037495762 -0.184992582 -0.113817997 0.159179747 -0.446586639 0.873079479
1341846670.796059 -0.186115503 0.033041209 -0.183446571 -0.108091690 0.166066036 -0.453485191 0.868958831
1341846670.832246 -0.178160429 0.033579253 -0.188165516 -0.099807769 0.168269038 -0.454044193 0.869234085
1341846670.863970 -0.177271172 0.036566302 -0.187899411 -0.094523050 0.169951111 -0.448646218 0.872295022
1341846670.896139 -0.183133036 0.033000842 -0.203101590 -0.089400277 0.176154733 -0.449214846 0.871311128
1341846670.932028 -0.169628695 0.028616838 -0.177318648 -0.077472821 0.181010425 -0.444388896 0.873928905
1341846670.964063 -0.164670557 0.028739145 -0.170942172 -0.066439949 0.180121973 -0.439706057 0.877382755
1341846671.000270 -0.175413296 0.021014601 -0.191325232 -0.060014479 0.181476310 -0.441643000 0.876593471
1341846671.032112 -0.177512303 0.021268643 -0.197616577 -0.051685728 0.188573599 -0.444872886 0.873988986
1341846671.064030 -0.167635009 0.012315892 -0.192849308 -0.043863144 0.190270871 -0.448297888 0.872296989
1341846671.101398 -0.158600509 0.020367943 -0.204285055 -0.034343150 0.189543620 -0.455123454 0.869342566
1341846671.132289 -0.165913567 0.018056676 -0.194477156 -0.024065925 0.193391144 -0.463440180 0.864432693
1341846671.168159 -0.156796157 0.006303526 -0.185052887 -0.013066878 0.189224169 -0.465396583 0.864540100
1341846671.200149 -0.142888010 0.012738284 -0.206853062 0.000391092 0.182466298 -0.466968209 0.865243673
1341846671.232280 -0.183798909 -0.010964230 -0.201540351 0.006168145 0.184939995 -0.475269735 0.860161543
1341846671.268147 -0.180074990 -0.002416626 -0.203699440 0.017510356 0.187764540 -0.475762337 0.859120488
1341846671.300337 -0.157543838 0.008311570 -0.205088452 0.028854901 0.182128087 -0.474699438 0.860614479
1341846671.336125 -0.172934443 -0.006491095 -0.216520831 0.031938322 0.179869667 -0.479738444 0.858182907
1341846671.368236 -0.167403981 -0.011126094 -0.217609793 0.038471833 0.179815918 -0.484540761 0.855223000
1341846671.400327 -0.165294290 -0.008560009 -0.220083520 0.043666024 0.175913751 -0.485432386 0.855279505
1341846671.436064 -0.174017876 -0.013586998 -0.221097142 0.048280258 0.172717720 -0.491742909 0.852071941
1341846671.468197 -0.170260921 -0.011272587 -0.215459779 0.053833179 0.172375321 -0.496552020 0.849014044
1341846671.504294 -0.177526608 -0.007329971 -0.214279890 0.056166124 0.167336479 -0.501747131 0.846813917
1341846671.536197 -0.186774969 -0.015802585 -0.217582583 0.059427913 0.160004601 -0.511740148 0.842014790
1341846671.568120 -0.180930480 -0.014747374 -0.214164346 0.067790076 0.155741245 -0.519020736 0.837715149
1341846671.604188 -0.185154065 -0.014308751 -0.212629005 0.071884409 0.151119262 -0.523621857 0.835353673
1341846671.636057 -0.186272174 -0.017364323 -0.208525628 0.080080219 0.140413076 -0.531230688 0.831664145
1341846671.672157 -0.179596245 -0.016872138 -0.221360609 0.090527408 0.131145507 -0.535044074 0.829658628
1341846671.704027 -0.174080551 -0.015228167 -0.229706660 0.092964612 0.127127573 -0.537975609 0.828117371
1341846671.736479 -0.169793949 -0.017184004 -0.236653209 0.092515208 0.122887097 -0.544236600 0.824709833
1341846671.774745 -0.187103689 -0.023728132 -0.230222240 0.092221245 0.120653592 -0.549889743 0.821315527
1341846671.804605 -0.182383582 -0.019586697 -0.236892104 0.094854921 0.115327135 -0.552619696 0.819947422
1341846671.840252 -0.187764496 -0.017583877 -0.229782641 0.094863288 0.111457914 -0.558071136 0.816783130
1341846671.872106 -0.191305786 -0.025385365 -0.238551036 0.095357880 0.109168231 -0.562570870 0.813943028
1341846671.904035 -0.183399737 -0.018887505 -0.234195456 0.096256986 0.106488049 -0.564605534 0.812782526
1341846671.972239 -0.190031454 -0.021017835 -0.229372710 0.094272584 0.104990259 -0.576459765 0.804850280
1341846672.034218 -0.183793843 -0.021954507 -0.229012311 0.092934072 0.099460468 -0.587300420 0.797840297
1341846672.066227 -0.189395219 -0.019453138 -0.237970054 0.092217244 0.100108087 -0.593067884 0.793564677
1341846672.098024 -0.192868337 -0.020360351 -0.227013603 0.091211848 0.097666264 -0.596611798 0.791325569
1341846672.134061 -0.188535452 -0.022315338 -0.231426150 0.091090471 0.094525017 -0.601841331 0.787752926
1341846672.166000 -0.185110688 -0.023508832 -0.234463140 0.090666980 0.094077252 -0.606577873 0.784214497
1341846672.198405 -0.189606205 -0.023295701 -0.226132557 0.089733429 0.094389528 -0.610406041 0.781308591
1341846672.234130 -0.197107762 -0.026280805 -0.222940579 0.090135582 0.091870919 -0.614519715 0.778332174
1341846672.266403 -0.195448145 -0.024575889 -0.227090091 0.093434341 0.090498768 -0.617864370 0.775450706
1341846672.302710 -0.183942318 -0.019828826 -0.221767992 0.093942598 0.089060903 -0.616958380 0.776276648
1341846672.335022 -0.184449539 -0.023246974 -0.226426393 0.091522627 0.087123029 -0.620089889 0.774287999
1341846672.366487 -0.188459501 -0.026290745 -0.223120421 0.091551989 0.087683052 -0.623177826 0.771737933
1341846672.402478 -0.184987411 -0.022700921 -0.224101588 0.093479417 0.088038526 -0.622581542 0.771947563
1341846672.434330 -0.189113051 -0.022336751 -0.220054075 0.092749342 0.088338308 -0.621910393 0.772542238
1341846672.472323 -0.186981708 -0.024065971 -0.213463545 0.093248859 0.087671034 -0.621096849 0.773212314
1341846672.534812 -0.182706520 -0.019931242 -0.225504190 0.093371406 0.085250489 -0.618961930 0.775177598
1341846672.570153 -0.180348277 -0.023516953 -0.227702051 0.089818917 0.083603725 -0.618089914 0.776471436
1341846672.608881 -0.185610607 -0.022716567 -0.218797311 0.089907259 0.082237154 -0.617301047 0.777234375
1341846672.640836 -0.179703519 -0.021635592 -0.223423511 0.089276023 0.079219513 -0.612697363 0.781252921
1341846672.708152 -0.188022211 -0.023208827 -0.205958202 0.088345364 0.076177098 -0.601745844 0.790122867
1341846672.770288 -0.185902953 -0.019675776 -0.206878155 0.091265649 0.069825359 -0.580527902 0.806090832
1341846672.803280 -0.189679563 -0.021598846 -0.206607655 0.092651762 0.067061819 -0.571571767 0.812541783
1341846672.838034 -0.187668324 -0.019887716 -0.208636791 0.093629278 0.063170619 -0.560355723 0.820514798
1341846672.870092 -0.186296463 -0.016935453 -0.207708552 0.094677791 0.058996860 -0.553278029 0.825493217
1341846672.902275 -0.187406644 -0.023895398 -0.211680800 0.094039649 0.055251297 -0.547506452 0.829662859
1341846672.938315 -0.184358448 -0.017169744 -0.204964668 0.094268329 0.051030897 -0.538142979 0.836009324
1341846672.970326 -0.178842559 -0.012960784 -0.201747373 0.093204230 0.046731763 -0.528170943 0.842712641
1341846673.008221 -0.174291477 -0.012709804 -0.204938576 0.091300219 0.043406568 -0.518488288 0.849087834
1341846673.070235 -0.175473884 -0.014902852 -0.206340358 0.085004210 0.039720610 -0.498947263 0.861538291
1341846673.106189 -0.181590199 -0.012874447 -0.190920368 0.086557098 0.036892977 -0.487156898 0.868230939
1341846673.138104 -0.175134093 -0.011493795 -0.193319619 0.088396929 0.031387340 -0.472390741 0.876383483
1341846673.170298 -0.175596654 -0.011628747 -0.188913122 0.088612475 0.028039182 -0.463594079 0.881159544
1341846673.206489 -0.181474537 -0.014201552 -0.190086752 0.089740768 0.025199985 -0.454050899 0.886086524
1341846673.238153 -0.181209207 -0.011828274 -0.188001022 0.092341907 0.020102656 -0.443432570 0.891311646
1341846673.274220 -0.186013594 -0.019433163 -0.190794930 0.093030892 0.017237019 -0.436531782 0.894700050
1341846673.306107 -0.180870533 -0.017364196 -0.182055533 0.097119696 0.013380845 -0.426947534 0.898946404
1341846673.338187 -0.183742478 -0.018344313 -0.183806136 0.099348523 0.009768751 -0.417611778 0.903125048
1341846673.374098 -0.182839304 -0.021662347 -0.188265085 0.102115579 0.006644065 -0.407305419 0.907540917
1341846673.406266 -0.180496022 -0.020486735 -0.183146790 0.105393268 0.004238252 -0.394758135 0.912710428
1341846673.438267 -0.185740098 -0.018766541 -0.177496880 0.109072849 0.000548094 -0.383199394 0.917202890
1341846673.474135 -0.180028126 -0.019782823 -0.183586314 0.113519631 -0.003656730 -0.367684036 0.922988832
1341846673.506260 -0.184023321 -0.018661361 -0.174038112 0.116502635 -0.006872845 -0.352917284 0.928347647
1341846673.542168 -0.178287774 -0.017475143 -0.176964059 0.117044136 -0.013088772 -0.340623498 0.932794213
1341846673.574072 -0.183672085 -0.018937543 -0.180569455 0.115629852 -0.016099080 -0.331222326 0.936302543
1341846673.606102 -0.185567856 -0.014841381 -0.174650401 0.115745798 -0.021039054 -0.319811940 0.940149248
1341846673.648026 -0.176417768 -0.009429507 -0.179889172 0.113898031 -0.028274786 -0.306750417 0.944527388
1341846673.710162 -0.183545232 -0.006614370 -0.183990046 0.104111895 -0.037784945 -0.285119355 0.952071428
1341846673.742225 -0.180511907 -0.004972311 -0.188641414 0.100243591 -0.044873312 -0.268574804 0.956977129
1341846673.774298 -0.185259104 -0.004981974 -0.177145392 0.097092889 -0.051758014 -0.254997253 0.960661530
1341846673.810154 -0.184658855 -0.001121644 -0.182419047 0.095332764 -0.057454448 -0.240005985 0.964369118
1341846673.842305 -0.186773270 0.002861182 -0.187075526 0.092454709 -0.063725136 -0.226342127 0.967553914
1341846673.874285 -0.178754956 0.007394978 -0.184689909 0.088812225 -0.069432683 -0.214699224 0.970152438
1341846673.910253 -0.179751545 0.007912224 -0.184828967 0.082737856 -0.072565660 -0.201945961 0.973194003
1341846673.942284 -0.184048265 0.009008463 -0.173085809 0.080415994 -0.076333262 -0.192087397 0.975094318
1341846673.978434 -0.183216929 0.003354795 -0.170209408 0.079192847 -0.077137902 -0.184636518 0.976569355
1341846674.016486 -0.184915915 0.008195418 -0.164859802 0.081386641 -0.076633692 -0.174686745 0.978257716
1341846674.052060 -0.188295335 0.008518856 -0.164137885 0.081155203 -0.077246547 -0.166054636 0.979730904
1341846674.084057 -0.175969779 0.006532661 -0.168947980 0.081579097 -0.078784443 -0.155988410 0.981226563
1341846674.152235 -0.182314262 0.008201348 -0.173684165 0.073263422 -0.077118360 -0.141482413 0.984209359
1341846674.210322 -0.168485701 0.022039462 -0.174731627 0.068460271 -0.076725528 -0.125215933 0.986786425
1341846674.246217 -0.178392977 0.014838505 -0.169665515 0.062600121 -0.076483682 -0.117096595 0.988190234
1341846674.278035 -0.180628225 0.007282450 -0.171400279 0.062533446 -0.077847496 -0.108517490 0.989066899
1341846674.310117 -0.179520577 0.017238567 -0.177868336 0.063079789 -0.078861140 -0.099309035 0.989919007
1341846674.346212 -0.176549196 0.014646335 -0.184278697 0.059777744 -0.079054065 -0.091163404 0.990891755
1341846674.378058 -0.182887420 0.012233030 -0.172486320 0.060422733 -0.077439703 -0.082312681 0.991754413
1341846674.410162 -0.177644998 0.020543961 -0.175676644 0.061431825 -0.078273088 -0.073199943 0.992341280
1341846674.446125 -0.173302114 0.018765153 -0.180065453 0.058339383 -0.078589134 -0.066566817 0.992969871
1341846674.478198 -0.174214855 0.017185712 -0.153340787 0.058717694 -0.078343555 -0.060731504 0.993340969
1341846674.514124 -0.175525248 0.021276949 -0.171022579 0.058523171 -0.077755474 -0.057189848 0.993608832
1341846674.546062 -0.176785350 0.018487329 -0.170632839 0.057206281 -0.078519955 -0.051586386 0.993932068
1341846674.578094 -0.173031703 0.018388145 -0.174897090 0.057539072 -0.078188218 -0.047678810 0.994134128
1341846674.614179 -0.176619396 0.023230869 -0.190885589 0.056345217 -0.075677872 -0.043168265 0.994602740
1341846674.682209 -0.173349246 0.012469838 -0.176425368 0.056995366 -0.078196548 -0.027353719 0.994931459
1341846674.714186 -0.174325451 0.020950539 -0.181709349 0.058496270 -0.077259421 -0.017537653 0.995139003
1341846674.752271 -0.175613567 0.018770868 -0.179526150 0.057957701 -0.077987500 -0.008973642 0.995227814
1341846674.814222 -0.177571267 0.027806561 -0.163077936 0.058345120 -0.076673515 0.005278768 0.995333731
1341846674.846370 -0.173976019 0.030138517 -0.172096565 0.058990210 -0.076603837 0.013662117 0.995221257
1341846674.882158 -0.177545339 0.029779397 -0.182157204 0.058086876 -0.075733639 0.020127619 0.995231211
1341846674.914224 -0.175741941 0.034467116 -0.186728880 0.056088071 -0.076071061 0.026325967 0.995175481
1341846674.950305 -0.178723082 0.030986140 -0.186222717 0.052849140 -0.075756699 0.032213669 0.995203614
1341846674.982342 -0.175707668 0.038102541 -0.196215659 0.049854171 -0.077792421 0.035905499 0.995074749
1341846675.014137 -0.178675607 0.051330641 -0.194676861 0.041619990 -0.079807937 0.038570356 0.995193839
1341846675.050230 -0.171605960 0.049432233 -0.191542640 0.031962913 -0.081910312 0.041893408 0.995245755
1341846675.088201 -0.177620232 0.057968132 -0.186492175 0.027193854 -0.080811433 0.042861730 0.995436072
1341846675.150188 -0.176213503 0.109889753 -0.188830242 0.009167324 -0.079098262 0.043495856 0.995875299
1341846675.182290 -0.173641518 0.055630308 -0.187063918 -0.014243539 -0.076367751 0.046508830 0.995892584
1341846675.218759 -0.172696635 0.060754955 -0.192996696 -0.021327369 -0.075643755 0.050457485 0.995629072
1341846675.251951 -0.179199815 0.062000103 -0.195593357 -0.027264029 -0.074472688 0.049938083 0.995598674
1341846675.282406 -0.172528774 0.058270194 -0.195201680 -0.030897809 -0.073638111 0.051861949 0.995456219
1341846675.318078 -0.173227459 0.074008189 -0.181650117 -0.032282595 -0.070771903 0.053492945 0.995533884
1341846675.350149 -0.156968057 0.076012149 -0.186602339 -0.041182164 -0.070229277 0.055011388 0.995161116
1341846675.382271 -0.146973848 0.066372320 -0.207196966 -0.053805374 -0.068555169 0.059905823 0.994392514
1341846675.450238 -0.197608620 0.051217645 -0.159439206 -0.061912123 -0.052348476 0.068222106 0.994370282
1341846675.486165 -0.177252233 0.030009523 -0.157896623 -0.055166669 -0.053697210 0.079261675 0.993876696
1341846675.518083 -0.152771726 0.033134975 -0.152061626 -0.045443885 -0.056611914 0.089600787 0.993328631
1341846675.550092 -0.181192279 0.055713255 -0.150467500 -0.034697119 -0.052423749 0.093792386 0.993605018
1341846675.586070 -0.168491006 0.061257534 -0.136842847 -0.030481808 -0.053074673 0.097250551 0.993376255
1341846675.618075 -0.176860347 0.056727119 -0.148905918 -0.025287479 -0.048751600 0.100564532 0.993413627
1341846675.650024 -0.189863473 0.051498979 -0.146286368 -0.020085111 -0.046997949 0.102712981 0.993397117
1341846675.686118 -0.179033548 0.052658223 -0.139489353 -0.016719976 -0.050094102 0.101146810 0.993468881
1341846675.718055 -0.180524185 0.053708855 -0.143302187 -0.010884603 -0.046184938 0.099519201 0.993903637
1341846675.754170 -0.168008402 0.056859583 -0.137400508 -0.003597569 -0.047123544 0.097226344 0.994139612
1341846675.786330 -0.192483827 0.055146709 -0.132695600 0.000540958 -0.041740213 0.096970670 0.994411469
1341846675.818106 -0.179452419 0.054004863 -0.136199325 0.003829146 -0.038716927 0.094474666 0.994766772
1341846675.854095 -0.160647586 0.054186478 -0.134758636 0.008136105 -0.039760191 0.095085271 0.994641483
1341846675.886163 -0.144432604 0.051359184 -0.139283955 0.014342771 -0.043441728 0.096757099 0.994256079
1341846675.922346 -0.131492317 0.047581889 -0.139049202 0.023892144 -0.043692872 0.096508026 0.994085670
1341846675.961651 -0.109664977 0.048588410 -0.134840921 0.032720443 -0.046775430 0.094743803 0.993863702
1341846676.028080 -0.069595397 0.042925987 -0.124219745 0.054833766 -0.055560179 0.093404435 0.992563307
1341846676.122163 -0.134989381 0.065591261 -0.171918795 0.063747481 -0.048128143 0.083693899 0.993285120
1341846676.154447 -0.125486687 0.048150063 -0.170700729 0.059115320 -0.048485883 0.083951786 0.993532419
1341846676.190230 -0.117676198 0.055185117 -0.176803485 0.060125053 -0.051173385 0.084509470 0.993289709
1341846676.222476 -0.104107022 0.068545595 -0.218008235 0.056335591 -0.051600553 0.083068430 0.993611276
1341846676.257017 -0.101122499 0.066156067 -0.213071272 0.048545629 -0.049076997 0.081354894 0.994291782
1341846676.290401 -0.065403968 0.069482960 -0.213929594 0.046784267 -0.054515548 0.081941918 0.994044721
1341846676.322689 -0.052019697 0.071315877 -0.229736269 0.043562219 -0.051135041 0.083599180 0.994232714
1341846676.360815 -0.018937411 0.077440448 -0.251840740 0.032549251 -0.050365452 0.086544223 0.994441569
1341846676.390851 -0.034016013 0.071480013 -0.218403116 0.022995515 -0.044372909 0.077846453 0.995711923
1341846676.424250 -0.025617860 0.064642504 -0.223419279 0.024045315 -0.041941956 0.077511013 0.995818675
1341846676.459033 -0.001629020 0.086008973 -0.245892122 0.024352187 -0.039899398 0.082366221 0.995505333
1341846676.490669 -0.001389307 0.086468726 -0.243714422 0.020020401 -0.035605088 0.082139991 0.995783389
1341846676.532743 -0.004879487 0.080321930 -0.256334960 0.018126376 -0.029215692 0.081317842 0.996095061
1341846676.564052 0.003184082 0.093209475 -0.271818548 0.017238157 -0.026062075 0.082474113 0.996103287
1341846676.596566 0.015320043 0.100096650 -0.244830921 0.014788511 -0.025428453 0.083306558 0.996089697
1341846676.632057 -0.047406700 0.092640981 -0.231040254 0.013229400 -0.009782000 0.080479257 0.996620476
1341846676.690079 -0.057705507 0.091311276 -0.242004275 0.012586357 -0.002231511 0.076631822 0.996977568
1341846676.726102 -0.039440550 0.089276612 -0.248126686 0.012812385 -0.000012128 0.073119067 0.997240961
1341846676.758419 -0.006091320 0.088115782 -0.246926963 0.014803591 -0.003249510 0.070432357 0.997401476
1341846676.790227 -0.004884056 0.092180476 -0.250446945 0.016695064 -0.002085298 0.070991211 0.997335076
1341846676.826179 0.053759698 0.097394258 -0.249733999 0.017127234 -0.005985119 0.070613667 0.997338772
1341846676.858331 0.046718795 0.094209529 -0.249803811 0.018219700 -0.001116260 0.072253726 0.997219265
1341846676.894086 0.043374274 0.100230776 -0.249921158 0.018943351 -0.001807803 0.074275374 0.997056246
1341846676.926062 0.055427782 0.103950977 -0.250389159 0.019093659 -0.002178533 0.072327934 0.997195780
1341846676.958080 0.048792426 0.097569697 -0.250366002 0.018611507 0.000719379 0.071735516 0.997249842
1341846676.994140 0.054553371 0.099003837 -0.254927546 0.019957060 -0.001404066 0.073268995 0.997111559
1341846677.026242 0.062586784 0.106016874 -0.251984507 0.021225821 -0.003219586 0.072731785 0.997120440
1341846677.094244 0.061129328 0.099417187 -0.254248232 0.018097404 -0.003598784 0.072517872 0.997196436
1341846677.126108 0.074517265 0.093001701 -0.253334790 0.018775674 -0.006389829 0.073806815 0.997075319
1341846677.162066 0.073978797 0.095222950 -0.262318283 0.021009430 -0.005153737 0.073946185 0.997027636
1341846677.194068 0.073360279 0.102669053 -0.261029303 0.021034602 -0.006313032 0.073306851 0.997067630
1341846677.226206 0.086192444 0.093624473 -0.258837521 0.019468425 -0.007224012 0.072887309 0.997124016
1341846677.262033 0.087716356 0.090461165 -0.259370446 0.022009661 -0.004382399 0.073503911 0.997042418
1341846677.294125 0.081842981 0.095661640 -0.264862657 0.023659563 -0.005050753 0.074035622 0.996962190
1341846677.326503 0.095859498 0.100813322 -0.262313962 0.022493605 -0.006149418 0.073044136 0.997056067
1341846677.362194 0.098097749 0.092008889 -0.261603922 0.021891406 -0.003250387 0.073427022 0.997055054
1341846677.394280 0.092350774 0.095913276 -0.256357521 0.024034683 -0.002551222 0.074008435 0.996964693
1341846677.430058 0.100281544 0.093202330 -0.257700324 0.023828655 -0.002243475 0.072718285 0.997065365
1341846677.468326 0.105730377 0.089012042 -0.260543317 0.024122203 0.000612606 0.072945699 0.997043967
1341846677.530161 0.115956113 0.090500720 -0.263580561 0.029019201 0.002378954 0.070932902 0.997056127
1341846677.562051 0.109677345 0.091396816 -0.259460926 0.030469604 0.006146951 0.069382384 0.997105777
1341846677.594105 0.106843889 0.091807209 -0.256830841 0.030910090 0.007420273 0.068595141 0.997138083
1341846677.630227 0.116152130 0.090495110 -0.260990679 0.031166045 0.007221201 0.068288215 0.997152567
1341846677.662033 0.117676154 0.089231908 -0.258410960 0.031793818 0.008421130 0.068604052 0.997101665
1341846677.730320 0.119295336 0.088623248 -0.259980112 0.030806804 0.008487828 0.068991855 0.997105300
1341846677.763691 0.116015241 0.083838709 -0.257811099 0.031955149 0.009909247 0.068396010 0.997097194
1341846677.798630 0.112307861 0.098824494 -0.262425452 0.033542871 0.008314015 0.068038113 0.997084022
1341846677.830104 0.124564804 0.089847095 -0.260246694 0.031955767 0.007520220 0.066782407 0.997227371
1341846677.862185 0.125199780 0.085497215 -0.260333896 0.034434717 0.009899290 0.065632917 0.997200429
1341846677.898344 0.115912333 0.084383875 -0.262488008 0.037731394 0.010960519 0.065905206 0.997052073
1341846677.930181 0.126679003 0.087065078 -0.262654513 0.040120412 0.010037590 0.065101914 0.997021258
1341846677.966256 0.127851874 0.081225879 -0.263742954 0.042594120 0.012003307 0.063767187 0.996983230
1341846677.998516 0.123910062 0.075529717 -0.270849109 0.046859354 0.011966845 0.065886080 0.996654451
1341846678.030368 0.122273125 0.079428524 -0.271853924 0.050245743 0.010171524 0.066142268 0.996492445
1341846678.066187 0.132163629 0.078673773 -0.271327078 0.051999234 0.010329546 0.065005414 0.996475637
1341846678.098076 0.121129416 0.073332742 -0.273062229 0.053177517 0.011473868 0.065491907 0.996369064
1341846678.134082 0.126085371 0.066876657 -0.273141623 0.054260328 0.008219791 0.066388972 0.996283531
1341846678.166092 0.136659339 0.069935732 -0.269823372 0.055826936 0.007624546 0.065444037 0.996264219
1341846678.204293 0.126764417 0.063459978 -0.275070310 0.056872088 0.009244364 0.065857977 0.996164083
1341846678.266209 0.131190151 0.064767666 -0.274512231 0.061242789 0.005777823 0.065912545 0.995927453
1341846678.298316 0.128829271 0.064501360 -0.280657202 0.061553154 0.004808004 0.066395491 0.995881379
1341846678.334135 0.133899063 0.062929831 -0.278073490 0.061352246 0.002182082 0.066170387 0.995917976
1341846678.366593 0.138784751 0.059668031 -0.282223791 0.062669531 0.002154354 0.066039212 0.995844781
1341846678.402292 0.134990111 0.059558630 -0.280432820 0.064215556 0.002359009 0.066272274 0.995730281
1341846678.439991 0.142960966 0.061407156 -0.279784530 0.065342225 0.001463723 0.066243358 0.995660603
