1341846647.802247 0.000000000 0.000000000 0.000000000 -0.000000000 -0.000000000 -0.000000000 1.000000000
1341846647.834093 0.001013232 -0.001821930 -0.000470839 0.000478540 0.000244755 0.001390164 0.999998927
1341846647.866652 0.011664241 -0.002389852 -0.006000117 0.001797311 0.001156430 0.003726166 0.999990821
1341846647.901972 0.009508156 0.001155367 -0.005722256 0.002252191 0.003895041 0.003820392 0.999982595
1341846647.934224 0.006246901 0.005520291 -0.006737679 0.001531602 0.004743698 0.003293599 0.999982178
1341846647.970225 0.010321071 0.002708659 -0.006714276 0.000675421 0.002536843 0.004521006 0.999986351
1341846648.002341 0.013505845 0.010824871 -0.007682768 0.001156152 0.001347060 0.004499765 0.999988317
1341846648.034343 0.023924252 0.012929023 -0.000378822 -0.001011355 -0.001605561 0.004049564 0.999990046
1341846648.070164 0.022297874 0.005110508 -0.000523918 -0.003481743 -0.004513416 0.004770014 0.999972403
1341846648.102152 0.016985483 0.005856229 -0.002775211 -0.002561809 -0.006752860 0.005082979 0.999961019
1341846648.138185 0.034271568 0.009619199 -0.006113439 -0.002816017 -0.010876492 0.005725442 0.999920487
1341846648.170568 0.031197350 0.009542949 -0.005451866 -0.005516620 -0.012082373 0.004593788 0.999901235
1341846648.202106 0.030679306 0.005664537 -0.004562172 -0.007334727 -0.016390592 0.004444786 0.999828935
1341846648.238157 0.030872107 0.004705649 -0.006635687 -0.006719149 -0.021527868 0.004604217 0.999735117
1341846648.270152 0.035069406 0.014245333 -0.013936858 -0.007585805 -0.027391272 0.001958939 0.999594092
1341846648.302183 0.038241539 0.018962482 -0.014697173 -0.012117558 -0.032476898 -0.002979083 0.999394655
1341846648.338170 0.038705643 0.000901834 -0.015568341 -0.019172469 -0.037811004 -0.006248408 0.999081433
1341846648.370216 0.027300196 -0.000837128 -0.027242111 -0.021324920 -0.042584956 -0.006387451 0.998844862
1341846648.406052 0.041546017 -0.001927227 -0.018575832 -0.022982970 -0.056285612 -0.005163587 0.998136818
1341846648.438342 0.041869801 0.001488461 -0.022039894 -0.022200231 -0.061478693 -0.003414120 0.997855663
1341846648.470076 0.039697010 0.004424244 -0.022800565 -0.022974873 -0.066294245 -0.003355122 0.997529924
1341846648.506263 0.042171750 0.014694985 -0.024901109 -0.024292558 -0.072851755 -0.004214495 0.997038007
1341846648.538249 0.044674356 0.009385846 -0.024350420 -0.028620254 -0.079335600 -0.004741484 0.996425748
1341846648.570179 0.078788817 0.008453488 -0.017483136 -0.032327268 -0.088949904 -0.004572125 0.995500863
1341846648.606081 0.047147963 0.010935724 -0.035451848 -0.033879258 -0.086445190 -0.007878900 0.995649278
1341846648.638395 0.086153612 -0.005055585 -0.014294950 -0.036875471 -0.104469553 -0.006426061 0.993823469
1341846648.674053 0.090925545 -0.004546883 -0.016139038 -0.035123773 -0.108569905 -0.007758682 0.993437827
1341846648.706058 0.086521253 -0.006221615 -0.029462175 -0.036268543 -0.113984570 -0.005282891 0.992806256
1341846648.738116 0.108549960 -0.005193347 -0.013295275 -0.036183346 -0.128082082 -0.005388149 0.991088688
1341846648.774049 0.101527601 -0.003732794 -0.007577171 -0.032986168 -0.128972694 -0.007091425 0.991074026
1341846648.805941 0.119584478 -0.021348475 -0.014355138 -0.035373453 -0.135084450 -0.002095548 0.990200281
1341846648.838602 0.131027952 -0.008848604 -0.013700511 -0.033638664 -0.144982025 -0.001499248 0.988861203
1341846648.874088 0.162619039 -0.007301030 -0.007137428 -0.035848379 -0.153040096 0.000760424 0.987569332
1341846648.906165 0.140985087 -0.026471894 -0.017669708 -0.041463591 -0.153313816 0.001169795 0.987306654
1341846648.942154 0.142975092 -0.042042281 -0.008745026 -0.044835940 -0.174085662 0.005539628 0.983693719
1341846648.974090 0.133262217 -0.012086647 0.001344793 -0.041803285 -0.182793975 -0.001733448 0.982260585
1341846649.006157 0.151123181 -0.008458443 -0.002964898 -0.043262951 -0.185951084 -0.001838096 0.981604397
1341846649.042101 0.160132989 -0.019024573 0.013077127 -0.045981079 -0.198367029 -0.000715170 0.979048371
1341846649.074128 0.184854448 -0.007180186 0.009769466 -0.044928718 -0.208118141 -0.006664526 0.977048576
1341846649.106188 0.189349115 0.003121763 0.024409201 -0.045972660 -0.209634572 -0.017261991 0.976545930
1341846649.142042 0.173771858 -0.008958243 0.011470407 -0.050711706 -0.208012775 -0.019339982 0.976619244
1341846649.174442 0.189499483 -0.007344412 0.020048428 -0.052496683 -0.216204852 -0.022378625 0.974678874
1341846649.216152 0.189945415 -0.006806901 0.029756591 -0.053590663 -0.216966867 -0.025768192 0.974366248
1341846649.248048 0.211975917 -0.008980217 0.039093751 -0.056165230 -0.221158475 -0.026716283 0.973252594
1341846649.280075 0.241850570 -0.002347134 0.037835255 -0.059234254 -0.228115782 -0.025500523 0.971495867
1341846649.316071 0.228998646 -0.000651883 0.045069963 -0.063797832 -0.226847395 -0.027586987 0.971446931
1341846649.348041 0.224828348 -0.010091782 0.064868376 -0.067338519 -0.229503185 -0.022685200 0.970710695
1341846649.383973 0.233403623 -0.018362155 0.064441063 -0.067079358 -0.235051528 -0.020159446 0.969455898
1341846649.416053 0.240335330 -0.009186447 0.029308954 -0.066004969 -0.232828364 -0.024614779 0.969963074
1341846649.448084 0.243628636 -0.009843897 0.031241668 -0.070870861 -0.229883909 -0.025109267 0.970309377
1341846649.484154 0.231829658 -0.021388249 0.038280562 -0.075420432 -0.230210423 -0.024403069 0.969906926
1341846649.516198 0.234131902 -0.015320839 0.046556264 -0.073262304 -0.232503593 -0.027835701 0.969432771
1341846649.552101 0.230905443 -0.012749206 0.047759950 -0.070918292 -0.229194105 -0.032574140 0.970247209
1341846649.616167 0.227461666 -0.018918082 0.039319918 -0.071254559 -0.230379254 -0.025945948 0.970141768
1341846649.678101 0.248435706 -0.037915759 0.048975408 -0.073074147 -0.236007735 -0.027576573 0.968607306
1341846649.710937 0.286660910 -0.051462099 0.079126641 -0.074674197 -0.250116110 -0.024709195 0.965015650
1341846649.746112 0.289564818 -0.044111140 0.093024291 -0.071686178 -0.257210881 -0.028296711 0.963277221
1341846649.778019 0.295819312 -0.053420596 0.089350305 -0.071462579 -0.261832684 -0.029028995 0.962026060
1341846649.810257 0.296201766 -0.054683413 0.067294322 -0.070119143 -0.268505603 -0.028651671 0.960295320
1341846649.846059 0.312367678 -0.029757973 0.054905284 -0.067858547 -0.277927756 -0.031452212 0.957685888
1341846649.878137 0.312837124 -0.032576863 0.066293851 -0.073050469 -0.283615053 -0.034392208 0.955533087
1341846649.914184 0.312181592 -0.037235875 0.101348780 -0.073311947 -0.291206658 -0.029958192 0.953376472
1341846649.952612 0.344669402 -0.040914446 0.098470002 -0.071940683 -0.296626568 -0.025799761 0.951930463
1341846650.014156 0.352162153 -0.042376041 0.113434069 -0.072144032 -0.300846606 -0.017127117 0.950785577
1341846650.046184 0.365107596 -0.037721228 0.124884777 -0.070588216 -0.305376738 -0.016066635 0.949475765
1341846650.078250 0.372558445 -0.033315420 0.139698520 -0.068152979 -0.305359989 -0.016398046 0.949653447
1341846650.114215 0.372777790 -0.042510595 0.138380289 -0.067992963 -0.304874212 -0.013637941 0.949864566
1341846650.146137 0.382522166 -0.049064588 0.144212976 -0.067170799 -0.308455408 -0.011074349 0.948799670
1341846650.182236 0.391872644 -0.041498020 0.152715206 -0.061429113 -0.308991224 -0.012913078 0.948991120
1341846650.214164 0.395937294 -0.039589308 0.141741633 -0.059509277 -0.306922913 -0.012790449 0.949786007
1341846650.246084 0.399718374 -0.039791346 0.144919261 -0.061072245 -0.308397621 -0.013469830 0.949199557
1341846650.282167 0.407137483 -0.051341102 0.161946878 -0.059485875 -0.308588058 -0.016631423 0.949188292
1341846650.314158 0.413294554 -0.048648000 0.151770532 -0.055550430 -0.304332256 -0.019630697 0.950742245
1341846650.350453 0.412520498 -0.050473325 0.144645020 -0.057394259 -0.303518027 -0.020983370 0.950864077
1341846650.382075 0.415926069 -0.050862916 0.163270891 -0.058791701 -0.304746449 -0.024616811 0.950298429
1341846650.414224 0.417005152 -0.060317677 0.185516983 -0.058204908 -0.301649928 -0.025044035 0.951310813
1341846650.450353 0.408267379 -0.048743244 0.168716311 -0.055290677 -0.294315904 -0.023186348 0.953825772
1341846650.484849 0.408281177 -0.039655834 0.164319560 -0.055085827 -0.291023165 -0.026685294 0.954756021
1341846650.514091 0.408756077 -0.057019465 0.177486911 -0.058450844 -0.286242425 -0.027354285 0.955981433
1341846650.550746 0.401489973 -0.062086664 0.192025244 -0.054137208 -0.280003697 -0.025746146 0.958125412
1341846650.582069 0.397714317 -0.058907308 0.173806980 -0.048599251 -0.272688299 -0.025810534 0.960527480
1341846650.618092 0.384771436 -0.051899910 0.166259840 -0.047199775 -0.265367776 -0.029671844 0.962534070
1341846650.650422 0.373808414 -0.047058668 0.172412962 -0.045001678 -0.257670194 -0.033657137 0.964597404
1341846650.682114 0.358766675 -0.045979481 0.163354561 -0.043375380 -0.249156520 -0.035568707 0.966837406
1341846650.718110 0.350801021 -0.050736062 0.156220317 -0.043682780 -0.243379906 -0.037717905 0.968212485
1341846650.750112 0.344814718 -0.054192930 0.164263815 -0.043688733 -0.236300737 -0.039808951 0.969880700
1341846650.782116 0.325756073 -0.067730814 0.162216336 -0.044885192 -0.225131989 -0.037206750 0.972582459
1341846650.818115 0.308462769 -0.072278306 0.148336008 -0.042371877 -0.219345227 -0.035840236 0.974067688
1341846650.850139 0.308368921 -0.059104688 0.126490459 -0.038217429 -0.214225382 -0.039131768 0.975251555
1341846650.886238 0.300489694 -0.053241499 0.135694697 -0.039459310 -0.202580884 -0.038381707 0.977717161
1341846650.918288 0.290814131 -0.064612560 0.148590088 -0.042080905 -0.193111405 -0.034691490 0.979660034
1341846650.950233 0.262586385 -0.058185745 0.125040859 -0.040657572 -0.182740971 -0.033143710 0.981760800
1341846650.986247 0.257202744 -0.056259915 0.129071414 -0.040677838 -0.172235444 -0.032544352 0.983677387
1341846651.050482 0.234403431 -0.061406236 0.108070411 -0.040470395 -0.153074741 -0.023640154 0.987102568
1341846651.086169 0.214729130 -0.056657054 0.098274171 -0.043455891 -0.143022463 -0.024137694 0.988470316
1341846651.118423 0.213207290 -0.072836846 0.101301514 -0.045078315 -0.134328425 -0.020034378 0.989708304
1341846651.154189 0.205529094 -0.071456730 0.099151261 -0.040808350 -0.128074765 -0.017151041 0.990776181
1341846651.186391 0.186714619 -0.072669767 0.080418527 -0.042352319 -0.119889580 -0.014713805 0.991774380
1341846651.218036 0.173250273 -0.061115440 0.065338328 -0.041209705 -0.112803720 -0.015301316 0.992644429
1341846651.254031 0.161472693 -0.066612430 0.060211312 -0.042958487 -0.106923871 -0.013911816 0.993241370
1341846651.286406 0.146242172 -0.067558572 0.054921810 -0.045283541 -0.100838356 -0.014741530 0.993762434
1341846651.318309 0.134363472 -0.067271836 0.060727857 -0.046190776 -0.096247599 -0.017976979 0.994122565
1341846651.354135 0.122666389 -0.063940458 0.061447974 -0.044540785 -0.090032443 -0.021508913 0.994709849
1341846651.386180 0.108854592 -0.070221260 0.060351439 -0.045153126 -0.082205564 -0.020312758 0.995384812
1341846651.422237 0.090796024 -0.061414082 0.065388851 -0.043400235 -0.077635013 -0.020121645 0.995833516
1341846651.492135 0.064695001 -0.058375459 0.054265294 -0.046007548 -0.068479925 -0.028819636 0.996174335
1341846651.560316 0.037014835 -0.076472804 0.040896654 -0.045655213 -0.048729371 -0.027944282 0.997376740
1341846651.622176 0.021849284 -0.073405467 0.037996747 -0.035559013 -0.037931852 -0.029131053 0.998222530
1341846651.654223 0.008400265 -0.071233451 0.031193525 -0.031605937 -0.033612419 -0.028583426 0.998526096
1341846651.690127 0.000434046 -0.078475982 0.025566878 -0.028518753 -0.030987404 -0.025505194 0.998787224
1341846651.722318 -0.013963095 -0.078084268 0.011256832 -0.024891872 -0.026123382 -0.022862945 0.999087274
1341846651.754212 -0.029216371 -0.068976037 0.003480409 -0.021650732 -0.021267032 -0.021619635 0.999305606
1341846651.790200 -0.038775023 -0.053989712 -0.005829143 -0.021108933 -0.016125007 -0.022731649 0.999388695
1341846651.822233 -0.057588384 -0.055548582 0.003189105 -0.020621739 -0.008572504 -0.021783829 0.999513268
1341846651.858213 -0.077662386 -0.065065585 0.005486625 -0.013400319 -0.002375664 -0.016374508 0.999773324
1341846651.890237 -0.080651589 -0.067357384 -0.008192343 -0.005960320 0.002210638 -0.012917130 0.999896407
1341846651.922186 -0.081215896 -0.063707180 -0.012294677 -0.004323221 0.005577856 -0.009494161 0.999930084
1341846651.958047 -0.106808841 -0.068713881 -0.015819699 -0.002675250 0.011129945 -0.009973254 0.999884784
1341846651.990020 -0.126345813 -0.069540128 -0.002605908 0.004088776 0.018532481 -0.007516149 0.999791682
1341846652.022081 -0.133479282 -0.066145144 -0.024951758 0.010742313 0.022491148 -0.000584310 0.999689221
1341846652.058058 -0.137003839 -0.060434017 -0.032199796 0.011338149 0.022945253 0.002175378 0.999670088
1341846652.090106 -0.142591447 -0.057196759 -0.038990751 0.009750747 0.024712728 0.001332775 0.999646246
1341846652.126257 -0.151856065 -0.058027804 -0.046284378 0.007316722 0.029175848 0.000529658 0.999547422
1341846652.158232 -0.171098024 -0.060869634 -0.045898493 0.005063818 0.032731149 0.001690738 0.999449968
1341846652.190049 -0.180170536 -0.061342582 -0.050178591 0.004853786 0.034940798 -0.000830481 0.999377310
1341846652.225981 -0.188800991 -0.058793377 -0.039624311 0.006346496 0.042892028 -0.001903160 0.999057770
1341846652.258089 -0.215513736 -0.061931822 -0.036838148 0.007820949 0.051838744 0.002105961 0.998622656
1341846652.290189 -0.241318226 -0.066522315 -0.024087841 0.011062109 0.054943901 0.005549651 0.998412788
1341846652.326148 -0.248904571 -0.067242250 -0.030988710 0.018463075 0.057167072 0.006771257 0.998170972
1341846652.358184 -0.255104303 -0.058885615 -0.030332657 0.022301804 0.060425777 0.008822037 0.997884572
1341846652.394279 -0.273684859 -0.059476782 -0.026693366 0.022948584 0.063748710 0.008511773 0.997665823
1341846652.426287 -0.284377456 -0.061003938 -0.026195118 0.024824867 0.066556998 0.006938635 0.997449696
1341846652.458277 -0.293893427 -0.065560944 -0.025568759 0.026772901 0.070426457 0.007636231 0.997128427
1341846652.494100 -0.301323891 -0.065060407 -0.044158299 0.029428026 0.073438473 0.006186142 0.996846318
1341846652.526469 -0.307538480 -0.062479008 -0.051678050 0.029175185 0.077587061 0.005264223 0.996544778
1341846652.562089 -0.318703294 -0.076564483 -0.064615510 0.027927585 0.085304938 0.004713542 0.995952249
1341846652.594254 -0.329779029 -0.070948422 -0.045646012 0.031094473 0.099092893 0.003332960 0.994586647
1341846652.626356 -0.326914340 -0.070076078 -0.042524420 0.032856040 0.108997695 0.005090016 0.993485808
1341846652.662152 -0.309743643 -0.072184548 -0.094810657 0.033354007 0.123952262 -0.001958624 0.991725504
1341846652.694113 -0.296764642 -0.075701676 -0.103632964 0.032000273 0.148834795 -0.002554333 0.988340855
1341846652.726378 -0.291801214 -0.091564834 -0.133465394 0.031891551 0.175496623 -0.005655432 0.983947098
1341846652.762129 -0.291563481 -0.074150547 -0.103171319 0.033921696 0.203825772 -0.006129473 0.978400111
1341846652.794152 -0.287430793 -0.078799576 -0.111563757 0.030812286 0.231282488 -0.008857045 0.972358286
1341846652.830250 -0.305945128 -0.077653043 -0.089597017 0.030201547 0.265475690 -0.007829561 0.963612616
1341846652.862014 -0.352487355 -0.076730527 -0.058087613 0.028173786 0.291790277 -0.005851128 0.956049442
1341846652.894426 -0.343821228 -0.083333097 -0.066869691 0.027450468 0.308168739 -0.001821178 0.950933874
1341846652.930346 -0.342883706 -0.084136009 -0.051825184 0.028951159 0.328319341 0.001149180 0.944122314
1341846652.962213 -0.360627383 -0.075371414 -0.037945233 0.029219063 0.346318483 0.000813836 0.937661529
1341846653.030292 -0.351419598 -0.087748766 -0.034942433 0.022390531 0.376194209 0.004479840 0.926259398
1341846653.062672 -0.360975444 -0.086095169 -0.038723372 0.025876397 0.391070902 0.008028692 0.919961751
1341846653.099024 -0.363379300 -0.084477589 -0.041832663 0.024488701 0.406091839 0.007094206 0.913476527
1341846653.130475 -0.360434949 -0.085083678 -0.040588140 0.020652562 0.423572481 0.007357327 0.905596852
1341846653.162620 -0.361101210 -0.087801106 -0.039198063 0.020095443 0.439099461 0.008737816 0.898171186
1341846653.198437 -0.400836468 -0.097646438 -0.024095923 0.018755281 0.456621498 0.011727688 0.889386058
1341846653.230042 -0.387058705 -0.100092061 -0.016899541 0.020144276 0.467364550 0.015931427 0.883691609
1341846653.298380 -0.389095992 -0.076067232 -0.009916872 0.022008970 0.492171407 0.019297989 0.870006025
1341846653.330162 -0.382895380 -0.075305618 0.003111616 0.022054100 0.504667699 0.022451593 0.862739921
1341846653.366319 -0.420777023 -0.070427127 -0.001322165 0.021349477 0.516519368 0.025419552 0.855631828
1341846653.398226 -0.414091378 -0.071646765 0.000194952 0.021248320 0.525123298 0.028421296 0.850286067
1341846653.430060 -0.429359019 -0.074018061 0.011794314 0.024458621 0.534582317 0.032419737 0.844140112
1341846653.466341 -0.427360475 -0.075645223 0.008689284 0.025710342 0.539571702 0.030028839 0.841011107
1341846653.498194 -0.432278812 -0.075338632 0.015492186 0.026562816 0.544863522 0.030803200 0.837537766
1341846653.530205 -0.417987227 -0.076231539 0.027262107 0.025514780 0.547505796 0.027472913 0.835961580
1341846653.566601 -0.425247550 -0.072970882 0.021840408 0.026846383 0.548211157 0.024965283 0.835536182
1341846653.598213 -0.425858885 -0.070924371 0.018003613 0.026059309 0.548560321 0.025095485 0.835327983
1341846653.634793 -0.428103328 -0.070790909 0.017597422 0.025995595 0.547297359 0.026207512 0.836123824
1341846653.666143 -0.412794113 -0.077648461 0.013569981 0.026051018 0.544972479 0.026968135 0.837615132
1341846653.698738 -0.400500268 -0.080963299 0.012738377 0.025347073 0.541119397 0.029081721 0.840060532
1341846653.734313 -0.425137579 -0.077412151 0.009971932 0.022165218 0.536455572 0.029949229 0.843105674
1341846653.766275 -0.431061119 -0.072887041 0.009635046 0.022853542 0.533391953 0.031875536 0.844958425
1341846653.802358 -0.457762569 -0.065129519 -0.006674424 0.020693682 0.527363002 0.032090411 0.848781586
1341846653.834226 -0.449822307 -0.060726319 -0.003009751 0.021007583 0.517481983 0.033147756 0.854793787
1341846653.866214 -0.446418405 -0.062515400 0.012916729 0.020745462 0.512433112 0.033673327 0.857815862
1341846653.902170 -0.448801219 -0.061670661 0.011084855 0.017429087 0.504105270 0.033539649 0.862814724
1341846653.934160 -0.459657818 -0.056857150 0.006886974 0.016410232 0.495426506 0.033429872 0.867851198
1341846653.966155 -0.455235600 -0.058656789 0.009677485 0.014405256 0.488954812 0.032639783 0.871579230
1341846654.002169 -0.454993784 -0.057985231 0.007918686 0.009494419 0.479387999 0.031435583 0.876988471
1341846654.034140 -0.455047697 -0.065153740 0.011709303 0.004777472 0.471776992 0.031046938 0.881158173
1341846654.070172 -0.427000195 -0.076735035 0.067422368 0.005846827 0.462954491 0.030602364 0.885834336
1341846654.102438 -0.396382391 -0.086760566 0.073825575 0.008682612 0.449000597 0.031305887 0.892940700
1341846654.134349 -0.419868380 -0.077954873 0.050423816 0.014640849 0.439802766 0.032665357 0.897380769
1341846654.170244 -0.430060685 -0.077400506 0.043846898 0.017435456 0.427795738 0.032128375 0.903136015
1341846654.202087 -0.417838573 -0.077276841 0.054820158 0.019145183 0.411105692 0.027080292 0.910984278
1341846654.234434 -0.415217638 -0.079699196 0.044533025 0.020515321 0.401958138 0.024752161 0.915093482
1341846654.270041 -0.427696437 -0.076109655 0.057005603 0.021404751 0.392227173 0.022475975 0.919344604
1341846654.302117 -0.420427859 -0.076583482 0.060527887 0.021321913 0.375528902 0.019986955 0.926349878
1341846654.338026 -0.406759799 -0.074106850 0.053553469 0.019903433 0.365872830 0.018270871 0.930272639
1341846654.369979 -0.407184660 -0.072045803 0.064177588 0.020404710 0.354954123 0.019416252 0.934459329
1341846654.402172 -0.438612223 -0.071216017 0.097283378 0.022526827 0.339450389 0.018814163 0.940165997
1341846654.438133 -0.384126097 -0.050343350 0.069161296 0.022698350 0.317308694 0.015045471 0.947931230
1341846654.470186 -0.377909631 -0.063422903 0.074032292 0.018320899 0.307591110 0.016467724 0.951199710
1341846654.502267 -0.423003167 -0.068492152 0.115745693 0.018153640 0.295434624 0.014750819 0.955076575
1341846654.539064 -0.363096774 -0.060898643 0.054548375 0.019209281 0.267210156 0.014617669 0.963335931
1341846654.570053 -0.348163962 -0.060586844 0.057874829 0.015839556 0.261700213 0.012172333 0.964942455
1341846654.606030 -0.354677469 -0.065684661 0.045373607 0.015209180 0.245324969 0.010000996 0.969269991
1341846654.637980 -0.338324904 -0.075722568 0.018766088 0.018204821 0.222316533 0.012140604 0.974729002
1341846654.670155 -0.330476373 -0.068041556 0.027642258 0.021907400 0.216785789 0.010163793 0.975920498
1341846654.706022 -0.318094730 -0.073629089 0.017194469 0.023946160 0.201222360 0.011311902 0.979187548
1341846654.738497 -0.316022247 -0.081508122 0.012228448 0.028152630 0.181132928 0.013415883 0.982964098
1341846654.774056 -0.309258759 -0.067997813 0.004772914 0.030693140 0.173800662 0.014161675 0.984200597
1341846654.806040 -0.300416499 -0.063142188 0.003064126 0.029467158 0.161826432 0.015565041 0.986256421
1341846654.838060 -0.299666345 -0.071007073 -0.009699702 0.028532185 0.144208089 0.015206074 0.989019096
1341846654.874136 -0.283808559 -0.057492398 -0.031701099 0.028891440 0.130180359 0.016112920 0.990938365
1341846654.906209 -0.263261348 -0.063726082 -0.045176521 0.024037661 0.116082281 0.016355149 0.992814064
1341846654.938214 -0.265419692 -0.073820956 -0.016959559 0.024989365 0.100608975 0.014101184 0.994512200
1341846654.974334 -0.257309943 -0.068749495 -0.023510562 0.030660570 0.082815513 0.017396893 0.995941222
1341846655.006124 -0.258828640 -0.058696169 -0.043240070 0.030607184 0.070192613 0.017733810 0.996906102
1341846655.042239 -0.251345634 -0.058856566 -0.037806354 0.029531302 0.049713690 0.017882762 0.998166740
1341846655.074179 -0.243963927 -0.058561582 -0.040758424 0.032678939 0.026536090 0.019322101 0.998926759
1341846655.106132 -0.236948743 -0.048119169 -0.033106271 0.033996485 0.013830804 0.016293673 0.999193490
1341846655.142070 -0.226832509 -0.039958458 -0.031056141 0.033865407 -0.009779472 0.011479990 0.999312639
1341846655.174000 -0.198873356 -0.027731707 -0.036098380 0.034465794 -0.034353290 0.013624226 0.998722374
1341846655.206124 -0.210888192 -0.043833524 -0.052588642 0.029452723 -0.041810919 0.009333641 0.998647749
1341846655.242079 -0.211014315 -0.057513885 -0.042899195 0.029405700 -0.054346472 0.009982115 0.998039126
1341846655.274211 -0.169177711 -0.060028460 -0.077002257 0.033201762 -0.067683116 0.015907662 0.997027457
1341846655.310175 -0.163716972 -0.066748247 -0.060631830 0.037492845 -0.068820253 0.018142086 0.996759295
1341846655.342236 -0.151843905 -0.051716704 -0.066320993 0.047666170 -0.076124646 0.022653010 0.995700717
1341846655.374134 -0.150609568 -0.045867298 -0.061844166 0.050385125 -0.077656001 0.023832893 0.995420992
1341846655.410207 -0.152871206 -0.054877032 -0.069157191 0.051005885 -0.077796794 0.024599370 0.995359778
1341846655.442262 -0.160312623 -0.057630956 -0.056225117 0.055959210 -0.086488977 0.027092932 0.994310975
1341846655.474205 -0.145184875 -0.046721045 -0.058517244 0.057938721 -0.098691896 0.025777530 0.993095458
1341846655.510277 -0.135760084 -0.028560489 -0.049645148 0.055821594 -0.111292996 0.024389721 0.991918802
1341846655.542135 -0.134217098 -0.044705261 -0.083194099 0.049592674 -0.118702359 0.025851002 0.991353691
1341846655.578132 -0.131041631 -0.046763930 -0.094981447 0.046727996 -0.126334950 0.025565816 0.990556657
1341846655.642348 -0.103880376 -0.052023854 -0.067212291 0.039047651 -0.149641499 0.026799891 0.987605512
1341846655.678110 -0.105239540 -0.055786796 -0.093459830 0.039628375 -0.159121335 0.027262136 0.986086607
1341846655.710074 -0.094573647 -0.050911877 -0.083761141 0.041717470 -0.171890587 0.029524460 0.983789384
1341846655.748050 -0.096402481 -0.035225179 -0.092144974 0.039900139 -0.182866961 0.028149897 0.981924295
1341846655.810222 -0.100980155 -0.039955318 -0.114011578 0.036632281 -0.200449124 0.027763052 0.978625298
1341846655.846257 -0.093392864 -0.027186088 -0.111143775 0.035589345 -0.211310685 0.028245209 0.976362407
1341846655.910355 -0.075704262 -0.048019383 -0.122351333 0.027020030 -0.232774600 0.028246833 0.971744835
1341846655.946240 -0.065635927 -0.035851650 -0.106783397 0.027014347 -0.244925678 0.027641501 0.968771219
1341846655.978412 -0.061974563 -0.028956899 -0.103540078 0.024826748 -0.251813531 0.025525363 0.967120528
1341846656.014188 -0.049125485 -0.028506177 -0.103688255 0.022012657 -0.255944788 0.026101980 0.966088235
1341846656.046211 -0.043939348 -0.036983911 -0.113345899 0.018657777 -0.259005249 0.028494330 0.965275228
1341846656.078165 -0.044004098 -0.035320748 -0.123051792 0.018825974 -0.262897372 0.029622341 0.964185238
1341846656.114220 -0.039490178 -0.030029558 -0.117135070 0.016960483 -0.267906606 0.029499432 0.962843895
1341846656.146158 -0.038714789 -0.038413741 -0.125930995 0.014075370 -0.273586184 0.029594330 0.961289048
1341846656.178154 -0.034826033 -0.038141135 -0.134608969 0.014503110 -0.280045569 0.029629139 0.959419787
1341846656.214132 -0.027103744 -0.036849681 -0.127217993 0.014219557 -0.286440790 0.028402375 0.957571328
1341846656.246093 -0.017365266 -0.034612346 -0.112326778 0.015001407 -0.291456461 0.029405849 0.956014395
1341846656.282181 -0.019931478 -0.027440475 -0.123355582 0.015264069 -0.293231249 0.029309448 0.955470264
1341846656.314258 -0.021572653 -0.030540261 -0.133387759 0.013389518 -0.296955436 0.027682567 0.954396129
1341846656.346094 -0.016147342 -0.021222709 -0.123501696 0.012516651 -0.301973730 0.026359159 0.952869594
1341846656.382222 -0.020618811 -0.031010373 -0.148456380 0.008763563 -0.304435939 0.024250438 0.952183843
1341846656.414253 -0.052357983 -0.034809161 -0.078547940 0.008848150 -0.314604670 0.025787184 0.948831201
1341846656.446177 -0.014883147 -0.022590209 -0.082285643 0.007426851 -0.327313751 0.026284194 0.944520950
1341846656.482260 -0.019881651 -0.029681249 -0.085244417 0.001743462 -0.332292616 0.024414059 0.942858696
1341846656.519461 -0.015725730 -0.031241218 -0.085980482 0.002085981 -0.339690387 0.024411548 0.940218210
1341846656.582247 -0.003261143 -0.015188302 -0.128305197 -0.001360512 -0.342805177 0.023600725 0.939109027
1341846656.614195 -0.001219610 -0.017751379 -0.129211366 -0.002893077 -0.345717311 0.023418076 0.938042045
1341846656.649995 -0.001550330 -0.015152834 -0.124800414 -0.002712209 -0.346838355 0.023456249 0.937627673
1341846656.682076 -0.006890688 -0.013995715 -0.129172206 -0.003207088 -0.350213736 0.023270786 0.936375201
1341846656.714216 0.001399996 -0.012868335 -0.130911887 -0.004568437 -0.355222255 0.023552615 0.934473991
1341846656.749974 0.007685976 -0.013425984 -0.146801546 -0.007460218 -0.356511861 0.023387201 0.933968246
1341846656.782653 0.012381748 -0.022135610 -0.143704697 -0.008849241 -0.359177887 0.024521332 0.932904959
1341846656.824388 0.012286209 -0.007624937 -0.141451970 -0.007223457 -0.362242043 0.024664411 0.931729674
1341846656.856226 0.010920141 -0.004234329 -0.146984473 -0.009668666 -0.362646222 0.023575673 0.931578457
1341846656.892050 0.012925075 -0.010690641 -0.116350129 -0.012542999 -0.362021238 0.025662169 0.931732118
1341846656.924099 0.006686928 -0.010528209 -0.128196269 -0.012389452 -0.359913886 0.023793822 0.932599783
1341846656.956112 0.016469583 -0.007001797 -0.131461501 -0.013500645 -0.355456978 0.021114413 0.934356630
1341846656.992122 0.019374775 -0.012343398 -0.131376788 -0.015673142 -0.348850518 0.023655377 0.936748743
1341846657.024108 0.002630034 -0.012097020 -0.139174834 -0.015618198 -0.343473881 0.022669626 0.938758731
1341846657.056121 0.021230662 -0.008390564 -0.091887750 -0.016708495 -0.342457682 0.026346195 0.939015150
1341846657.092006 0.016263003 -0.023416089 -0.065781072 -0.015551232 -0.331788599 0.030373307 0.942736387
1341846657.124027 0.014954913 -0.019774819 -0.077635773 -0.007790410 -0.320419639 0.033098169 0.946665287
1341846657.155973 0.002751684 -0.017615035 -0.067804068 -0.003031695 -0.308734149 0.033433624 0.950555742
1341846657.192094 -0.001201624 -0.021953102 -0.082208723 -0.001740333 -0.290659904 0.032614902 0.956268847
1341846657.224195 0.016526718 -0.020646218 -0.075804748 0.001313591 -0.282219529 0.030737473 0.958856463
1341846657.292164 0.016733035 -0.017755756 -0.079107657 0.003992672 -0.261177987 0.025368152 0.964949012
1341846657.354367 0.028425677 -0.013815245 -0.084106117 0.003640722 -0.243854016 0.023185922 0.969527960
1341846657.386193 0.032321058 -0.016992088 -0.085312575 0.002739662 -0.233440682 0.022323590 0.972110927
1341846657.418105 0.029682588 -0.022981804 -0.076330714 0.004935572 -0.221922338 0.022731103 0.974786878
1341846657.454277 0.040813737 -0.017468648 -0.084014341 0.007375199 -0.212414935 0.021642774 0.976912022
1341846657.486117 0.055957526 -0.018920325 -0.081553079 0.007770968 -0.200474545 0.021841779 0.979424596
1341846657.522092 0.056839745 -0.031064700 -0.079634719 0.009448725 -0.187065750 0.018743778 0.982123137
1341846657.554062 0.048102036 -0.025291741 -0.065884277 0.012992593 -0.178208783 0.019965477 0.983704329
1341846657.586078 0.079495057 -0.015170352 -0.070503630 0.013301667 -0.169824481 0.014809411 0.985273242
1341846657.622205 0.046114791 -0.026339598 -0.058970749 0.012811811 -0.151032105 0.013778114 0.988349795
1341846657.654161 0.041974563 -0.025943989 -0.055932086 0.014587275 -0.143827617 0.014402132 0.989390433
1341846657.686517 0.068453379 -0.028752742 -0.060070124 0.014128710 -0.136117220 0.010995602 0.990531027
1341846657.722061 0.059170868 -0.030615360 -0.026717098 0.015583321 -0.119372249 0.010149003 0.992675424
1341846657.754104 0.053476591 -0.025809001 -0.039858907 0.017012676 -0.110123858 0.009334047 0.993728399
1341846657.790066 0.067759395 -0.027562456 -0.060949225 0.012207063 -0.099529028 0.001587349 0.994958520
1341846657.822089 0.035328802 -0.039930131 -0.029859239 0.010450427 -0.074825920 -0.001440797 0.997140825
1341846657.853972 0.041934613 -0.032875717 -0.024133854 0.015794491 -0.066425495 0.003357565 0.997660756
1341846657.889993 0.053814549 -0.027605854 -0.039383031 0.015149410 -0.055053312 0.004274406 0.998359382
1341846657.922046 0.038483500 -0.037522849 -0.023612283 0.014782674 -0.037094679 0.002719113 0.999198735
1341846657.954192 0.046412934 -0.034732018 -0.026546644 0.015660735 -0.030595561 0.007771910 0.999378979
1341846657.990141 0.050346430 -0.038581334 -0.027942339 0.011635467 -0.019625029 0.006045240 0.999721467
1341846658.022419 0.035987604 -0.042323638 0.002449685 0.013145825 -0.008282042 0.008212742 0.999845624
1341846658.090215 0.055562932 -0.040621467 -0.011286966 0.014265481 0.002487755 0.009794237 0.999847174
1341846658.122355 0.041286428 -0.031951051 0.016017871 0.014316080 0.011536135 0.009060435 0.999789953
1341846658.158136 0.044727080 -0.033706199 0.020844428 0.012158825 0.014719654 0.009398811 0.999773622
1341846658.190098 0.048620414 -0.041146912 -0.004659987 0.009272453 0.020646298 0.008195866 0.999710321
1341846658.226027 0.031856228 -0.051159423 0.030113904 0.009227603 0.028854370 0.007395451 0.999513686
1341846658.258133 0.031796791 -0.035911970 0.031982407 0.013288758 0.030476410 0.006486848 0.999426126
1341846658.290020 0.040458117 -0.037790131 0.034611482 0.011779366 0.033802044 0.002885024 0.999355018
1341846658.326239 0.028117053 -0.044357337 0.031536724 0.011391458 0.039171692 -0.000497683 0.999167502
1341846658.358248 0.014926814 -0.024741529 0.031867858 0.010705587 0.041122045 -0.004096355 0.999088407
1341846658.390215 0.027207684 -0.035236355 0.025908552 0.003101569 0.039096847 -0.007711517 0.999200881
1341846658.426300 0.024863832 -0.044465471 0.033256687 0.000495153 0.042803079 -0.009112473 0.999041855
1341846658.458168 0.004614170 -0.050100118 0.035417989 0.001276494 0.043091360 -0.007166014 0.999044716
1341846658.494176 -0.000044534 -0.030042449 0.028899956 0.001148183 0.038911689 -0.005245931 0.999228239
1341846658.526214 0.013387692 -0.011517309 0.020771904 -0.007954517 0.036013626 -0.003930409 0.999311924
1341846658.558129 -0.000040305 -0.013132525 0.011459961 -0.017919295 0.034648422 -0.003271722 0.999233544
1341846658.594206 0.006080403 0.011491672 0.020122355 -0.040854573 0.028644193 -0.004014042 0.998746395
1341846658.626105 0.007684343 -0.000117232 0.023825780 -0.060908034 0.021518962 -0.003672099 0.997904658
1341846658.658181 -0.002605665 -0.012531481 0.027037401 -0.065851934 0.020338159 -0.006355544 0.997601867
1341846658.694141 -0.003773513 0.010387131 0.003929790 -0.071844026 0.020686064 -0.005287825 0.997187316
1341846658.726153 -0.012690738 0.021712823 -0.003944461 -0.088241391 0.017790059 -0.001314604 0.995939434
1341846658.762100 0.002683721 -0.007967083 0.014618555 -0.097062856 0.007730022 0.001245987 0.995247483
1341846658.794185 0.020709105 -0.005825186 0.001934307 -0.098360270 0.005564568 0.002413632 0.995132387
1341846658.826155 -0.005694964 0.020172028 0.016840883 -0.105534099 0.012725360 -0.000889676 0.994333863
1341846658.862197 -0.018245256 -0.015676396 0.019913189 -0.118018903 0.011113589 -0.000537598 0.992949009
1341846658.894170 0.020982940 -0.016536368 0.005161320 -0.119880386 0.005877102 0.001250442 0.992770195
1341846658.962404 -0.019495334 -0.009042435 0.019214453 -0.134957567 0.017657958 0.003275607 0.990688682
1341846658.994217 -0.021978037 -0.007512739 0.019503504 -0.135612458 0.015614116 0.005361710 0.990624428
1341846659.030070 0.019200986 -0.041069385 0.020413805 -0.140059918 0.009913078 0.002232982 0.990090966
1341846659.062007 -0.007911974 -0.039141659 0.016133910 -0.135235280 0.013928213 0.003236827 0.990710318
1341846659.094100 -0.003589565 -0.026289752 0.013827426 -0.131421834 0.012276474 0.002400571 0.991247594
1341846659.130368 0.004085176 -0.031384356 0.011483378 -0.133865565 0.014071171 -0.000250318 0.990899622
1341846659.162537 -0.008664423 -0.053697143 0.016721841 -0.135146365 0.017054124 0.000935965 0.990678489
1341846659.198696 0.014945134 -0.049821280 0.015983056 -0.131556600 0.010853770 0.000719987 0.991249025
1341846659.231286 0.010623217 -0.024571596 0.006864809 -0.128066197 0.016746288 -0.000252269 0.991624236
1341846659.263549 -0.012299412 -0.030069018 0.013678559 -0.128954083 0.022294192 0.002053433 0.991397858
1341846659.298797 0.000182330 -0.031346336 0.014053322 -0.129527211 0.018152440 0.003349087 0.991404116
1341846659.331074 0.011555057 -0.030324342 0.009379058 -0.131021261 0.018523952 0.003179412 0.991201460
1341846659.362420 0.011859609 -0.047550559 0.015222266 -0.134275585 0.020573128 0.004057033 0.990722179
1341846659.398303 0.016217133 -0.042975646 0.017709956 -0.130895391 0.018874064 0.006447110 0.991195500
1341846659.430262 0.022178708 -0.036118556 0.012642039 -0.129704297 0.017703325 0.006290637 0.991374731
1341846659.466583 0.013474934 -0.036551815 0.010921810 -0.130615443 0.022485722 0.005377389 0.991163552
1341846659.498531 -0.007126919 -0.048140053 0.016453251 -0.130879134 0.025407244 0.006954826 0.991048336
1341846659.530267 0.009077610 -0.030049011 0.015530575 -0.125547871 0.020661062 0.007225715 0.991846085
1341846659.566571 0.006899517 -0.023650385 0.007760750 -0.123465493 0.024555223 0.005914010 0.992027462
1341846659.598122 0.009558239 -0.035136137 0.010775302 -0.123538330 0.026126526 0.007093373 0.991970479
1341846659.630209 0.006645572 -0.031925168 0.011575595 -0.120506003 0.023595814 0.008536915 0.992395461
1341846659.666409 0.009830212 -0.011832893 0.005516633 -0.116750486 0.023095852 0.005690321 0.992876410
1341846659.698237 -0.002639396 -0.035463147 0.009206671 -0.122230195 0.025715197 0.005219107 0.992154896
1341846659.734169 -0.008608806 -0.027282435 0.011308595 -0.119777992 0.020568117 0.004835573 0.992575884
1341846659.766421 0.002657056 -0.030986493 0.015627863 -0.120713919 0.016056534 0.001478063 0.992556453
1341846659.798087 0.009780010 -0.040634617 0.011958813 -0.122337341 0.015438796 0.001092701 0.992367923
1341846659.834075 -0.019404942 -0.062736019 0.008888495 -0.124700353 0.017092152 0.001898175 0.992045403
1341846659.866481 -0.011687363 -0.033296607 0.009990657 -0.118717991 0.011715336 0.001463465 0.992857873
1341846659.898128 0.000028928 -0.046444874 0.008902228 -0.120707370 0.008356547 0.002221927 0.992650509
1341846659.934286 -0.002948190 -0.047518715 0.001335824 -0.117628284 0.006725785 0.003697231 0.993028104
1341846659.966354 -0.028884595 -0.029635074 0.003283464 -0.112077199 0.006871647 0.004057448 0.993667543
1341846660.002267 -0.004224772 -0.031355336 0.006041858 -0.111441612 0.001055580 0.001041615 0.993769884
1341846660.034581 -0.012302095 -0.042174455 0.004788885 -0.111415811 0.001860811 0.000016415 0.993772149
1341846660.066206 -0.023496985 -0.074920505 -0.006839038 -0.113030590 -0.001732257 0.001175507 0.993589342
1341846660.102245 -0.013616989 -0.062840126 -0.007746191 -0.107237771 -0.006086672 -0.001384054 0.994213820
1341846660.140244 -0.014253009 -0.062386204 -0.011814903 -0.106349155 -0.005145528 -0.002364440 0.994312704
1341846660.202316 -0.021693558 -0.063273244 -0.009225848 -0.101562992 -0.011322982 -0.002890221 0.994760513
1341846660.234105 -0.008349117 -0.065215424 -0.003398793 -0.098666422 -0.012351315 -0.003500315 0.995037854
1341846660.270168 -0.013095986 -0.095139325 -0.003672810 -0.096375063 -0.012804280 -0.002362603 0.995259941
1341846660.302258 -0.040294446 -0.076843724 -0.004390884 -0.077988394 -0.013214573 -0.001443861 0.996865630
1341846660.334349 -0.029828109 -0.071538910 -0.011406764 -0.066007219 -0.015224579 -0.002803259 0.997699082
1341846660.370214 -0.038700350 -0.070182651 -0.009209227 -0.061461288 -0.012906753 -0.004025346 0.998017967
1341846660.401986 -0.044615544 -0.062975615 -0.013976802 -0.060318019 -0.014573632 -0.005254605 0.998059034
1341846660.438062 -0.029880326 -0.077556260 -0.008734277 -0.062120035 -0.017571200 -0.007623561 0.997884870
1341846660.470191 -0.032699209 -0.085574113 -0.005005239 -0.060528867 -0.017114405 -0.007465207 0.997991860
1341846660.502233 -0.032593440 -0.077744536 -0.008830459 -0.057334557 -0.019615309 -0.006073142 0.998143911
1341846660.537985 -0.024862844 -0.071374483 -0.010907967 -0.056427710 -0.021035312 -0.006341263 0.998165011
1341846660.570279 -0.027284950 -0.080677256 -0.010305561 -0.056647614 -0.019244930 -0.004174169 0.998200059
1341846660.602130 -0.039527625 -0.085686266 -0.014233035 -0.053232908 -0.020110002 -0.000167939 0.998379648
1341846660.638256 -0.024280958 -0.068367571 -0.014560985 -0.049866341 -0.024131881 -0.000741975 0.998464048
1341846660.670338 -0.017447321 -0.078128286 -0.016778259 -0.051991474 -0.021129332 -0.000554962 0.998423874
1341846660.706457 -0.031148333 -0.092637375 -0.011610076 -0.048923325 -0.018369999 0.002438405 0.998630702
1341846660.738241 -0.025773177 -0.065818779 -0.015208365 -0.037918456 -0.020546935 0.006579834 0.999047935
1341846660.770121 -0.015519476 -0.081642248 -0.019119760 -0.038402706 -0.017945167 0.004504971 0.999091089
1341846660.806117 -0.019533878 -0.096109986 -0.016344408 -0.035862289 -0.012440749 0.005370281 0.999264896
1341846660.838338 -0.030211776 -0.102169015 -0.009906087 -0.027148046 -0.011834594 0.008301607 0.999526918
1341846660.870203 -0.017700827 -0.098293051 -0.020728892 -0.018772125 -0.012166825 0.008074942 0.999717176
1341846660.906366 -0.008382484 -0.100965589 -0.017061617 -0.014091193 -0.007397360 0.007323806 0.999846578
1341846660.938063 -0.029456167 -0.094289295 -0.024105994 -0.001582529 -0.003419888 0.010549247 0.999937296
1341846660.974147 -0.021227758 -0.085872039 -0.031364016 0.011333331 -0.004767222 0.010577517 0.999868512
1341846661.006234 -0.010455783 -0.074648947 -0.030412456 0.016226400 -0.002061890 0.010895522 0.999806881
1341846661.038225 -0.023985146 -0.090411685 -0.032627143 0.017609455 0.000027507 0.013012842 0.999760270
1341846661.074059 -0.022395609 -0.098712228 -0.027683549 0.029631367 -0.002669123 0.012429013 0.999480069
1341846661.106184 -0.014414108 -0.079467721 -0.027598737 0.039428726 -0.001447249 0.012622352 0.999141693
1341846661.138209 -0.017917773 -0.067737430 -0.029554127 0.038820684 -0.000197533 0.011319627 0.999182105
1341846661.174244 -0.015701106 -0.084940650 -0.024573043 0.037630711 -0.000305635 0.010609497 0.999235332
1341846661.206205 -0.010682332 -0.091802225 -0.003937346 0.040671043 -0.001327191 0.009344971 0.999127984
1341846661.242184 -0.018054608 -0.067952469 -0.024602545 0.045146409 0.000846344 0.011769540 0.998910725
1341846661.274177 -0.009328201 -0.060868945 -0.028119432 0.044434093 0.000689833 0.010842347 0.998953283
1341846661.308814 -0.016227644 -0.084699452 -0.007148669 0.039400101 -0.000244279 0.008521238 0.999187171
1341846661.342489 -0.019437108 -0.085078597 -0.012278174 0.038610779 -0.000081946 0.008438618 0.999218702
1341846661.374640 -0.017576689 -0.092136174 -0.014682119 0.036843088 0.000258541 0.007378551 0.999293864
1341846661.410178 -0.020157566 -0.100603685 -0.006101880 0.040451828 -0.002236948 0.008250259 0.999144971
1341846661.442211 -0.001748116 -0.085778736 -0.008696279 0.045817528 -0.006206758 0.009823811 0.998882294
1341846661.474354 -0.002353061 -0.080548599 -0.022091994 0.045213845 -0.004648544 0.007149753 0.998940945
1341846661.510169 -0.013448634 -0.080088146 -0.020274481 0.043205332 -0.005575891 0.006949108 0.999026537
1341846661.542767 -0.020747462 -0.057950068 -0.029177709 0.040671870 -0.004163397 0.006484762 0.999142885
1341846661.574217 -0.025936756 -0.075911455 -0.022307513 0.036490899 -0.002630683 0.004785518 0.999319077
1341846661.610041 -0.035849918 -0.076031759 -0.018537339 0.039669666 -0.004926326 0.006035604 0.999182522
1341846661.642253 -0.024070788 -0.061556887 -0.021044061 0.040084753 -0.006789654 0.005364025 0.999158859
1341846661.678078 -0.028148973 -0.073524460 -0.022691663 0.037657052 -0.006755894 0.006101728 0.999249279
1341846661.710142 -0.035512909 -0.087840088 -0.020528229 0.039788198 -0.008008163 0.006866881 0.999152482
1341846661.742341 -0.045220163 -0.104546383 -0.026968785 0.045678761 -0.007541816 0.004638598 0.998916984
1341846661.778063 -0.029546553 -0.094775967 -0.028019786 0.057114147 -0.008987145 0.005065089 0.998314381
1341846661.810103 -0.018308626 -0.100268058 -0.023303937 0.063301027 -0.010601033 0.002287873 0.997935593
1341846661.842216 -0.018821571 -0.100029275 -0.028560963 0.071373716 -0.011072575 0.000529527 0.997388124
1341846661.878157 -0.016365578 -0.093588986 -0.026206912 0.076804109 -0.009669135 0.000050735 0.996999323
1341846661.910222 -0.016825331 -0.093183763 -0.021113839 0.078172125 -0.007180579 -0.001170349 0.996913373
1341846661.946090 -0.020792382 -0.094280623 -0.014331097 0.081825130 -0.006469089 -0.001317160 0.996624887
1341846662.010311 -0.030007878 -0.108879998 -0.021589305 0.095108621 -0.004883898 -0.004785501 0.995443463
1341846662.046195 -0.030441316 -0.112077288 -0.019171344 0.103831768 -0.007319317 -0.004686690 0.994556904
1341846662.078099 -0.030431826 -0.111677662 -0.028081093 0.110228546 -0.007413309 -0.005609442 0.993862808
1341846662.110672 -0.031237496 -0.112015575 -0.020545768 0.116859302 -0.004895805 -0.007853143 0.993105352
1341846662.146166 -0.033364739 -0.110038504 -0.024529288 0.125651464 -0.006618168 -0.004741202 0.992041051
1341846662.178168 -0.030426737 -0.106773004 -0.031694751 0.133596882 -0.007013773 -0.003821523 0.991003573
1341846662.214136 -0.030573960 -0.108286925 -0.024534063 0.145834267 -0.004800619 -0.003766849 0.989290237
1341846662.246167 -0.035488360 -0.109928757 -0.027811000 0.156565741 -0.006046478 0.001329023 0.987648129
1341846662.278007 -0.037112188 -0.110867016 -0.037409902 0.160822645 -0.004891139 -0.000100343 0.986971259
1341846662.314144 -0.035145178 -0.110845804 -0.031543482 0.166826934 -0.002946827 -0.000500031 0.985981643
1341846662.346164 -0.036577992 -0.110204771 -0.029833505 0.171839789 -0.004843800 0.000519795 0.985112906
1341846662.378069 -0.036994789 -0.111286625 -0.032708097 0.177917421 -0.004257854 0.000499058 0.984036088
1341846662.414229 -0.037806712 -0.112711415 -0.028147623 0.185300276 -0.002558369 0.002117120 0.982676327
1341846662.446102 -0.036039554 -0.112121068 -0.027953582 0.191823095 -0.004559215 0.002727868 0.981415153
1341846662.482229 -0.027818969 -0.111949436 -0.027207647 0.200109750 -0.005714746 0.003963626 0.979748785
1341846662.514117 -0.028177032 -0.114052668 -0.023034405 0.209185839 -0.004949606 0.006466868 0.977842033
1341846662.546261 -0.029189566 -0.107768096 -0.034807514 0.217662677 -0.004723231 0.005808478 0.975995362
1341846662.582101 -0.030844228 -0.108319297 -0.034929048 0.220088467 -0.003405310 0.005924438 0.975455999
1341846662.620264 -0.027310874 -0.113487035 -0.029434228 0.223774314 -0.003169621 0.008257160 0.974600911
1341846662.682024 -0.027848218 -0.111741923 -0.028852077 0.232110560 -0.003729451 0.006611502 0.972659826
1341846662.714075 -0.027596571 -0.113288581 -0.021464095 0.234177947 -0.002611546 0.007324423 0.972162724
1341846662.750127 -0.027614711 -0.113854334 -0.026258498 0.239131182 -0.004338155 0.009636123 0.970929801
1341846662.782002 -0.027942047 -0.118389361 -0.023599671 0.240917161 -0.004382552 0.008696343 0.970496893
1341846662.814097 -0.028218245 -0.115229785 -0.021978773 0.238038465 -0.005118896 0.008740284 0.971202970
1341846662.850193 -0.027951950 -0.115196720 -0.023109365 0.239798471 -0.006117193 0.009325402 0.970758677
1341846662.882162 -0.034487393 -0.112024985 -0.026212920 0.242487907 -0.006064591 0.007445894 0.970106900
1341846662.918191 -0.035719413 -0.109723613 -0.027643468 0.241314158 -0.006810312 0.006127333 0.970403850
1341846662.956034 -0.035869125 -0.111631595 -0.026754797 0.241489619 -0.006538020 0.005922222 0.970363379
1341846663.018208 -0.034652665 -0.111964792 -0.024444157 0.246937394 -0.010646726 0.007174122 0.968946397
1341846663.049994 -0.034641001 -0.111652441 -0.026465164 0.245927155 -0.010795492 0.005864709 0.969210505
1341846663.118078 -0.034013294 -0.113228381 -0.024805877 0.248273879 -0.010493601 0.004542188 0.968622446
1341846663.150227 -0.033421319 -0.112244621 -0.023006892 0.249414816 -0.009811132 0.002431394 0.968344033
1341846663.186300 -0.034627460 -0.111146532 -0.028324753 0.248689935 -0.008697641 0.001797540 0.968542457
1341846663.218442 -0.028637249 -0.110788256 -0.038586017 0.243258610 -0.009856893 0.003957907 0.969903350
1341846663.250380 -0.028247833 -0.109918013 -0.039492320 0.237572446 -0.009419823 0.002225768 0.971321642
1341846663.286056 -0.033945005 -0.107731409 -0.039481670 0.232779980 -0.008304002 0.002047995 0.972491860
1341846663.318060 -0.030637657 -0.104187436 -0.039187405 0.222887620 -0.010373778 0.008105808 0.974755287
1341846663.350114 -0.027140941 -0.107382767 -0.039824616 0.210888550 -0.011847407 0.005130907 0.977424920
1341846663.385985 -0.034208376 -0.110331222 -0.033773623 0.202830672 -0.011097109 0.002769513 0.979147077
1341846663.418056 -0.032713849 -0.102428310 -0.042883754 0.197757930 -0.014348306 0.005100188 0.980132639
1341846663.454044 -0.031735420 -0.085031435 -0.026823526 0.192151532 -0.016005637 0.005105364 0.981221497
1341846663.486091 -0.035019357 -0.076800674 -0.026040856 0.185150892 -0.016679462 0.007517468 0.982539833
1341846663.518394 -0.033555642 -0.077546537 -0.026226306 0.176539063 -0.018413235 0.008591236 0.984083891
1341846663.554251 -0.031822059 -0.070681393 -0.015520170 0.171461046 -0.018585388 0.007819573 0.984984577
1341846663.586143 -0.036405660 -0.068607666 -0.020098595 0.163058668 -0.018569980 0.008726884 0.986402988
1341846663.622145 -0.036164049 -0.065085813 -0.013976471 0.155884624 -0.020515859 0.008748096 0.987523496
1341846663.654099 -0.034198388 -0.058595978 -0.010867938 0.150063604 -0.021424547 0.007369337 0.988416731
1341846663.686099 -0.034368087 -0.042508323 -0.014754365 0.141848058 -0.021546271 0.008362507 0.989618599
1341846663.722109 -0.031880215 -0.073611140 -0.030198390 0.130155787 -0.021783428 0.006657605 0.991231859
1341846663.755694 -0.024294186 -0.067243278 -0.029098926 0.125759229 -0.021350399 0.007050501 0.991805971
1341846663.786304 -0.023347119 -0.037804183 -0.021322351 0.116349965 -0.019527789 0.004463441 0.993006229
1341846663.822090 -0.036809392 -0.041972380 -0.029544752 0.095809795 -0.017093653 0.003136586 0.995247960
1341846663.854115 -0.024958810 -0.068498909 -0.032834001 0.085676640 -0.018104812 0.003449656 0.996152520
1341846663.890140 -0.023397578 -0.029404026 -0.018192425 0.081324264 -0.016411815 0.003029994 0.996547997
1341846663.921987 -0.026399227 0.016721537 -0.037138276 0.065343812 -0.014565933 -0.000100708 0.997756481
1341846663.954282 -0.022008434 -0.029254848 -0.036185406 0.042608585 -0.014135791 -0.001825591 0.998990238
1341846663.990370 -0.009976869 -0.021193907 -0.037685353 0.034451496 -0.012623263 -0.001403075 0.999325693
1341846664.022124 -0.029062150 -0.006968474 -0.036134105 0.021296270 -0.007576547 -0.004696770 0.999733508
1341846664.054171 -0.017941333 -0.013685697 -0.033453558 0.005089999 -0.008104377 -0.005363960 0.999939859
1341846664.090250 -0.029194342 -0.024784125 -0.036314201 -0.007441620 -0.004655495 -0.007784566 0.999931157
1341846664.122237 -0.028542444 -0.029959466 -0.037315808 -0.013832949 -0.004255836 -0.007080121 0.999870241
1341846664.158241 -0.031752039 -0.017288964 -0.040728617 -0.017991122 -0.004681271 -0.007403542 0.999799788
1341846664.190141 -0.017707344 -0.005956377 -0.041314837 -0.026388550 -0.006114458 -0.008025805 0.999600828
1341846664.222189 -0.028895982 -0.021024048 -0.039862782 -0.037433982 -0.003120657 -0.008505437 0.999258041
1341846664.258172 -0.026106331 -0.027196947 -0.040299833 -0.042702913 -0.004105346 -0.008379642 0.999044299
1341846664.290022 -0.018778231 -0.023938105 -0.025659334 -0.047589432 -0.002844203 -0.007081625 0.998837888
1341846664.322491 -0.028164783 -0.020992139 -0.026196599 -0.057041477 0.000411640 -0.009149454 0.998329818
1341846664.358302 -0.031392004 -0.022685679 -0.028365135 -0.065874331 0.000817699 -0.008816713 0.997788727
1341846664.390101 -0.030931341 -0.020332856 -0.026133422 -0.073262490 0.000443269 -0.009904299 0.997263491
1341846664.426143 -0.032258794 -0.028207341 -0.023829265 -0.082879953 0.001659105 -0.009468013 0.996513247
1341846664.458304 -0.044283021 -0.007952119 -0.032379162 -0.088275462 0.004433553 -0.009160412 0.996044099
1341846664.490116 -0.035785601 -0.030015612 -0.028452167 -0.102213196 0.004817897 -0.010052207 0.994700134
1341846664.526173 -0.042126819 -0.032439079 -0.028857414 -0.111174822 0.006567182 -0.009140718 0.993737161
1341846664.558129 -0.037683580 -0.017308425 -0.025941653 -0.116391324 0.005629519 -0.008151100 0.993154049
1341846664.590129 -0.020029232 -0.029829297 -0.025730828 -0.126173154 0.005036856 -0.009243805 0.991952360
1341846664.626196 -0.028416744 -0.047691941 -0.025572279 -0.132412598 0.008309647 -0.008048463 0.991127253
1341846664.658276 -0.031625651 -0.054283764 -0.024488598 -0.130578220 0.008070970 -0.007175178 0.991379261
1341846664.694136 -0.029014328 -0.020944836 -0.033172149 -0.123094879 0.008563193 -0.008834304 0.992318630
1341846664.726667 -0.025057029 -0.038866259 -0.029584760 -0.129996657 0.011236993 -0.009692548 0.991403461
1341846664.758141 -0.031768683 -0.047974277 -0.027273234 -0.133299455 0.011934260 -0.008604513 0.990966618
1341846664.794104 -0.025498981 -0.047156449 -0.024986450 -0.134129032 0.009202937 -0.008542289 0.990884364
1341846664.826123 -0.024367835 -0.046854887 -0.027435467 -0.136548534 0.010550383 -0.008256126 0.990542829
1341846664.862093 -0.029740080 -0.048338942 -0.028623583 -0.138217434 0.010198182 -0.006957869 0.990325034
1341846664.894198 -0.027959399 -0.045065615 -0.027950324 -0.138163462 0.009471230 -0.005821477 0.990347087
1341846664.926270 -0.021518992 -0.041150495 -0.031213678 -0.138799787 0.011712628 -0.005625449 0.990235209
1341846664.962375 -0.031175125 -0.039352071 -0.032228816 -0.140709564 0.013523078 -0.005590414 0.989942789
1341846664.997077 -0.031917125 -0.033179246 -0.031485487 -0.141863167 0.013765727 -0.006633303 0.989768386
1341846665.026380 -0.023776975 -0.039687902 -0.034649316 -0.146025077 0.013359793 -0.007865145 0.989159465
1341846665.062417 -0.044960212 -0.038703546 -0.033656117 -0.147130013 0.017320551 -0.007782650 0.988934934
1341846665.094077 -0.034137074 -0.024091234 -0.037151724 -0.147042692 0.014795090 -0.007588183 0.988990426
1341846665.130160 -0.028259609 -0.023986220 -0.040611990 -0.152422205 0.017220873 -0.007433067 0.988137543
1341846665.162114 -0.041555811 -0.029165570 -0.036503144 -0.157206669 0.018674044 -0.005751826 0.987372458
1341846665.194100 -0.028110426 -0.031904388 -0.038671523 -0.159871116 0.014962294 -0.004658983 0.987013578
1341846665.230221 -0.026762761 -0.006335131 -0.056584992 -0.161346614 0.017883224 -0.006537642 0.986714125
1341846665.262005 -0.032397095 -0.001445578 -0.054818738 -0.170211300 0.019780446 -0.006839833 0.985185325
1341846665.300077 -0.023855878 -0.003635901 -0.056156270 -0.178431213 0.018234214 -0.006453816 0.983762324
1341846665.362294 -0.039548352 -0.007014018 -0.057202786 -0.188877583 0.025556682 -0.007044059 0.981642783
1341846665.398079 -0.028937321 0.006899779 -0.060441982 -0.189581960 0.020761101 -0.007122501 0.981619596
1341846665.430162 -0.015276238 0.008945202 -0.068996869 -0.198893428 0.020633506 -0.011533399 0.979736090
1341846665.462226 -0.036135681 0.005615411 -0.066992365 -0.209946811 0.028163094 -0.010371481 0.977252126
1341846665.498226 -0.035293963 -0.003736093 -0.059444483 -0.217733100 0.025707461 -0.009215076 0.975626230
1341846665.530109 -0.024242053 -0.018843517 -0.060564313 -0.221624061 0.023415083 -0.009422770 0.974805474
1341846665.562222 -0.019145038 -0.011959448 -0.062373862 -0.221091256 0.024435142 -0.007635154 0.974917173
1341846665.598196 -0.028651172 -0.004203808 -0.067435473 -0.221100852 0.024779428 -0.006940776 0.974911451
1341846665.630107 -0.023620589 -0.002190719 -0.069464520 -0.224275246 0.024597958 -0.008584023 0.974177539
1341846665.666289 -0.028157972 -0.003054037 -0.068393059 -0.228817344 0.027943056 -0.009149632 0.973025262
1341846665.698060 -0.024505431 -0.013206378 -0.066406250 -0.233769968 0.025924606 -0.007962595 0.971913636
1341846665.730361 -0.024565665 0.001395437 -0.073673323 -0.233662397 0.025339819 -0.010168339 0.971934378
1341846665.766193 -0.017802900 0.003482204 -0.077648446 -0.237600505 0.026376171 -0.009167993 0.970961571
1341846665.798338 -0.027149864 0.007819279 -0.081017435 -0.239936873 0.029169593 -0.007399810 0.970322013
1341846665.834237 -0.024935331 -0.005838996 -0.079708509 -0.246787637 0.028846392 -0.009221112 0.968596280
1341846665.866106 -0.045542799 -0.006101570 -0.093997128 -0.252926916 0.035852250 -0.010421979 0.966764688
1341846665.898073 -0.030323623 0.003356562 -0.098507755 -0.258312166 0.036031347 -0.010161643 0.965335846
1341846665.934076 -0.029460093 0.003267181 -0.100708492 -0.263499528 0.034849357 -0.008262584 0.963994443
1341846665.966137 -0.041208763 -0.005319353 -0.096865140 -0.269769043 0.037447624 -0.008594288 0.962158263
1341846665.998149 -0.035136726 -0.004312582 -0.098257385 -0.273806483 0.039800975 -0.008193106 0.960925996
1341846666.034210 -0.043095343 0.012293993 -0.104439571 -0.270618051 0.039791405 -0.006099030 0.961844742
1341846666.072502 -0.052930333 0.000496670 -0.103062704 -0.274325430 0.041067567 -0.005964564 0.960741162
1341846666.134147 -0.040625043 0.003063370 -0.107216872 -0.281977683 0.041565374 -0.005854295 0.958502352
1341846666.166356 -0.048167586 0.003887041 -0.106648870 -0.283379406 0.041690871 -0.005754913 0.958083987
1341846666.202327 -0.049501602 -0.002161842 -0.107745886 -0.286761075 0.044495296 -0.006995733 0.956942737
1341846666.234319 -0.037010152 0.003428601 -0.109945171 -0.288443089 0.040527143 -0.006270154 0.956618488
1341846666.266322 -0.062489852 -0.009663787 -0.113839224 -0.295908242 0.043221310 -0.005210852 0.954223812
1341846666.302195 -0.073187716 -0.023045626 -0.114439905 -0.309736252 0.047551889 -0.006845296 0.949608088
1341846666.335080 -0.073026694 -0.013726091 -0.117033571 -0.318590641 0.047737554 -0.006849053 0.946664810
1341846666.370216 -0.064320378 0.014319627 -0.126162156 -0.319809437 0.042798262 -0.004036191 0.946506202
1341846666.402019 -0.068207964 0.009404508 -0.126151025 -0.327051252 0.044222184 -0.001828840 0.943969607
1341846666.434088 -0.061767753 0.031431779 -0.133654490 -0.328475416 0.044644043 0.000603076 0.943456709
1341846666.470060 -0.069474354 0.034461334 -0.133669078 -0.329725593 0.043477621 0.003886463 0.943067193
1341846666.502190 -0.071062341 0.000542935 -0.124876536 -0.342060834 0.044484742 0.006784292 0.938599765
1341846666.534121 -0.061641946 -0.016714189 -0.114872657 -0.356813818 0.045684520 0.006865563 0.933032572
1341846666.570131 -0.068811379 -0.012857055 -0.117529742 -0.363742799 0.046545848 0.007564882 0.930305123
1341846666.602180 -0.062843554 -0.015129535 -0.115318216 -0.370777637 0.044873942 0.010913688 0.927572787
1341846666.638072 -0.081311464 0.022219012 -0.138902798 -0.369699568 0.049928024 0.011202551 0.927741349
1341846666.670134 -0.090879254 0.020813679 -0.133945495 -0.373398989 0.050191071 0.011385938 0.926242173
1341846666.738266 -0.083305761 0.021874411 -0.136933789 -0.378031582 0.046373144 0.013649975 0.924529850
1341846666.770390 -0.088764451 0.020888815 -0.136153519 -0.380344003 0.045330804 0.015795752 0.923598468
1341846666.802119 -0.087331042 0.019698475 -0.138795629 -0.381729990 0.042047843 0.018853623 0.923124492
1341846666.838108 -0.081261717 0.033300202 -0.147617042 -0.380797803 0.039769344 0.021060877 0.923562586
1341846666.870483 -0.084634632 0.037578344 -0.151648208 -0.382550865 0.040228039 0.021365095 0.922810972
1341846666.906019 -0.085901208 0.037833415 -0.154370829 -0.385406554 0.039519936 0.021833677 0.921641648
1341846666.937989 -0.078537136 0.036521628 -0.154321074 -0.389568359 0.036062002 0.021945199 0.920029581
1341846666.970036 -0.075992323 0.036487930 -0.156264931 -0.393131226 0.035236366 0.020653512 0.918574810
1341846667.006200 -0.091993250 0.031653639 -0.156593099 -0.396341354 0.038225766 0.018096371 0.917128623
1341846667.038153 -0.094947197 0.043253627 -0.168437749 -0.396100581 0.034763806 0.018753722 0.917357147
1341846667.074153 0.104096912 0.069824293 -0.159271672 -0.400350451 -0.002956344 0.018817579 0.916164100
1341846667.106156 0.104766019 0.080877475 -0.164023042 -0.404770285 -0.001559299 0.015572343 0.914284468
1341846667.138108 0.103929691 0.070265606 -0.160176724 -0.406083792 -0.005480918 0.014920807 0.913697600
1341846667.174105 0.121974461 0.079092838 -0.162658468 -0.402946711 -0.009493850 0.012399238 0.915090263
1341846667.206107 0.117329068 0.066926748 -0.163546532 -0.403134048 -0.005772514 0.009257587 0.915075898
1341846667.238075 0.163238198 0.098510325 -0.168378547 -0.393557429 -0.014844569 0.008244607 0.919143200
1341846667.274016 0.194169223 0.094098970 -0.169276997 -0.387298256 -0.021236351 0.005894944 0.921691060
1341846667.306189 0.211761668 0.054237258 -0.149758279 -0.385217786 -0.021730104 0.000381148 0.922569752
1341846667.342253 0.258143961 0.055184297 -0.136425644 -0.372788727 -0.033182260 0.001383247 0.927321732
1341846667.374345 0.255346894 0.085005298 -0.158916146 -0.356523871 -0.034184724 -0.002466482 0.933657408
1341846667.406982 0.206621185 0.008843943 -0.136261865 -0.363919169 -0.022859359 -0.008405153 0.931112111
1341846667.442109 0.243332967 0.061060671 -0.144575253 -0.342757642 -0.030328119 -0.006130965 0.938914180
1341846667.474109 0.221031532 0.011676589 -0.139245749 -0.338062525 -0.027904712 -0.007678856 0.940678537
1341846667.506006 0.218675211 0.016413948 -0.149621442 -0.323000818 -0.026342461 -0.013062543 0.945941806
1341846667.542298 0.196090370 -0.051713631 -0.128789291 -0.321141332 -0.025233887 -0.012704427 0.946609795
1341846667.574196 0.210661888 -0.018374369 -0.132327273 -0.299079329 -0.030417887 -0.012285552 0.953664243
1341846667.610099 0.213791743 0.018049488 -0.150613725 -0.282142967 -0.028038323 -0.014131027 0.958858430
1341846667.642293 0.225852698 0.025881853 -0.151127160 -0.272361159 -0.030696047 -0.012235872 0.961627483
1341846667.674072 0.201015502 0.027566906 -0.158815905 -0.267612875 -0.026552947 -0.013695173 0.963063240
1341846667.710179 0.188785970 -0.005901109 -0.143699273 -0.273977637 -0.021944469 -0.016621104 0.961342037
1341846667.742255 0.211105540 0.004238282 -0.141529828 -0.267840803 -0.025196237 -0.015407983 0.963010430
1341846667.774114 0.206921116 0.014624546 -0.151735529 -0.257297963 -0.025696475 -0.014491683 0.965881705
1341846667.810099 0.196562156 0.006811008 -0.153776422 -0.254363358 -0.020348011 -0.017165991 0.966742277
1341846667.842103 0.179520234 0.015503714 -0.148199558 -0.247346774 -0.015559501 -0.018871797 0.968618274
1341846667.878139 0.200094104 0.018329231 -0.150009409 -0.237328425 -0.020281367 -0.016019313 0.971085668
1341846667.910558 0.208893895 0.017640188 -0.155032530 -0.231300220 -0.018398423 -0.018284082 0.972536623
1341846667.942116 0.183471322 -0.001508790 -0.141937062 -0.229915366 -0.010662061 -0.017922884 0.972987175
1341846667.978287 0.193611547 0.017887065 -0.143245906 -0.218002126 -0.012940436 -0.016989442 0.975714684
1341846668.010215 0.177348346 0.007109706 -0.143626869 -0.212381259 -0.006680096 -0.018602941 0.976986945
1341846668.046247 0.178601757 0.015925959 -0.141138017 -0.201830938 -0.003621368 -0.018672112 0.979235709
1341846668.078111 0.181320623 0.016008232 -0.137068480 -0.192678124 -0.004213228 -0.016035536 0.981121957
1341846668.110130 0.173570499 0.008778992 -0.135240123 -0.186122552 0.000054079 -0.017009346 0.982379317
1341846668.146332 0.164194822 0.009701526 -0.136825934 -0.177635029 0.004156337 -0.017044613 0.983940065
1341846668.178208 0.168356195 0.023905618 -0.137675688 -0.163268358 0.001130560 -0.013566181 0.986487865
1341846668.211262 0.167424858 -0.000487652 -0.121842347 -0.156041682 0.001149365 -0.013769578 0.987653911
1341846668.246163 0.160926923 -0.003850980 -0.126733124 -0.142976969 0.003333895 -0.012105942 0.989646435
1341846668.278397 0.158021867 0.007319707 -0.125273481 -0.128186345 0.001727352 -0.007578020 0.991719723
1341846668.314248 0.163177535 0.013722170 -0.124919556 -0.116719268 0.000467846 -0.009502070 0.993119419
1341846668.346231 0.142645612 0.005542832 -0.136334226 -0.111371920 0.005418636 -0.007707779 0.993734181
1341846668.378099 0.152141243 0.005865417 -0.133247465 -0.105593994 0.002334965 -0.004596781 0.994396031
1341846668.414247 0.144483745 -0.003999562 -0.124281049 -0.100663483 0.004473523 -0.005405669 0.994895816
1341846668.445965 0.142497674 -0.006307003 -0.123049036 -0.092673227 0.005058510 -0.002417710 0.995680809
1341846668.478153 0.125003994 -0.097746231 -0.105417423 -0.090750180 0.005139523 0.003934026 0.995852649
1341846668.514213 0.145170614 -0.090958416 -0.114706174 -0.073814251 0.001975646 0.003099487 0.997265279
1341846668.546115 0.141161680 -0.106174573 -0.119037047 -0.069722205 0.002527048 0.002942997 0.997558951
1341846668.582467 0.144711882 -0.092506930 -0.117184803 -0.060438074 0.000638032 -0.001592013 0.998170495
1341846668.614140 0.131876573 -0.111188032 -0.105959699 -0.049028561 0.004912600 -0.002488727 0.998782277
1341846668.646312 0.132633641 -0.103481874 -0.110373020 -0.035253584 0.003478063 -0.000382208 0.999372303
1341846668.682455 0.116768897 -0.094588265 -0.100872114 -0.026683854 0.004234944 -0.002253428 0.999632478
1341846668.714133 0.119679131 -0.110223733 -0.095417231 -0.016994098 0.000421089 -0.004831994 0.999843836
1341846668.746132 0.161462218 -0.085715093 -0.114381030 -0.003631850 -0.008876501 -0.002016824 0.999951959
1341846668.782338 0.146726131 -0.026717480 -0.121575460 0.006032079 -0.007272989 -0.006959877 0.999931157
1341846668.814140 0.140218139 -0.026500845 -0.116580836 0.004883321 -0.005596354 -0.006871020 0.999948859
1341846668.850214 0.138172314 -0.042936139 -0.115134120 0.000741639 -0.006543111 -0.008246413 0.999944329
1341846668.882442 0.122819319 -0.010727536 -0.115990199 0.004332207 -0.004785477 -0.010252273 0.999926686
1341846668.914289 0.130393028 -0.032798309 -0.113955893 -0.000188730 -0.007468573 -0.011742261 0.999903202
1341846668.950088 0.137789637 -0.024522675 -0.110612407 0.002757361 -0.013260460 -0.014595192 0.999801815
1341846668.982227 0.124201320 -0.008787948 -0.121560432 0.000924279 -0.013203485 -0.019165391 0.999728799
1341846669.014062 0.133389667 -0.023061821 -0.122555055 -0.009636343 -0.016287034 -0.025176272 0.999503970
1341846669.050056 0.110696547 -0.025879828 -0.111738078 -0.014410991 -0.016989451 -0.032548662 0.999221861
1341846669.082525 0.121124521 -0.025055828 -0.121483162 -0.019012403 -0.022418557 -0.036737952 0.998892546
1341846669.118346 0.142449230 -0.016368380 -0.121624202 -0.026557080 -0.027156524 -0.045323219 0.998250067
1341846669.150086 0.106930569 -0.029486867 -0.122865632 -0.034545440 -0.024480915 -0.056212142 0.997520745
1341846669.182477 0.118716478 -0.011875249 -0.120529130 -0.033004247 -0.030252079 -0.061426509 0.997107029
1341846669.218046 0.124241151 0.006554664 -0.123791046 -0.036783565 -0.030430859 -0.069837108 0.996415496
1341846669.250205 0.104858316 -0.013402642 -0.116636336 -0.045256101 -0.029958175 -0.075016409 0.995704234
1341846669.286114 0.092712700 -0.027559992 -0.113677286 -0.049255617 -0.030018885 -0.080540687 0.995080948
1341846669.318030 0.129219592 -0.012066323 -0.118159361 -0.047545865 -0.034413218 -0.085666835 0.994593561
1341846669.350255 0.086152434 -0.028184317 -0.126979068 -0.052346427 -0.029696045 -0.091575854 0.993977845
1341846669.418200 0.129927620 0.004029518 -0.121536158 -0.054745249 -0.040188551 -0.112390444 0.991340697
1341846669.450219 0.101802789 0.003038453 -0.120953366 -0.058783442 -0.037184268 -0.124223873 0.989813268
1341846669.486175 0.133895233 0.011928624 -0.127294838 -0.059844274 -0.044775609 -0.134573221 0.988080919
1341846669.518033 0.124761820 0.018044358 -0.129277810 -0.065528333 -0.040866897 -0.147945151 0.985975802
1341846669.554159 0.109947965 0.014944697 -0.119512670 -0.071585655 -0.037716530 -0.157513693 0.984196365
1341846669.586348 0.067417651 0.049167022 -0.134380683 -0.070934400 -0.029517896 -0.167972803 0.982793093
1341846669.617976 -0.125110060 0.044698533 -0.144538581 -0.086105667 0.006117017 -0.182326257 0.979441464
1341846669.654096 -0.149776146 0.030062096 -0.140623868 -0.093360573 0.012805522 -0.190671846 0.977120280
1341846669.686069 -0.149682432 0.052758887 -0.129530981 -0.089930452 0.015008289 -0.195785582 0.976399183
1341846669.718075 -0.131683767 0.046913680 -0.159292594 -0.093210533 0.013588091 -0.204583004 0.974306405
1341846669.754171 -0.126512647 0.052920371 -0.153685510 -0.098752975 0.016473176 -0.212846607 0.971942842
1341846669.786139 -0.121652275 0.029639233 -0.153009638 -0.106805339 0.016628034 -0.220526844 0.969373047
1341846669.822151 -0.141153917 0.045099750 -0.156262353 -0.107907519 0.021672864 -0.230223984 0.966893613
1341846669.854118 -0.125243977 0.056851510 -0.161268368 -0.110817634 0.021319114 -0.236178398 0.965134621
1341846669.886219 -0.125412554 0.049750060 -0.144349605 -0.118011050 0.024149721 -0.245227501 0.961953044
1341846669.922050 -0.147270292 0.047326975 -0.138367549 -0.122076645 0.029203858 -0.254453599 0.958904505
1341846669.954047 -0.142933756 0.038685761 -0.159891769 -0.127276495 0.029977096 -0.260780901 0.956501663
1341846669.986285 -0.144851133 0.042676792 -0.171811312 -0.134309798 0.033975903 -0.270782888 0.952619135
1341846670.022242 -0.205272630 0.023188479 -0.155790865 -0.143873274 0.046687845 -0.280419469 0.947884858
1341846670.054135 -0.190748066 0.033416785 -0.167771518 -0.144458681 0.047841787 -0.285988241 0.946072757
1341846670.090228 -0.195784092 0.026477166 -0.175185695 -0.151211545 0.051397279 -0.297055185 0.941409409
1341846670.121996 -0.118373983 0.041867748 -0.171194583 -0.148635268 0.044481523 -0.307335317 0.938868463
1341846670.154057 -0.131888717 0.033336200 -0.162580609 -0.155285060 0.051280335 -0.315748811 0.934644103
1341846670.190103 -0.131272301 0.042098664 -0.155997634 -0.158046708 0.054833706 -0.325836152 0.930508137
1341846670.222197 -0.111533657 0.061266087 -0.159816697 -0.155605763 0.057204831 -0.338929385 0.926089346
1341846670.258571 -0.106327921 0.043307640 -0.171615228 -0.159419551 0.060384706 -0.345850587 0.922673583
1341846670.290254 -0.142129123 0.032841220 -0.166431740 -0.164946318 0.067624874 -0.351085424 0.919216335
1341846670.358377 -0.222318083 0.042215202 -0.166524842 -0.165935278 0.095152296 -0.367902666 0.909977615
1341846670.390114 -0.131315634 0.055322267 -0.163950980 -0.156281829 0.089143269 -0.374009937 0.909805477
1341846670.422206 -0.097301029 0.056903902 -0.152789503 -0.149512887 0.091020420 -0.382961661 0.907029033
1341846670.464003 -0.108352102 0.024688734 -0.172869965 -0.148141712 0.099147461 -0.393045664 0.902074754
1341846670.526271 -0.112852611 0.053241078 -0.179357067 -0.137062669 0.117932536 -0.404195309 0.896622479
1341846670.566977 -0.115939111 0.047766462 -0.177392215 -0.135741919 0.122163363 -0.410145938 0.893549502
1341846670.596103 -0.135725707 0.040068708 -0.170102805 -0.135552958 0.128349632 -0.418172866 0.888978779
1341846670.628412 -0.115283281 0.034484096 -0.176314741 -0.132189080 0.127713680 -0.421305031 0.888097644
1341846670.664027 -0.116645448 0.048928224 -0.183354095 -0.125739545 0.132810488 -0.424502313 0.886763096
1341846670.696002 -0.156755924 0.053136781 -0.155344546 -0.121135734 0.145007834 -0.433052778 0.881342232
1341846670.728093 -0.141639456 0.058424797 -0.157733172 -0.112608604 0.148444876 -0.440467626 0.878220797
1341846670.764128 -0.146009922 0.039770789 -0.181055069 -0.111134455 0.153205112 -0.444743693 0.875431538
1341846670.796059 -0.148027152 0.035293341 -0.187962502 -0.105692245 0.160303146 -0.450069129 0.872106552
1341846670.832246 -0.153741270 0.032893576 -0.168609068 -0.097645245 0.165217727 -0.451471806 0.871402144
1341846670.863970 -0.146462679 0.028096337 -0.174381465 -0.093834944 0.165094212 -0.448645711 0.873301804
1341846670.896139 -0.130680531 0.031000659 -0.188157111 -0.085665360 0.168246567 -0.449526012 0.873086989
1341846670.932028 -0.130042821 0.035934228 -0.180546016 -0.073967785 0.175445274 -0.443986684 0.875570416
1341846670.964063 -0.126968190 0.032905441 -0.162494466 -0.062728286 0.174533784 -0.439858347 0.878708065
1341846671.000270 -0.155155882 0.023383584 -0.180698916 -0.058062356 0.178371921 -0.441169143 0.877600133
1341846671.032112 -0.150994748 0.026833817 -0.171314493 -0.049246702 0.185422033 -0.445051104 0.874713063
1341846671.064030 -0.144271657 0.020094492 -0.165913641 -0.041262466 0.187057808 -0.447343379 0.873607874
1341846671.101398 -0.134408459 0.026590072 -0.176665261 -0.032071471 0.186670199 -0.452902645 0.871208906
1341846671.132289 -0.129973829 0.031848662 -0.183619693 -0.019687418 0.188793525 -0.460031360 0.867375672
1341846671.168159 -0.124388330 0.013799526 -0.172812596 -0.009761003 0.184846729 -0.463361979 0.866621077
1341846671.200149 -0.123381406 0.015940424 -0.188431159 0.002662732 0.179209307 -0.465358406 0.866786301
1341846671.232280 -0.121890575 0.008977879 -0.223235980 0.011803277 0.178288206 -0.470516264 0.864111364
1341846671.268147 -0.106723748 0.025205981 -0.222905934 0.026334539 0.179282665 -0.470744371 0.863460481
1341846671.300337 -0.112354934 0.010607649 -0.190193474 0.032783281 0.175424457 -0.473066151 0.862762988
1341846671.336125 -0.133986652 -0.004207775 -0.204253197 0.034810755 0.174887821 -0.478945613 0.859542668
1341846671.368236 -0.132935226 -0.010380790 -0.202101856 0.041094668 0.174984813 -0.483770370 0.856538236
1341846671.400327 -0.128384173 -0.009762876 -0.202397540 0.046919186 0.170129851 -0.485783547 0.856077552
1341846671.436064 -0.135017872 -0.009513535 -0.199351355 0.051562063 0.167819560 -0.490802079 0.853399813
1341846671.468197 -0.134043410 -0.009785593 -0.198288307 0.056605514 0.167148709 -0.494995922 0.850785613
1341846671.504294 -0.121455751 -0.005204938 -0.189616442 0.061393481 0.159051999 -0.502029002 0.847879887
1341846671.536197 -0.134671226 -0.007840768 -0.198456481 0.065007076 0.152897775 -0.510098398 0.843917072
1341846671.568120 -0.132203519 -0.009993106 -0.196511820 0.072242349 0.149174884 -0.517466128 0.839497924
1341846671.604188 -0.126018435 -0.008114174 -0.194455788 0.077742748 0.144190684 -0.523332715 0.836234391
1341846671.636057 -0.138569966 -0.013682872 -0.192030147 0.083564192 0.135125801 -0.529129148 0.833534837
1341846671.672157 -0.132925481 -0.011623874 -0.207813069 0.094793737 0.125419676 -0.533308864 0.831183374
1341846671.704027 -0.131669283 -0.015788667 -0.217506051 0.095708594 0.121686891 -0.535528362 0.830205739
1341846671.736479 -0.127961949 -0.016305044 -0.222932458 0.095537446 0.117710710 -0.541196764 0.827117264
1341846671.774745 -0.163454980 -0.027521580 -0.206687912 0.093593173 0.116593957 -0.549660563 0.821899891
1341846671.804605 -0.162147045 -0.026398227 -0.216703251 0.095497608 0.111869641 -0.552249968 0.820600629
1341846671.840252 -0.177347228 -0.035123438 -0.227608472 0.093313500 0.108553804 -0.559121847 0.816634178
1341846671.872106 -0.168596148 -0.028381914 -0.213112280 0.096523248 0.106056176 -0.561803877 0.814746439
1341846671.904035 -0.163772911 -0.023534641 -0.213859141 0.097135246 0.103480116 -0.563893914 0.813560307
1341846671.972239 -0.172580540 -0.024632871 -0.212415218 0.094888449 0.102520324 -0.575626075 0.805692494
1341846672.034218 -0.166868821 -0.026159570 -0.213835001 0.093557008 0.096801750 -0.585607171 0.799337685
1341846672.066227 -0.167537630 -0.022949740 -0.219809204 0.093405992 0.097037300 -0.592217922 0.794441342
1341846672.098024 -0.170690686 -0.025759682 -0.211083665 0.092177585 0.094552435 -0.595256627 0.792611301
1341846672.134061 -0.167740196 -0.024070084 -0.213889599 0.092461348 0.091750965 -0.600957215 0.788595736
1341846672.166000 -0.165808007 -0.027259007 -0.226318717 0.091634110 0.091291741 -0.605513990 0.785252810
1341846672.198405 -0.170123473 -0.027030692 -0.218676463 0.090944886 0.091423579 -0.608822167 0.782755673
1341846672.234130 -0.172925338 -0.028630525 -0.216097295 0.091898963 0.088473022 -0.612608790 0.780024171
1341846672.266403 -0.174599230 -0.028371379 -0.225000620 0.094481900 0.087660424 -0.616333187 0.776866913
1341846672.302710 -0.163641304 -0.025834113 -0.216905922 0.094806835 0.085987210 -0.616354525 0.776997387
1341846672.335022 -0.168532908 -0.027042732 -0.224756315 0.092403121 0.084730700 -0.619723439 0.774742067
1341846672.366487 -0.171167329 -0.027062833 -0.218704671 0.093050256 0.085260823 -0.623034596 0.771945655
1341846672.402478 -0.167183265 -0.026246697 -0.223133489 0.094616808 0.085205726 -0.622007608 0.772589266
1341846672.434330 -0.168311819 -0.025433287 -0.215185821 0.093833879 0.085465156 -0.620532274 0.773841500
1341846672.472323 -0.164279580 -0.025731415 -0.209510192 0.094558738 0.084766872 -0.619783401 0.774430037
1341846672.534812 -0.159976080 -0.024807945 -0.216008648 0.094453461 0.081904501 -0.616999388 0.776969790
1341846672.570153 -0.165006131 -0.023750558 -0.214247137 0.090932839 0.081423327 -0.617356539 0.777156651
1341846672.608881 -0.170261770 -0.022387460 -0.203586206 0.091203116 0.080045618 -0.616449714 0.777987421
1341846672.640836 -0.163506657 -0.017580360 -0.202833027 0.091060460 0.077234223 -0.611724377 0.782007754
1341846672.708152 -0.170323476 -0.023177475 -0.197411880 0.089563370 0.073618807 -0.600630760 0.791076124
1341846672.770288 -0.167985082 -0.024698988 -0.200951830 0.091986746 0.067203328 -0.580324292 0.806378305
1341846672.803280 -0.173452243 -0.022698984 -0.197550669 0.093639687 0.064662673 -0.571042955 0.812994719
1341846672.838034 -0.164941519 -0.021934390 -0.192556202 0.094986431 0.059874527 -0.559890211 0.820923626
1341846672.870092 -0.167882204 -0.020295069 -0.198442146 0.095402919 0.055882309 -0.553159416 0.825705945
1341846672.902275 -0.168858737 -0.020303220 -0.190241367 0.095452130 0.052575663 -0.546175957 0.830551982
1341846672.938315 -0.162061661 -0.016671926 -0.187913358 0.095481500 0.047869150 -0.536096036 0.837372661
1341846672.970326 -0.158785790 -0.018317133 -0.196011409 0.093393326 0.043755408 -0.527559519 0.843234301
1341846673.008221 -0.157122627 -0.016699642 -0.196907207 0.091943465 0.040791597 -0.518698812 0.849019408
1341846673.070235 -0.158187464 -0.021774322 -0.193375528 0.085341908 0.036618214 -0.499096185 0.861556113
1341846673.106189 -0.159863442 -0.020983405 -0.185660958 0.086569004 0.033449575 -0.485627532 0.869225383
1341846673.138104 -0.158123940 -0.018720992 -0.188216776 0.088233620 0.028966067 -0.472104520 0.876637459
1341846673.170298 -0.157616019 -0.018849984 -0.182886392 0.088341616 0.025307469 -0.462389797 0.881901979
1341846673.206489 -0.165472582 -0.023107558 -0.181366682 0.089623004 0.022159375 -0.453498602 0.886462510
1341846673.238153 -0.161897019 -0.023493864 -0.184712097 0.091863982 0.016708823 -0.442810506 0.891740322
1341846673.274220 -0.165289924 -0.024227992 -0.178504184 0.093454316 0.014086757 -0.435436606 0.895244598
1341846673.306107 -0.160026133 -0.025246941 -0.183041558 0.096862979 0.010272820 -0.426050752 0.899440348
1341846673.338187 -0.163039252 -0.025775537 -0.179138497 0.099254213 0.006516636 -0.415425420 0.904172480
1341846673.374098 -0.168053761 -0.029166948 -0.180439055 0.102005206 0.004174872 -0.406473130 0.907941163
1341846673.406266 -0.167912081 -0.030269004 -0.178147167 0.104954340 0.001977651 -0.394617647 0.912829518
1341846673.438267 -0.166874871 -0.026098523 -0.172241867 0.108845674 -0.002256639 -0.382626474 0.917466402
1341846673.474135 -0.164173797 -0.027582526 -0.177706927 0.113204703 -0.005944018 -0.368030965 0.922877371
1341846673.506260 -0.163959086 -0.029030643 -0.173551723 0.115801200 -0.009777276 -0.353377700 0.928234220
1341846673.542168 -0.166282564 -0.024508003 -0.173180014 0.116320871 -0.014849158 -0.340512484 0.932898879
1341846673.574072 -0.165344790 -0.023507275 -0.173944667 0.115633547 -0.018693848 -0.329776078 0.936764240
1341846673.606102 -0.166225404 -0.018951267 -0.168242782 0.115794525 -0.023593491 -0.318956345 0.940373242
1341846673.648026 -0.158569589 -0.015849313 -0.174467236 0.113747083 -0.030923953 -0.306970268 0.944391131
1341846673.710162 -0.167012766 -0.014306122 -0.174631327 0.103896186 -0.040505588 -0.284148157 0.952273428
1341846673.742225 -0.157164797 -0.008457167 -0.171656638 0.100460611 -0.048566967 -0.266838729 0.957259655
1341846673.774298 -0.164011836 -0.010122154 -0.172711536 0.097387113 -0.054542255 -0.254970670 0.960484684
1341846673.810154 -0.167861074 -0.006592864 -0.170592889 0.094894841 -0.060298361 -0.238579094 0.964592755
1341846673.842305 -0.170808449 -0.000891525 -0.167984739 0.092130817 -0.066856742 -0.224848315 0.967721760
1341846673.874285 -0.163384914 0.002695933 -0.166812912 0.088642582 -0.072139889 -0.214614600 0.969989181
1341846673.910253 -0.166212797 0.006542783 -0.162374288 0.083076701 -0.074890129 -0.202038512 0.972969770
1341846673.942284 -0.169377893 0.003717860 -0.160060361 0.080158770 -0.078601509 -0.193395123 0.974676788
1341846673.978434 -0.167255789 -0.006185461 -0.159492210 0.078217439 -0.079765245 -0.184685677 0.976427555
1341846674.016486 -0.169001073 -0.001749704 -0.160154879 0.080385238 -0.079201169 -0.175772935 0.977941334
1341846674.052060 -0.173564211 -0.005240990 -0.167736590 0.079659142 -0.079634681 -0.165571466 0.979744256
1341846674.084057 -0.157158539 -0.004826428 -0.171446621 0.080383077 -0.081703216 -0.155772656 0.981120825
1341846674.152235 -0.174311340 -0.000186931 -0.167893320 0.072241522 -0.078854918 -0.142393127 0.984015942
1341846674.210322 -0.156618446 0.014240094 -0.176031172 0.067445837 -0.078414455 -0.125426844 0.986696720
1341846674.246217 -0.168309629 0.009433388 -0.165711299 0.062068582 -0.077746294 -0.118226416 0.987990677
1341846674.278035 -0.169333085 -0.000561288 -0.164500728 0.061408974 -0.079819843 -0.108435616 0.988989174
1341846674.310117 -0.166736186 0.011896408 -0.169313237 0.062408369 -0.080916300 -0.100095391 0.989716470
1341846674.346212 -0.162792921 0.008358948 -0.164714992 0.059060235 -0.081383675 -0.091752194 0.990691721
1341846674.378058 -0.162777334 0.003499260 -0.154002324 0.059439782 -0.080737889 -0.081016555 0.991657495
1341846674.410162 -0.162838772 0.012782370 -0.172408625 0.060106780 -0.080755368 -0.072910085 0.992244959
1341846674.446125 -0.157512873 0.010684229 -0.175796866 0.057193115 -0.080905244 -0.066546366 0.992851913
1341846674.478198 -0.160311088 0.006319678 -0.164354324 0.057302773 -0.080161564 -0.061217692 0.993248701
1341846674.514124 -0.164223552 0.012340555 -0.179727435 0.057371587 -0.079370774 -0.057410073 0.993535578
1341846674.546062 -0.163939655 0.013211991 -0.161049262 0.056296181 -0.080661796 -0.051952600 0.993793428
1341846674.578094 -0.157355219 0.010197978 -0.167531565 0.056187559 -0.080570526 -0.047645491 0.994022846
1341846674.614179 -0.161380127 0.012978015 -0.178492442 0.054664649 -0.078313127 -0.043266587 0.994488299
1341846674.682209 -0.159737378 0.008309248 -0.156344071 0.056283858 -0.080467194 -0.026908260 0.994803071
1341846674.714186 -0.162285328 0.015510156 -0.158963338 0.057977110 -0.079639405 -0.018599518 0.994962454
1341846674.752271 -0.165521771 0.014309268 -0.160086542 0.057537209 -0.079961203 -0.009156883 0.995093942
1341846674.814222 -0.160560668 0.017311808 -0.163403913 0.056722630 -0.078979909 0.005970079 0.995243251
1341846674.846370 -0.155928090 0.017907025 -0.170467526 0.056941334 -0.079166368 0.014543937 0.995127559
1341846674.882158 -0.160761267 0.021161560 -0.174047872 0.056561515 -0.078377917 0.021173993 0.995092630
1341846674.914224 -0.158184052 0.027967606 -0.174556658 0.054919444 -0.078758895 0.027014896 0.995013118
1341846674.950305 -0.157702252 0.023838192 -0.170761108 0.051644713 -0.078838490 0.032972861 0.995002568
1341846674.982342 -0.158348650 0.030970942 -0.185610577 0.048601318 -0.080328807 0.035505030 0.994949579
1341846675.014137 -0.159907848 0.046743508 -0.186518431 0.040366948 -0.082466297 0.040071290 0.994969428
1341846675.050230 -0.154069066 0.039242949 -0.175839946 0.030289125 -0.084824182 0.042977009 0.995007753
1341846675.088201 -0.157886133 0.049522281 -0.171289831 0.025834322 -0.083941802 0.043897200 0.995168030
1341846675.150188 -0.158363834 0.101642936 -0.170521691 0.005877285 -0.082327671 0.049637221 0.995351076
1341846675.182290 -0.157608643 0.059096023 -0.175841734 -0.014511771 -0.079026826 0.048043922 0.995608330
1341846675.218759 -0.163473532 0.054734088 -0.183953106 -0.021875350 -0.076963298 0.049547520 0.995561779
1341846675.251951 -0.172211051 0.065394692 -0.152246282 -0.026995596 -0.076733924 0.049356576 0.995463252
1341846675.282406 -0.161268920 0.058295682 -0.154442757 -0.031224908 -0.076387309 0.052869771 0.995185852
1341846675.318078 -0.163662523 0.063686490 -0.164982170 -0.034478150 -0.072806522 0.055251047 0.995217502
1341846675.350149 -0.150050178 0.063813739 -0.175009489 -0.043507520 -0.071466282 0.056431077 0.994894624
1341846675.382271 -0.132188633 0.055033579 -0.181020021 -0.056225851 -0.071674034 0.059872929 0.994040608
1341846675.450238 -0.168655008 0.045231305 -0.152598679 -0.063097805 -0.057210602 0.067553416 0.994073510
1341846675.486165 -0.207233086 0.043188617 -0.141703755 -0.053330481 -0.048571348 0.076256201 0.994475603
1341846675.518083 -0.188878179 0.042860694 -0.144035593 -0.043834269 -0.050297350 0.085962228 0.994062006
1341846675.550092 -0.179025531 0.050630383 -0.135277748 -0.035904579 -0.052833516 0.092351966 0.993675351
1341846675.586070 -0.154472038 0.053196575 -0.136112437 -0.032036126 -0.054999929 0.097103454 0.993236959
1341846675.618075 -0.148265228 0.048813462 -0.129935369 -0.027246630 -0.052896891 0.100594938 0.993146658
1341846675.650024 -0.141300380 0.056909110 -0.117194980 -0.019795483 -0.054991730 0.103035517 0.992959082
1341846675.686118 -0.180447906 0.055892233 -0.126783133 -0.015747635 -0.049406987 0.100961573 0.993537962
1341846675.718055 -0.173757017 0.052870244 -0.127410054 -0.011737971 -0.047003642 0.098593272 0.993947804
1341846675.754170 -0.212819487 0.044090532 -0.128157198 -0.004930422 -0.039289784 0.096755736 0.994520128
1341846675.786330 -0.193115726 0.045154952 -0.120820343 -0.001770127 -0.041076295 0.096050255 0.994527042
1341846675.818106 -0.185655460 0.045147296 -0.127714932 0.002562524 -0.037949488 0.094035752 0.994841993
1341846675.854095 -0.168793410 0.045955624 -0.125140354 0.006886608 -0.038307305 0.094356418 0.994777381
1341846675.886163 -0.155497834 0.041383285 -0.131420404 0.012942360 -0.041496623 0.097471803 0.994288623
1341846675.922346 -0.141337126 0.041820046 -0.128330320 0.022845067 -0.042196576 0.097701848 0.994058311
1341846675.961651 -0.117493220 0.039254691 -0.126867577 0.031210985 -0.044665955 0.095690675 0.993918598
1341846676.028080 -0.080392860 0.040570229 -0.125313282 0.054310013 -0.052964170 0.096278138 0.992459476
1341846676.122163 -0.131426170 0.049908239 -0.169352964 0.061286159 -0.048619177 0.083617061 0.993422568
1341846676.154447 -0.107905239 0.043187607 -0.161355019 0.057722900 -0.051416948 0.084651515 0.993407547
1341846676.190230 -0.096319944 0.048914675 -0.170372024 0.058764935 -0.054568257 0.085111037 0.993139029
1341846676.222476 -0.082798131 0.067476489 -0.204273745 0.055532169 -0.054818671 0.083344430 0.993461072
1341846676.257017 -0.090345353 0.060628656 -0.195779398 0.047129739 -0.050717983 0.079995923 0.994387865
1341846676.290401 -0.068613589 0.060047854 -0.189071298 0.044756129 -0.052729003 0.081261136 0.994290292
1341846676.322689 -0.034570880 0.067292958 -0.201421008 0.043161303 -0.054030925 0.082668349 0.994174898
1341846676.360815 0.002682939 0.072260775 -0.234635442 0.031014364 -0.053166218 0.085300095 0.994452298
1341846676.390851 -0.024711968 0.063889623 -0.212893307 0.021520274 -0.046144009 0.078131713 0.995642066
1341846676.424250 -0.021132711 0.060889598 -0.211119100 0.023048390 -0.042129941 0.078105807 0.995787859
1341846676.459033 0.004185388 0.090389729 -0.220922053 0.024342572 -0.040736202 0.080566071 0.995618939
1341846676.490669 0.005725900 0.108418033 -0.194170281 0.022974629 -0.036779199 0.076665081 0.996113420
1341846676.532743 0.037645951 0.074162267 -0.232445896 0.015968764 -0.035747498 0.081233323 0.995925844
1341846676.564052 0.031874951 0.094327815 -0.231008589 0.017107522 -0.030712988 0.083631083 0.995876431
1341846676.596566 0.061830278 0.087810978 -0.228910893 0.011910809 -0.032923829 0.082187414 0.996001720
1341846676.632057 0.058744598 0.084339336 -0.232531875 0.009985175 -0.028243352 0.078573383 0.996458173
1341846676.690079 0.065941259 0.095502600 -0.223029226 0.011207204 -0.023348857 0.074604094 0.996876895
1341846676.726102 0.074157186 0.088001527 -0.232705370 0.010719444 -0.020232795 0.073041245 0.997066081
1341846676.758419 0.068029493 0.080485463 -0.233591840 0.012343780 -0.014724862 0.072866745 0.997156560
1341846676.790227 0.068503268 0.087263756 -0.236511946 0.014756233 -0.013579624 0.073442295 0.997097909
1341846676.826179 0.076631829 0.086486407 -0.240968898 0.014895434 -0.009553822 0.070785396 0.997334659
1341846676.858331 0.078381263 0.086477235 -0.241593570 0.016617471 -0.006241274 0.073240921 0.997156262
1341846676.894086 0.093165271 0.096154951 -0.238738567 0.017806938 -0.010065546 0.074549645 0.997007489
1341846676.926062 0.096882708 0.096821502 -0.231439695 0.017450687 -0.008584246 0.073729925 0.997088611
1341846676.958080 0.094117582 0.094713822 -0.231680900 0.017460536 -0.006219232 0.073130548 0.997150123
1341846676.994140 0.097589873 0.091042228 -0.232337609 0.018148702 -0.008187464 0.074427284 0.997027695
1341846677.026242 0.098259009 0.094294079 -0.243379369 0.018824710 -0.009015465 0.073295049 0.997091889
1341846677.094244 0.097652249 0.093813553 -0.238332927 0.016479142 -0.008993365 0.072869800 0.997164786
1341846677.126108 0.126039341 0.081462122 -0.234131500 0.016242320 -0.014375598 0.074810989 0.996961832
1341846677.162066 0.125712723 0.089624211 -0.236326605 0.019434394 -0.013630467 0.074139655 0.996965289
1341846677.194068 0.104980297 0.100668326 -0.243034735 0.020301003 -0.011263448 0.074159510 0.996976137
1341846677.226206 0.146422192 0.084182456 -0.241454080 0.016915023 -0.016509848 0.073918425 0.996984124
1341846677.262033 0.151272133 0.079175025 -0.228019759 0.019046629 -0.014793647 0.074034192 0.996964097
1341846677.294125 0.137892053 0.094846815 -0.231782943 0.022648547 -0.014190205 0.074457109 0.996865988
1341846677.326503 0.149071485 0.095225595 -0.235089287 0.021185361 -0.014745606 0.073600784 0.996953726
1341846677.362194 0.160287872 0.089656420 -0.226973087 0.020581514 -0.013663470 0.073009193 0.997025311
1341846677.394280 0.150746956 0.086944886 -0.240252674 0.021872956 -0.012513701 0.073285975 0.996992588
1341846677.430058 0.165637448 0.092648074 -0.238363937 0.022560447 -0.013283052 0.072903357 0.996995389
1341846677.468326 0.171036139 0.084516793 -0.233455464 0.022529265 -0.010512916 0.072037295 0.997092068
1341846677.530161 0.184266269 0.089288339 -0.235159770 0.027474467 -0.009039707 0.072508372 0.996948361
1341846677.562051 0.188877478 0.092838630 -0.230046540 0.029285135 -0.006583876 0.071711421 0.996973753
1341846677.594105 0.186258182 0.093455061 -0.230174184 0.029706385 -0.005289912 0.070888922 0.997027814
1341846677.630227 0.193125457 0.089199841 -0.232788086 0.029590972 -0.005121111 0.070022784 0.997093260
1341846677.662033 0.188718379 0.091768987 -0.234501034 0.031038929 -0.002872948 0.069569044 0.997090042
1341846677.730320 0.193613231 0.094025061 -0.233175606 0.030543435 -0.003551237 0.069735058 0.997091591
1341846677.763691 0.189164758 0.084424794 -0.238360777 0.030734492 -0.001831240 0.069857970 0.997081697
1341846677.798630 0.182150528 0.093279749 -0.244504467 0.031976599 -0.002863811 0.069540828 0.997062385
1341846677.830104 0.203949630 0.089516647 -0.232861862 0.030870225 -0.004913204 0.068522610 0.997159779
1341846677.862185 0.201581314 0.077892952 -0.234744236 0.032110099 -0.002152501 0.067409746 0.997206271
1341846677.898344 0.195090935 0.078295007 -0.238381907 0.035740476 -0.001490258 0.067988694 0.997044683
1341846677.930181 0.203907609 0.080834530 -0.238089591 0.038127262 -0.002567003 0.066869438 0.997029662
1341846677.966256 0.209641218 0.074136823 -0.235756174 0.040082663 -0.000967198 0.066136643 0.997004688
1341846677.998516 0.204880759 0.069582462 -0.234880030 0.044658229 -0.000695255 0.067388877 0.996726632
1341846678.030368 0.200418577 0.071326174 -0.236970320 0.047803659 -0.002286344 0.067713335 0.996556342
1341846678.066187 0.211955160 0.073078826 -0.238441974 0.049780097 -0.002504287 0.066933073 0.996511757
1341846678.098076 0.186337456 0.063837253 -0.246972069 0.050916545 0.001035080 0.066967018 0.996454716
1341846678.134082 0.185496897 0.058511194 -0.248410001 0.052220207 -0.001670888 0.067100517 0.996377349
1341846678.166092 0.197384492 0.059906177 -0.251745135 0.053328436 -0.002372114 0.066496566 0.996357739
1341846678.204293 0.189494163 0.055177096 -0.249861106 0.054652236 -0.000993648 0.067164227 0.996243536
1341846678.266209 0.197121531 0.054709189 -0.257547557 0.058659263 -0.005037229 0.067276113 0.995995820
1341846678.298316 0.184628844 0.057298359 -0.258691609 0.059651621 -0.004508663 0.066893265 0.995965183
1341846678.334135 0.191060513 0.055145204 -0.255223632 0.059220731 -0.007280504 0.066758811 0.995983601
1341846678.366593 0.200374946 0.049429655 -0.257223099 0.060110725 -0.007912825 0.067033447 0.995906949
1341846678.402292 0.191138253 0.052242376 -0.254300535 0.062353674 -0.006789397 0.066192575 0.995833635
1341846678.439991 0.206480801 0.050870877 -0.253984004 0.062665589 -0.008717059 0.066983670 0.995746076
