1341846313.592026 0.000000000 0.000000000 0.000000000 -0.000000000 -0.000000000 -0.000000000 1.000000000
1341846313.654184 0.006555358 -0.002313565 -0.003782382 -0.001223832 -0.003361329 0.005205332 0.999980032
1341846313.686156 0.015280182 -0.001261765 0.001665823 0.000091975 -0.005862822 0.004537729 0.999972522
1341846313.721918 0.022136306 0.002933161 -0.000781954 0.000472776 -0.007060321 0.005593462 0.999959350
1341846313.753994 0.029719494 0.000150719 0.002353851 -0.000429206 -0.007864092 0.006873597 0.999945343
1341846313.789969 0.038145073 0.000752991 0.001565329 0.000813543 -0.008672438 0.005477055 0.999947071
1341846313.822075 0.050189320 0.007244025 0.000881282 0.001555530 -0.008328000 0.004531233 0.999953866
1341846313.853928 0.060113702 0.003442340 0.002364301 0.000443639 -0.006717945 0.003740639 0.999970376
1341846313.890011 0.064357080 0.005629952 0.002531241 0.000404500 -0.004634825 0.004721682 0.999978065
1341846313.922055 0.075753897 0.012127403 -0.005483001 -0.000845080 -0.005228218 0.006564042 0.999964416
1341846313.957927 0.107249878 0.012312360 0.013169537 -0.002383208 -0.003723329 0.005591329 0.999974608
1341846313.990058 0.081365950 0.006716812 0.007838928 -0.004445999 0.007499308 0.005688776 0.999945819
1341846314.022042 0.091561280 0.019771114 -0.000738565 -0.005633453 0.007230639 0.008497232 0.999921918
1341846314.057816 0.116998829 0.017783348 0.008614291 -0.009322878 0.007437264 0.010600320 0.999872744
1341846314.089801 0.121030979 0.015266243 0.011422091 -0.008461677 0.013219332 0.009704309 0.999829769
1341846314.122037 0.112616770 0.027053732 0.004462302 -0.008546427 0.018748531 0.013127310 0.999701619
1341846314.157989 0.131433859 0.019809438 0.009272000 -0.011514192 0.020416033 0.013315146 0.999636590
1341846314.190094 0.127679631 0.017788127 0.000716718 -0.011638491 0.025928874 0.014659784 0.999488592
1341846314.225969 0.137761652 0.025605425 0.006283823 -0.013628243 0.026700759 0.018479252 0.999379814
1341846314.257923 0.133715570 0.011819963 0.006279444 -0.017260680 0.030158253 0.017353158 0.999245405
1341846314.290052 0.154043496 0.018606350 0.008383362 -0.015169031 0.029024342 0.019152258 0.999280095
1341846314.325981 0.148392603 0.026662383 0.005717753 -0.014993428 0.032214582 0.016561119 0.999231279
1341846314.357905 0.160444990 0.021960095 0.012509524 -0.016367802 0.034445435 0.015875360 0.999146461
1341846314.389899 0.162136167 0.017266786 0.007850802 -0.015516289 0.037740804 0.014712268 0.999058783
1341846314.427905 0.169003636 0.021560682 -0.000807608 -0.015293096 0.039368294 0.013931469 0.999010623
1341846314.493987 0.180785611 0.017354224 0.006243753 -0.014157651 0.049360979 0.006265067 0.998661041
1341846314.526085 0.196111545 0.021972166 0.001062547 -0.013593381 0.049828541 0.005068908 0.998652458
1341846314.558292 0.198847324 0.027848292 0.012369469 -0.013851365 0.053344514 0.005193466 0.998466611
1341846314.594085 0.228747323 0.018235756 0.021708656 -0.013962810 0.054972254 0.005034065 0.998377562
1341846314.626096 0.218008578 0.027202008 0.008830916 -0.012625126 0.061217066 0.006099937 0.998026013
1341846314.658455 0.220642731 0.031198287 0.013815487 -0.014021973 0.063889414 0.003497202 0.997852445
1341846314.694004 0.245569214 0.016190508 0.020723093 -0.015587004 0.065168954 0.003542461 0.997746229
1341846314.725910 0.245402038 0.010807206 0.027202927 -0.011815977 0.068522453 0.008718241 0.997541547
1341846314.761942 0.242528856 0.012640608 0.024928432 -0.007909198 0.069831662 0.012394036 0.997450531
1341846314.794030 0.253580987 0.022116182 0.027185254 -0.003137246 0.071768813 0.013605681 0.997323573
1341846314.826092 0.263570517 0.022832239 0.015755733 -0.001294577 0.075441107 0.014824028 0.997039258
1341846314.862145 0.276510358 0.020679571 0.008046247 -0.002050831 0.077686973 0.015899532 0.996848881
1341846314.894072 0.278533340 0.022202414 0.012978584 -0.001977230 0.082271010 0.017352177 0.996456981
1341846314.925969 0.275525093 0.024955513 0.007887286 -0.001652242 0.086155266 0.020155568 0.996076465
1341846314.961937 0.285957515 0.039035734 0.015476552 -0.003314136 0.085278541 0.026533596 0.995998323
1341846314.994564 0.285766691 0.036287148 0.013578862 -0.006858627 0.086920626 0.023359817 0.995917737
1341846315.029900 0.305793524 0.034719519 0.022304656 -0.007142392 0.088845335 0.021051614 0.995797336
1341846315.061965 0.304728597 0.033682447 0.022029649 -0.008044817 0.091683179 0.025756640 0.995422542
1341846315.094388 0.309107363 0.033415973 0.034844834 -0.007836996 0.090893984 0.026011737 0.995490015
1341846315.129851 0.319350541 0.032875650 0.022462033 -0.005864032 0.090376154 0.024594400 0.995586753
1341846315.161941 0.336848944 0.049328230 0.005947935 -0.007298437 0.087986283 0.030596066 0.995624959
1341846315.197984 0.324936897 0.046680681 0.007946619 -0.013957554 0.087966591 0.024321593 0.995728731
1341846315.230076 0.337143987 0.041683856 0.011534381 -0.018047910 0.085915141 0.021426285 0.995908558
1341846315.262069 0.336618066 0.039681468 0.019796178 -0.021802548 0.083527483 0.025601573 0.995937943
1341846315.298000 0.346374005 0.036806561 0.032424957 -0.023739673 0.079226822 0.025844466 0.996238768
1341846315.329931 0.367983937 0.016190920 0.034415439 -0.022304298 0.075409569 0.028536808 0.996494651
1341846315.361981 0.367648244 0.020449948 0.024771886 -0.016631860 0.075204454 0.031002829 0.996547341
1341846315.397962 0.370953351 0.023198796 0.018808195 -0.013216659 0.075591236 0.033474348 0.996489227
1341846315.429923 0.377725780 0.027729582 0.015520833 -0.009725221 0.077131838 0.035211332 0.996351480
1341846315.466047 0.405365020 0.028597319 0.001359977 -0.009539424 0.077543452 0.040315799 0.996127844
1341846315.497883 0.401203781 0.029118642 0.001007337 -0.010402043 0.081383809 0.044386420 0.995639682
1341846315.530008 0.405962050 0.027235804 0.003653768 -0.010745552 0.082529701 0.045276497 0.995501637
1341846315.566108 0.403531134 0.030687328 0.002333469 -0.011190701 0.084575266 0.045644373 0.995308220
1341846315.597986 0.407920122 0.027095277 0.007745937 -0.011871534 0.085537083 0.045355681 0.995231271
1341846315.630109 0.408336371 0.030350666 0.007243608 -0.011119490 0.086864434 0.043589674 0.995203972
1341846315.666042 0.412145108 0.036359895 0.002662117 -0.011451464 0.088156424 0.043150321 0.995105743
1341846315.698114 0.425719559 0.043826718 -0.014521480 -0.016202515 0.089566350 0.041529592 0.994982779
1341846315.733985 0.409499645 0.026398214 -0.002758805 -0.020665171 0.094677314 0.042115167 0.994402051
1341846315.766041 0.402547002 0.029476386 -0.001774900 -0.020010354 0.092801981 0.043181919 0.994546473
1341846315.798188 0.406949252 0.026773194 -0.004377851 -0.021428967 0.091722243 0.042448595 0.994648755
1341846315.834140 0.401567161 0.022437606 -0.000687563 -0.020527806 0.094775952 0.039742030 0.994493246
1341846315.866751 0.398564279 0.017380923 -0.006242052 -0.018717933 0.096443102 0.039327584 0.994385123
1341846315.898492 0.394443274 0.017334173 0.002110442 -0.017405825 0.097377770 0.039202634 0.994322777
1341846315.936901 0.388477206 0.012596146 -0.006478572 -0.014879390 0.099507190 0.037086010 0.994234145
1341846315.966572 0.382990450 0.014780631 0.010211056 -0.011176018 0.101317428 0.038705196 0.994038165
1341846316.034204 0.377913296 0.012156893 0.004272279 -0.007744013 0.100531355 0.037892308 0.994181931
1341846316.066113 0.370565325 0.009498170 0.012478075 -0.005555815 0.100956596 0.037702896 0.994160652
1341846316.101867 0.354577631 0.010392037 0.001746091 -0.004025568 0.100901432 0.038519870 0.994142294
1341846316.134066 0.342022359 0.014267778 0.006603600 -0.004303415 0.098631218 0.035010036 0.994498730
1341846316.202049 0.328588396 0.005152719 0.010122833 -0.004919246 0.094094127 0.031046268 0.995066941
1341846316.233979 0.320735961 0.008891778 0.000456749 -0.003890885 0.093096830 0.028301382 0.995247185
1341846316.270052 0.320069849 0.009399290 0.000097427 -0.005069192 0.093427181 0.025340479 0.995290756
1341846316.301915 0.310373545 0.001344621 0.004818740 -0.005497755 0.095290996 0.023380617 0.995159745
1341846316.334208 0.301379502 0.002415380 0.007771056 -0.003545845 0.095001929 0.024688540 0.995164633
1341846316.370006 0.295052618 -0.000573469 0.006823409 -0.001642108 0.093843654 0.025221629 0.995266080
1341846316.401994 0.289794415 -0.000504950 0.004930584 -0.000064770 0.093006127 0.027834034 0.995276511
1341846316.438069 0.288649797 -0.005943392 0.007494071 0.001831281 0.091784455 0.030834408 0.995299757
1341846316.470076 0.271859050 -0.009037036 0.006636546 0.006429540 0.092637092 0.032591745 0.995145619
1341846316.502034 0.258929819 0.005197716 -0.000637114 0.009611499 0.090876982 0.032991040 0.995269120
1341846316.537975 0.259973556 0.005185136 -0.002794581 0.006883989 0.086828962 0.031712394 0.995694578
1341846316.570121 0.249619365 -0.007982360 0.001039308 0.005337315 0.087309346 0.028386194 0.995762527
1341846316.601885 0.243489176 -0.007542202 0.006081746 0.007668914 0.086785734 0.027491739 0.995818079
1341846316.638009 0.233475804 -0.008838402 0.006061634 0.010210468 0.085917875 0.028370051 0.995845914
1341846316.669925 0.217143416 -0.012315672 0.012734906 0.012199632 0.086772241 0.027530719 0.995772958
1341846316.705941 0.217226550 -0.016908368 0.013547095 0.016248044 0.086204037 0.028374296 0.995740891
1341846316.738062 0.199117362 -0.013512854 0.002599547 0.018665792 0.086723730 0.030684013 0.995584846
1341846316.770433 0.188512072 -0.006841548 0.000674883 0.018452384 0.086241886 0.031181475 0.995615184
1341846316.805932 0.179463953 -0.017208766 0.002153696 0.018126296 0.086675659 0.029737787 0.995627642
1341846316.838029 0.173657134 -0.013969426 0.010976119 0.019634439 0.084858067 0.031771623 0.995692849
1341846316.870034 0.158823326 -0.019366402 0.009258113 0.019727889 0.082310162 0.032625757 0.995877206
1341846316.906344 0.150242507 -0.018033898 0.009187036 0.021146132 0.079316437 0.031227523 0.996135831
1341846316.937940 0.146755189 -0.012781505 0.010166161 0.021601290 0.077946149 0.028782602 0.996307850
1341846316.973994 0.135045737 -0.011644716 0.012601475 0.020918353 0.076600686 0.028539602 0.996433794
1341846317.005913 0.127542764 -0.014978300 0.005581456 0.019778617 0.073551066 0.030013163 0.996643543
1341846317.037936 0.119202040 -0.017679278 0.019299600 0.019807607 0.071258485 0.028340334 0.996858418
1341846317.073972 0.119726963 -0.023234434 0.017262006 0.020397222 0.068840161 0.029534664 0.996981859
1341846317.106113 0.109572023 -0.027150171 0.003153479 0.022665415 0.067123353 0.033762094 0.996915698
1341846317.137887 0.101016626 -0.024476463 0.006264409 0.026369818 0.061028443 0.038335368 0.997050941
1341846317.173970 0.091635041 -0.022528106 0.009675392 0.027464112 0.053548623 0.039415706 0.997409046
1341846317.205887 0.083956152 -0.025203470 0.006004027 0.027232900 0.050763838 0.040014341 0.997537136
1341846317.248131 0.076583937 -0.026185198 0.008123768 0.028831400 0.048356913 0.042679943 0.997501254
1341846317.306289 0.065259457 -0.023647044 0.016312886 0.030668136 0.042167027 0.045748148 0.997591436
1341846317.348137 0.066331200 -0.027247759 0.024885248 0.031540319 0.042735733 0.048039068 0.997432292
1341846317.410120 0.047918264 -0.021032726 0.020743692 0.033918660 0.042724267 0.052819174 0.997112989
1341846317.442569 0.039946165 -0.027964761 0.027786521 0.036370870 0.043151565 0.055814821 0.996844947
1341846317.474010 0.031415429 -0.029251693 0.030552221 0.042046696 0.043836277 0.058405019 0.996443391
1341846317.509927 0.020949485 -0.015588768 0.035963215 0.046257682 0.041583896 0.061935056 0.996140122
1341846317.542282 0.014312630 -0.012873163 0.036387257 0.045748241 0.038882364 0.062453285 0.996240377
1341846317.573943 0.011257033 -0.024896152 0.034507010 0.044103265 0.039805740 0.060628287 0.996390879
1341846317.610159 0.000012962 -0.031146765 0.032805651 0.046414234 0.042239044 0.060922649 0.996167660
1341846317.643553 -0.018573770 -0.023814786 0.027729040 0.049529262 0.042718235 0.063914664 0.995809734
1341846317.677993 -0.024917476 -0.022338396 0.034749012 0.050903641 0.039096173 0.066667855 0.995708704
1341846317.709996 -0.026848236 -0.022439983 0.034848407 0.053627383 0.036013901 0.066627659 0.995684624
1341846317.741834 -0.034079067 -0.017016048 0.037670467 0.053848434 0.034950387 0.065472320 0.995787203
1341846317.777923 -0.050318308 -0.020820471 0.038415931 0.051606700 0.034808561 0.064482793 0.995975494
1341846317.810021 -0.058320221 -0.021218987 0.048608646 0.051428184 0.033485603 0.062888570 0.996132016
1341846317.841886 -0.073024668 -0.016331395 0.033371992 0.050956097 0.032782536 0.061238013 0.996282518
1341846317.878017 -0.074241310 -0.013287645 0.037807599 0.049188808 0.031653307 0.058558259 0.996568859
1341846317.909910 -0.078714713 -0.019578639 0.033524077 0.047784556 0.032901730 0.054685593 0.996816754
1341846317.946031 -0.092088304 -0.021019017 0.037235718 0.049306374 0.034292083 0.056547306 0.996591866
1341846317.978041 -0.104497857 -0.029769409 0.032662626 0.050602458 0.033453193 0.056142829 0.996578336
1341846318.009897 -0.108329944 -0.022262225 0.033050615 0.053740028 0.033678334 0.054226469 0.996512592
1341846318.045949 -0.118937932 -0.020861469 0.033985533 0.053896118 0.034916956 0.053350080 0.996508837
1341846318.078074 -0.133008763 -0.025365036 0.035424508 0.052395411 0.034032617 0.051235214 0.996730447
1341846318.109894 -0.137476549 -0.023159998 0.034725826 0.052448817 0.029348649 0.049809813 0.996948719
1341846318.145957 -0.139443710 -0.021418186 0.037924781 0.051830344 0.026774047 0.047353342 0.997173250
1341846318.178001 -0.150581732 -0.029900404 0.032345060 0.050116017 0.027429560 0.044106305 0.997391939
1341846318.214074 -0.171537787 -0.032257188 0.041019935 0.050757244 0.027209863 0.042017084 0.997455716
1341846318.245970 -0.178094983 -0.036593091 0.053541306 0.053981736 0.021376235 0.043092642 0.997382641
1341846318.278018 -0.184053764 -0.033121284 0.061158154 0.058532853 0.016272400 0.043630093 0.997198880
1341846318.313937 -0.200658515 -0.033291154 0.050654177 0.059947371 0.011149895 0.041976817 0.997256219
1341846318.345989 -0.200794697 -0.034089517 0.056428805 0.061581619 0.001306188 0.041034386 0.997257411
1341846318.382046 -0.205094695 -0.034985356 0.061615583 0.063610964 -0.006303372 0.039927874 0.997155786
1341846318.414072 -0.219785213 -0.040547147 0.053167574 0.064512767 -0.012344041 0.041255638 0.996987343
1341846318.446035 -0.228514224 -0.041486442 0.052136887 0.066841893 -0.018956583 0.040935319 0.996743262
1341846318.482196 -0.239770338 -0.037023813 0.050443862 0.068505459 -0.020323507 0.039774701 0.996650398
1341846318.514144 -0.254792452 -0.040877417 0.033306144 0.068313107 -0.021485958 0.041131299 0.996584117
1341846318.546259 -0.261416793 -0.046671934 0.032605048 0.069597930 -0.022623679 0.040429577 0.996498764
1341846318.582042 -0.269589275 -0.041514102 0.029771186 0.071413331 -0.022422919 0.040151142 0.996386111
1341846318.614115 -0.285543978 -0.040276531 0.028735679 0.071156017 -0.022048024 0.039477162 0.996439815
1341846318.650038 -0.292436451 -0.039847724 0.028825846 0.070781328 -0.022715654 0.036103878 0.996579409
1341846318.682350 -0.304042727 -0.042474635 0.017593086 0.069910102 -0.022996066 0.035247296 0.996665120
1341846318.714063 -0.311346471 -0.041653238 0.020530576 0.069599107 -0.024258696 0.034644030 0.996678174
1341846318.749905 -0.318140715 -0.046284109 0.017868660 0.070191734 -0.024281200 0.036251463 0.996578872
1341846318.782036 -0.330100030 -0.045138132 0.017794885 0.072038375 -0.024912531 0.038636319 0.996341825
1341846318.814121 -0.346338034 -0.045854032 0.032278121 0.072152704 -0.029154802 0.036919806 0.996283591
1341846318.850072 -0.351553053 -0.052333698 0.029772609 0.072046578 -0.035523511 0.035287824 0.996143699
1341846318.883516 -0.373908579 -0.055612274 0.017880434 0.074884936 -0.041867029 0.031696774 0.995808601
1341846318.918047 -0.366147459 -0.058957390 -0.016445914 0.077179879 -0.057049755 0.031627283 0.994881094
1341846318.950044 -0.371795893 -0.061233379 -0.014032402 0.079075381 -0.066963382 0.027174672 0.994245708
1341846318.982028 -0.402340144 -0.054468237 0.002726907 0.081234232 -0.067857265 0.024822356 0.994072556
1341846319.018123 -0.419214904 -0.051708050 0.020444620 0.081643365 -0.072510645 0.024517911 0.993718028
1341846319.050745 -0.413494736 -0.058927309 0.013443771 0.082676165 -0.080137700 0.023570215 0.993069530
1341846319.081905 -0.411039293 -0.054251105 0.010504648 0.088619612 -0.081105456 0.021750825 0.992519736
1341846319.117976 -0.431542873 -0.049017549 0.003139592 0.091338716 -0.079888612 0.027931839 0.992217243
1341846319.150093 -0.442092836 -0.055014670 0.002328225 0.092671327 -0.084173881 0.034777783 0.991522729
1341846319.186069 -0.435643613 -0.037511263 0.004797864 0.095471509 -0.086170681 0.034580480 0.991092384
1341846319.218149 -0.436706722 -0.024210643 0.007796592 0.092954390 -0.081128240 0.032935180 0.991812944
1341846319.250034 -0.450227171 -0.028498782 0.006598359 0.086370900 -0.074574448 0.032432903 0.992938459
1341846319.286594 -0.455668539 -0.038341124 0.010799425 0.083673552 -0.071755484 0.036122885 0.993249834
1341846319.318034 -0.462988555 -0.037378512 0.005647148 0.084555171 -0.070940182 0.039376758 0.993109941
1341846319.350268 -0.483337462 -0.039260376 0.009662427 0.085101053 -0.069555707 0.045187522 0.992913902
1341846319.386163 -0.502017081 -0.043381140 0.004333585 0.087225124 -0.073533103 0.052808143 0.992066562
1341846319.418386 -0.499165833 -0.041578867 -0.005079319 0.088027284 -0.079684466 0.053847551 0.991464615
1341846319.453961 -0.501907468 -0.037297707 0.005010404 0.088975616 -0.081993550 0.050379630 0.991373956
1341846319.486271 -0.520369709 -0.037429590 0.004983681 0.088049218 -0.081559733 0.049191333 0.991552114
1341846319.554083 -0.536312401 -0.039171081 0.017536135 0.082603425 -0.088049576 0.048127279 0.991517961
1341846319.586296 -0.551108003 -0.040327236 0.014874278 0.082958087 -0.086854972 0.044162717 0.991778135
1341846319.622031 -0.570996821 -0.041881844 -0.000400991 0.081208348 -0.089726113 0.040910199 0.991806865
1341846319.653962 -0.574730039 -0.049863137 0.015914669 0.080096640 -0.095116518 0.040102348 0.991427839
1341846319.686352 -0.583032310 -0.049331613 0.007492430 0.081957772 -0.098833606 0.041631058 0.990849018
1341846319.721992 -0.588500440 -0.042055111 0.001316789 0.082983769 -0.103123054 0.042393107 0.990294039
1341846319.754063 -0.596949160 -0.023083167 0.001280475 0.081363879 -0.105219677 0.041822497 0.990232110
1341846319.786397 -0.596995592 -0.025892064 0.015011090 0.076554537 -0.106045023 0.045678299 0.990357220
1341846319.822008 -0.606168389 -0.029029947 0.006259640 0.072985217 -0.106507294 0.049761157 0.990380347
1341846319.853917 -0.608913839 -0.028183773 0.005411251 0.067926824 -0.107712343 0.054147847 0.990379751
1341846319.889942 -0.613745749 -0.038941473 0.016081989 0.064234845 -0.108646013 0.058652483 0.990267575
1341846319.922039 -0.625806332 -0.056129709 -0.012356734 0.062022995 -0.111501344 0.060421266 0.989984751
1341846319.953946 -0.617776930 -0.056766402 0.000952885 0.062711976 -0.119222209 0.057362396 0.989223421
1341846319.990054 -0.619888723 -0.054087598 -0.005880287 0.065673649 -0.121856198 0.049594346 0.989130199
1341846320.028122 -0.626044571 -0.046702791 0.009791530 0.068616115 -0.125505522 0.048061874 0.988549590
1341846320.090047 -0.608157694 -0.034315772 0.024103677 0.075017706 -0.134274364 0.048353299 0.986916780
1341846320.122011 -0.600763977 -0.032235395 0.034148354 0.075910337 -0.132276282 0.048960242 0.987088442
1341846320.157952 -0.590328515 -0.038255312 0.033988722 0.075585976 -0.130236223 0.050763395 0.987293541
1341846320.190003 -0.578265011 -0.040927455 0.030473756 0.078730695 -0.126842499 0.048686083 0.987594128
1341846320.221941 -0.567681372 -0.045193475 0.035667501 0.082609698 -0.123729996 0.050994799 0.987555623
1341846320.258015 -0.557104588 -0.050500251 0.038734306 0.086237386 -0.123429216 0.054010421 0.987122715
1341846320.289887 -0.544687688 -0.061133634 0.025973205 0.091179393 -0.123969696 0.052938581 0.986668885
1341846320.321954 -0.536032081 -0.049907908 0.033799618 0.101692863 -0.125205666 0.052277759 0.985519767
1341846320.357890 -0.518925965 -0.048998706 0.038317319 0.106676511 -0.125443503 0.054224331 0.984857261
1341846320.390064 -0.499031037 -0.049056038 0.035858870 0.107929759 -0.122230552 0.055223141 0.985069156
1341846320.426544 -0.480433553 -0.049476489 0.067521580 0.110929638 -0.115443155 0.051379666 0.985762537
1341846320.458122 -0.473796487 -0.050375931 0.044546798 0.111807913 -0.106906988 0.048525050 0.986770093
1341846320.490186 -0.446591109 -0.064894952 0.026845995 0.114226416 -0.100172192 0.048803106 0.987185955
1341846320.525911 -0.445408076 -0.054140791 0.044195853 0.118889056 -0.092201188 0.047015700 0.987498820
1341846320.558091 -0.432511836 -0.051006947 0.036346465 0.120142110 -0.088225603 0.043543801 0.987869501
1341846320.594093 -0.415908247 -0.061045755 0.013098570 0.120428048 -0.082943350 0.039061550 0.988479495
1341846320.631955 -0.402194679 -0.054508135 0.028433021 0.123589098 -0.075116560 0.038638581 0.988731682
1341846320.664916 -0.390430331 -0.051771197 0.020210091 0.123380885 -0.072753355 0.036934972 0.988999486
1341846320.699927 -0.368125886 -0.051908225 0.037268814 0.123804167 -0.070081927 0.035503913 0.989191890
1341846320.731822 -0.360174060 -0.050116800 0.033240758 0.126113623 -0.062928766 0.034683049 0.989410162
1341846320.763877 -0.362102062 -0.028229710 0.012453228 0.124093391 -0.061390243 0.036822822 0.989684880
1341846320.799999 -0.347144246 -0.046515889 0.012844251 0.115862094 -0.062870055 0.029572288 0.990832388
1341846320.831871 -0.272418648 -0.057821844 0.028757997 0.117133282 -0.056128107 0.027456250 0.991148651
1341846320.863887 -0.335062087 -0.030403530 0.040302880 0.117977209 -0.042697728 0.026540255 0.991742909
1341846320.900014 -0.329736084 -0.042752739 0.039932113 0.109877840 -0.047933120 0.032022744 0.992272139
1341846320.931889 -0.291181803 -0.052769747 0.049938492 0.110671170 -0.049539294 0.031572275 0.992119431
1341846320.967866 -0.296352237 -0.025228916 0.045747750 0.111533195 -0.043236397 0.027716903 0.992432773
1341846321.000017 -0.295080602 -0.033565152 0.042916954 0.104527310 -0.042671137 0.026656419 0.993248582
1341846321.031860 -0.272064775 -0.043399654 0.045170702 0.101937383 -0.042831965 0.024675636 0.993561983
1341846321.068047 -0.267640084 -0.038385455 0.039294776 0.102581963 -0.039024655 0.021945857 0.993716478
1341846321.099840 -0.264157414 -0.036624294 0.036524288 0.100360602 -0.037084617 0.022297744 0.994009733
1341846321.131821 -0.240521222 -0.049781162 0.037785631 0.099824920 -0.036402751 0.024126120 0.994046211
1341846321.167887 -0.234460771 -0.046060130 0.038765922 0.102817893 -0.032372549 0.025129648 0.993855655
1341846321.200042 -0.228586271 -0.038072161 0.045407489 0.103834376 -0.029408792 0.024040930 0.993869007
1341846321.231950 -0.217814073 -0.044932548 0.048223607 0.102833971 -0.028658874 0.022999177 0.994019628
1341846321.267939 -0.202381596 -0.045380279 0.023973882 0.102820419 -0.026874857 0.018311271 0.994168222
1341846321.299948 -0.193712652 -0.044873621 0.039273687 0.101695560 -0.022286246 0.012303773 0.994489789
1341846321.331858 -0.192103758 -0.047406293 0.038131826 0.101740032 -0.018910969 0.008347949 0.994596303
1341846321.367913 -0.166764691 -0.056073587 0.037044067 0.102800630 -0.017416295 0.004990337 0.994536996
1341846321.399897 -0.161803767 -0.050643805 0.037037112 0.105035737 -0.011946782 0.003771710 0.994389594
1341846321.435994 -0.159360632 -0.054508306 0.045279857 0.106504895 -0.008189179 0.003555930 0.994272113
1341846321.467946 -0.150707334 -0.052596819 0.055872399 0.108749256 -0.005313829 0.003663054 0.994048297
1341846321.499882 -0.132551938 -0.054337230 0.048646461 0.109936275 -0.003209475 0.004927018 0.993921280
1341846321.536109 -0.106930792 -0.045062713 0.031181226 0.109814435 0.001261010 0.002256500 0.993948817
1341846321.568960 -0.124791749 -0.038659032 0.049199149 0.106952742 0.009839972 -0.000915578 0.994215071
1341846321.603938 -0.112480454 -0.040050365 0.061024271 0.103706799 0.011727970 -0.000948571 0.994538307
1341846321.637163 -0.072364815 -0.032082345 0.039088916 0.101257190 0.015082319 -0.001475634 0.994744897
1341846321.668306 -0.090154462 -0.030734429 0.067919120 0.096826710 0.026284073 0.000883914 0.994953811
1341846321.704411 -0.103903718 -0.031690277 0.073383242 0.093724675 0.028182210 0.008235463 0.995165169
1341846321.736861 -0.090534054 -0.038058583 0.056758218 0.091812678 0.024762578 0.017680118 0.995311320
1341846321.771881 -0.077524826 -0.022456078 0.048547164 0.090105362 0.024402378 0.021986883 0.995390534
1341846321.804114 -0.064507507 -0.022780254 0.057909407 0.085845500 0.026231470 0.025794687 0.995629013
1341846321.836152 -0.061303064 -0.016232705 0.073435090 0.083235331 0.028217381 0.026102047 0.995788336
1341846321.871882 -0.060321491 -0.007345889 0.056425747 0.078077599 0.030198930 0.023890184 0.996203423
1341846321.904074 -0.054904453 -0.011370831 0.059156086 0.071127988 0.031630650 0.020511257 0.996754587
1341846321.939847 -0.049623590 -0.015443534 0.060186516 0.066725604 0.034549765 0.017858647 0.997013092
1341846322.004094 -0.059143573 -0.018130105 0.082765654 0.059786387 0.032699466 0.016895179 0.997532487
1341846322.066178 -0.037521906 -0.026965477 0.062370151 0.054398891 0.037066825 0.013895854 0.997734308
1341846322.107979 -0.037561454 -0.042128455 0.060494710 0.051321074 0.038970646 0.013296186 0.997833014
1341846322.166164 -0.039061680 -0.063516587 0.067236595 0.054493427 0.039063014 0.012629637 0.997669876
1341846322.202932 -0.038536958 -0.075386100 0.061224338 0.055144317 0.036080059 0.013943111 0.997728944
1341846322.234093 -0.040381767 -0.076818787 0.055486269 0.054075923 0.035053257 0.011279719 0.997857690
1341846322.265941 -0.038879026 -0.084941544 0.063926324 0.051716667 0.032019172 0.011375635 0.998083532
1341846322.301996 -0.027437342 -0.103144832 0.057798367 0.049246822 0.029400036 0.013007599 0.998269141
1341846322.333949 -0.038246825 -0.113073893 0.073521048 0.048563264 0.028221749 0.012462085 0.998343587
1341846322.369871 -0.027284008 -0.126238286 0.063623942 0.049608830 0.022459544 0.009256554 0.998473346
1341846322.402292 -0.013895850 -0.142747164 0.062271025 0.050862145 0.023299757 0.003622278 0.998427331
1341846322.433955 -0.026711995 -0.164148986 0.071737066 0.055329047 0.025864881 -0.001173364 0.998132408
1341846322.470030 -0.023751788 -0.174535185 0.068623982 0.064231873 0.020941474 0.003382719 0.997709572
1341846322.502433 -0.016073024 -0.188680813 0.068444133 0.070320025 0.017502425 0.005306290 0.997356892
1341846322.534002 -0.009322942 -0.212518275 0.069688909 0.077798121 0.016940363 0.006695425 0.996802688
1341846322.570196 -0.009748188 -0.219903216 0.068408132 0.088112235 0.016766820 0.009168559 0.995927215
1341846322.601920 -0.014634199 -0.230162710 0.064918667 0.093988612 0.013917001 0.012709215 0.995394945
1341846322.638119 -0.003455905 -0.241651177 0.069961444 0.099384151 0.010085634 0.011936528 0.994926453
1341846322.669947 0.009263030 -0.249506831 0.071490228 0.104420193 0.012305115 0.011335331 0.994392574
1341846322.702026 -0.001851932 -0.264635175 0.063781545 0.107176490 0.015221462 0.012218579 0.994048417
1341846322.738006 0.001600293 -0.261847973 0.066615842 0.109091528 0.012111987 0.014157112 0.993857145
1341846322.770087 0.012633205 -0.287742853 0.065202959 0.108208671 0.012349600 0.014010782 0.993952751
1341846322.806047 0.000351388 -0.296351910 0.071652040 0.112127513 0.012820275 0.016203286 0.993479013
1341846322.838063 -0.000853226 -0.302494824 0.065466061 0.114231147 0.008310689 0.017470377 0.993265867
1341846322.870081 0.003281725 -0.318863809 0.078040309 0.115956970 0.002822102 0.018543592 0.993077099
1341846322.906018 0.017535068 -0.322046757 0.084918849 0.121101886 0.000426572 0.019166807 0.992454946
1341846322.938349 0.015463324 -0.304660380 0.086667523 0.122779913 0.001522069 0.020147366 0.992228270
1341846322.970069 0.014341950 -0.308716357 0.089741386 0.117892064 0.001337199 0.021625113 0.992790103
1341846323.011820 0.021377329 -0.326995373 0.091359831 0.114314146 0.001164031 0.022594500 0.993187010
1341846323.073951 0.019578278 -0.327086926 0.093581975 0.111960657 0.001067156 0.026805559 0.993350446
1341846323.105962 0.020960890 -0.351076990 0.091164537 0.107924134 0.001072362 0.026594050 0.993802845
1341846323.138158 0.021379827 -0.353186816 0.087923951 0.108437188 0.001203559 0.023030700 0.993835807
1341846323.174092 0.016269330 -0.355471194 0.086353980 0.106522836 0.001092921 0.021773325 0.994071245
1341846323.206059 0.026964728 -0.359249711 0.090737008 0.103711262 -0.000057627 0.019576352 0.994414806
1341846323.238053 0.032070775 -0.358854085 0.094330117 0.101445280 0.002787190 0.017596247 0.994681597
1341846323.273997 0.010958186 -0.359557301 0.092465304 0.097228676 0.004212704 0.018481275 0.995081544
1341846323.305946 0.018682770 -0.368999690 0.094233632 0.091676898 -0.000343159 0.019182796 0.995603979
1341846323.342027 0.051674172 -0.393629104 0.088161625 0.088631742 -0.000448951 0.018465387 0.995893240
1341846323.374048 0.029154541 -0.400205344 0.092641681 0.089080654 0.004574108 0.019634748 0.995820403
1341846323.405987 0.007295127 -0.413704544 0.077221453 0.088981681 0.001610361 0.024209458 0.995737731
1341846323.441956 0.026595235 -0.423212886 0.087364972 0.089991167 -0.003635193 0.026496293 0.995583415
1341846323.473878 0.031461824 -0.436346680 0.087795533 0.094018258 -0.002428757 0.024730694 0.995260358
1341846323.506129 0.024032192 -0.426438451 0.084341303 0.097158015 -0.002031190 0.022351515 0.995015919
1341846323.541972 0.032469675 -0.426784962 0.084436513 0.095725492 -0.002545857 0.020334372 0.995196819
1341846323.573913 0.054064345 -0.450253874 0.074590571 0.094001316 0.000617694 0.015431111 0.995452344
1341846323.609927 0.043205433 -0.447244078 0.078106351 0.094954073 0.007533796 0.011558530 0.995386064
1341846323.642014 0.028107665 -0.456054807 0.080633685 0.093993053 0.010096393 0.011737303 0.995452464
1341846323.674081 0.025976790 -0.467598021 0.080618754 0.093890838 0.008504911 0.013978577 0.995448053
1341846323.710069 0.029343158 -0.488514394 0.074980721 0.094671272 0.006973212 0.018161725 0.995318532
1341846323.742111 0.030227093 -0.501727939 0.079979621 0.098992631 0.004736977 0.019410072 0.994887590
1341846323.774928 0.030073183 -0.494185954 0.074726067 0.103283226 0.002596206 0.016565304 0.994510651
1341846323.810012 0.030684585 -0.498799354 0.074952707 0.104700379 0.001411573 0.012694360 0.994421840
1341846323.842207 0.032353856 -0.505435646 0.074340329 0.105920382 0.001540510 0.008016961 0.994341135
1341846323.878019 0.023571847 -0.518964171 0.069446795 0.106347434 0.001410769 0.003539846 0.994321764
1341846323.909826 0.029433912 -0.530412555 0.067773581 0.109542951 -0.000655152 -0.000775822 0.993981600
1341846323.942459 0.028661525 -0.529308915 0.064989135 0.113488249 -0.000807823 -0.000654370 0.993538797
1341846323.978055 0.018871455 -0.534915149 0.064877979 0.115911357 -0.003145815 0.000742895 0.993254364
1341846324.015934 0.029145502 -0.536061168 0.065854497 0.119788371 -0.005960151 0.000711401 0.992781341
1341846324.047722 0.033528704 -0.528579533 0.059361156 0.123638570 -0.004518735 -0.000858680 0.992316663
1341846324.083904 0.031371210 -0.512924850 0.059291802 0.124298505 -0.002846870 -0.001181241 0.992240131
1341846324.115968 0.037692204 -0.512989938 0.052955177 0.121718802 -0.001571891 -0.002453652 0.992560387
1341846324.151967 0.041724462 -0.509199083 0.052018519 0.121114075 0.001293201 -0.007146483 0.992612064
1341846324.183941 0.031779982 -0.496249557 0.067197151 0.118645802 0.006131304 -0.011076454 0.992855966
1341846324.219984 0.027738331 -0.490749389 0.064386077 0.114477836 0.008058759 -0.009855428 0.993344247
1341846324.251968 0.025316458 -0.492971182 0.067081772 0.113471359 0.008209372 -0.009992735 0.993457079
1341846324.284052 0.022014206 -0.477427721 0.070740186 0.114568852 0.007646451 -0.010885203 0.993326306
1341846324.319880 0.009222100 -0.461009890 0.071410634 0.113491267 0.004709743 -0.011399720 0.993462443
1341846324.351917 0.013705183 -0.440529794 0.075192705 0.110530250 0.001050666 -0.012393832 0.993794978
1341846324.388001 0.027295128 -0.435077101 0.064521722 0.105944313 0.000508426 -0.016248945 0.994239211
1341846324.419908 0.018357614 -0.421423435 0.076218829 0.100963771 0.003253911 -0.019331446 0.994696975
1341846324.452027 0.016596666 -0.421128005 0.082399309 0.096230388 0.003285416 -0.018829051 0.995175600
1341846324.487928 0.013778684 -0.415018976 0.083049491 0.094565704 0.003124692 -0.016267035 0.995380878
1341846324.519985 0.000999246 -0.405236512 0.082162760 0.093319818 0.001528743 -0.012717903 0.995553851
1341846324.556001 0.001810875 -0.386229187 0.085186824 0.091978900 -0.003819797 -0.008305877 0.995719075
1341846324.587888 0.005159695 -0.369018257 0.086028859 0.088870436 -0.007187766 -0.006310711 0.995997250
1341846324.620086 0.003563946 -0.364049256 0.083749890 0.086466603 -0.009550883 -0.008599009 0.996171892
1341846324.655955 0.008992082 -0.349089414 0.088145100 0.085534908 -0.011061119 -0.009523849 0.996228218
1341846324.688082 0.005803509 -0.347655624 0.091877870 0.084635474 -0.010673032 -0.009113302 0.996313155
1341846324.755922 -0.011382747 -0.306702226 0.093170151 0.086634912 -0.013339682 -0.005552421 0.996135414
1341846324.814016 0.008441554 -0.270979375 0.087940589 0.081702948 -0.020081425 -0.008569260 0.996417582
1341846324.849979 -0.002305738 -0.261535704 0.095356293 0.075614855 -0.016230302 -0.011423933 0.996939600
1341846324.881924 -0.011856196 -0.255710959 0.105927624 0.072832040 -0.017022409 -0.011707056 0.997130275
1341846324.913902 -0.006163447 -0.245404333 0.103361137 0.071787521 -0.018905638 -0.008441458 0.997205079
1341846324.949999 -0.010441766 -0.250479519 0.104689896 0.071788639 -0.018737888 -0.005660578 0.997227788
1341846324.981922 -0.019497864 -0.250589728 0.106604569 0.075749002 -0.021151340 -0.001533256 0.996901453
1341846325.018013 -0.021242434 -0.237902850 0.101759724 0.080393799 -0.026188338 0.000602165 0.996419013
1341846325.050079 -0.027433340 -0.218442559 0.101286002 0.082793064 -0.030836813 -0.000847313 0.996089160
1341846325.081901 -0.024058644 -0.196384296 0.092013113 0.082605496 -0.036483735 -0.002294715 0.995911717
1341846325.118531 -0.011709654 -0.182916105 0.095676281 0.078083210 -0.038953204 -0.004691069 0.996174514
1341846325.149933 -0.015205664 -0.183118701 0.099367015 0.071858540 -0.036103230 -0.006584120 0.996739507
1341846325.181925 -0.017023861 -0.177477419 0.097416900 0.068572946 -0.035131454 -0.003829200 0.997020006
1341846325.218055 -0.019243650 -0.169941172 0.101504169 0.065745160 -0.034908693 0.000148486 0.997225702
1341846325.249811 -0.022901993 -0.161302179 0.103978984 0.063766032 -0.034852501 0.003765096 0.997349024
1341846325.285925 -0.016089452 -0.151860490 0.099663734 0.060814269 -0.036080886 0.007432023 0.997469127
1341846325.317988 -0.003672772 -0.152626008 0.108969890 0.058561720 -0.034420889 0.009802268 0.997642100
1341846325.349844 -0.008823937 -0.160598963 0.107367225 0.060612198 -0.028978618 0.011927422 0.997669399
1341846325.387302 -0.007416847 -0.145374760 0.115239963 0.066110589 -0.026431398 0.014743925 0.997353196
1341846325.417931 0.009253240 -0.131960228 0.121918671 0.069889233 -0.022462161 0.017961644 0.997140110
1341846325.450747 0.015843449 -0.140742213 0.122848272 0.073934875 -0.014467156 0.019033691 0.996976554
1341846325.485954 -0.007494877 -0.120522544 0.127538189 0.083771169 -0.006009295 0.021760097 0.996229351
1341846325.517875 -0.009041387 -0.111508809 0.127494782 0.087408155 -0.003189881 0.024464494 0.995867014
1341846325.553859 -0.003495155 -0.106785275 0.128598556 0.090252586 0.000126918 0.024525251 0.995616972
1341846325.585855 -0.010627220 -0.086673923 0.131151319 0.093288787 0.003592805 0.022557573 0.995377064
1341846325.617990 -0.010228046 -0.062288381 0.129554436 0.091142088 0.005214091 0.021775294 0.995586157
1341846325.653982 -0.012722122 -0.082294524 0.135820761 0.086852416 0.007216328 0.018639756 0.996020675
1341846325.685819 -0.015920043 -0.076459803 0.140853852 0.093119793 0.008644266 0.019967090 0.995417178
1341846325.717857 -0.017755818 -0.064972013 0.145697847 0.097413562 0.009687039 0.027208051 0.994824886
1341846325.754083 -0.022984071 -0.066802382 0.141682044 0.099997766 0.010093317 0.031197587 0.994447231
1341846325.786087 -0.022407060 -0.056321859 0.140813023 0.107718647 0.010672379 0.031626049 0.993620932
1341846325.821856 -0.023245066 -0.035127316 0.144274607 0.112321146 0.012477963 0.032658596 0.993056774
1341846325.853827 -0.029818192 -0.031574085 0.142830119 0.112808689 0.013290371 0.036538206 0.992855787
1341846325.885958 -0.042728350 -0.016173296 0.142463446 0.113776408 0.011377046 0.041356217 0.992580116
1341846325.921984 -0.034325656 -0.014005805 0.149342582 0.111941412 0.006406623 0.047565557 0.992555141
1341846325.953899 -0.021544149 -0.011344364 0.152608231 0.114796147 0.005985393 0.049717817 0.992126107
1341846325.985823 -0.026074503 0.002507840 0.158636034 0.117922612 0.009142279 0.053554092 0.991535544
1341846326.021991 -0.030345488 0.004222325 0.157966554 0.120576113 0.009429057 0.059462909 0.990876794
1341846326.054055 -0.027052848 0.021155968 0.160305232 0.126627684 0.008624328 0.062470283 0.989943683
1341846326.089984 -0.024289036 0.041257001 0.161988258 0.129894108 0.010435203 0.061415609 0.989569008
1341846326.121822 -0.022934124 0.049692567 0.161340624 0.129192337 0.014424938 0.059453379 0.989730597
1341846326.154079 -0.026819397 0.049138892 0.165736035 0.129375160 0.017129568 0.057924222 0.989754260
1341846326.190178 -0.030243268 0.061350569 0.166080803 0.132012114 0.016719723 0.060618591 0.989251614
1341846326.222162 -0.036252320 0.081661187 0.162936598 0.132023022 0.015112909 0.066051565 0.988928080
1341846326.259181 -0.040008698 0.092291482 0.174702510 0.128951877 0.012690387 0.069692366 0.989117503
1341846326.322766 -0.030284202 0.120415717 0.181624025 0.121772103 0.011369247 0.069217071 0.990076482
1341846326.359773 -0.027773067 0.123762935 0.182039484 0.117443472 0.012787448 0.067239396 0.990718126
1341846326.392109 -0.026266577 0.115503579 0.189387977 0.115309708 0.014765666 0.068151161 0.990878999
1341846326.423985 -0.031673264 0.122845583 0.191979170 0.119826563 0.015776275 0.073338307 0.989956677
1341846326.459869 -0.036686685 0.141326219 0.193788320 0.122508429 0.013378254 0.077263415 0.989364982
1341846326.526163 -0.026021659 0.178039864 0.196731314 0.123044491 0.014438194 0.076186053 0.989367127
1341846326.560211 -0.031759109 0.186475649 0.210416213 0.118048459 0.018740781 0.076332353 0.989892304
1341846326.591828 -0.031640965 0.189652920 0.215059921 0.114428878 0.020426949 0.078860916 0.990085781
1341846326.627027 -0.029501788 0.201041907 0.210339516 0.114049673 0.022142382 0.078185089 0.990146220
1341846326.658442 -0.025437430 0.220672891 0.205705643 0.112437464 0.025692083 0.076339871 0.990388870
1341846326.694856 -0.036484450 0.231422201 0.210931569 0.108752616 0.030293249 0.075916134 0.990702808
1341846326.726206 -0.030805379 0.250076026 0.222131163 0.103361316 0.030378420 0.074359857 0.991395116
1341846326.762753 -0.023844399 0.266146600 0.217250541 0.097266547 0.032501359 0.071827821 0.992130935
1341846326.826821 -0.031861797 0.305238813 0.227894008 0.083551757 0.039007261 0.067405626 0.993455589
1341846326.858887 -0.030238824 0.317020744 0.225821882 0.075460128 0.039811682 0.067468502 0.994066834
1341846326.895360 -0.037141718 0.296815276 0.248624325 0.071221702 0.040224150 0.068009213 0.994326115
1341846326.926897 -0.039583445 0.324625582 0.232859552 0.075211465 0.035994694 0.070906177 0.993991911
1341846326.958888 -0.034296893 0.318532497 0.240488932 0.075901538 0.033765644 0.073078208 0.993860424
1341846326.994594 -0.033785220 0.339126647 0.234512523 0.077382997 0.034246389 0.074755147 0.993604898
1341846327.026301 -0.034102175 0.352237999 0.235186607 0.075339206 0.035721306 0.073393725 0.993811548
1341846327.063945 -0.031401597 0.359174371 0.242035106 0.072258115 0.038098931 0.070191957 0.994183302
1341846327.094662 -0.032002158 0.366019279 0.245295614 0.071731620 0.040580489 0.068106547 0.994268239
1341846327.128901 -0.037017588 0.382432520 0.246221334 0.071442693 0.040876571 0.066809833 0.994364858
1341846327.161940 -0.033260893 0.392667919 0.247439176 0.070180058 0.039347373 0.066304006 0.994550347
1341846327.193867 -0.025708647 0.394556791 0.252943635 0.068709150 0.040480793 0.064520597 0.994724870
1341846327.229885 -0.023771703 0.408855826 0.252471685 0.069809578 0.043667462 0.063190155 0.994598806
1341846327.262014 -0.009594250 0.427334368 0.264696717 0.070376202 0.046898574 0.060468715 0.994580925
1341846327.294023 -0.011882051 0.435281247 0.269361049 0.073439606 0.060869742 0.055553760 0.993888974
1341846327.330015 -0.019854737 0.454820305 0.245375022 0.076226741 0.071386218 0.051602419 0.993192196
1341846327.361939 -0.018714504 0.468862444 0.263348073 0.073352136 0.076399200 0.045715891 0.993324041
1341846327.393887 -0.024985977 0.479983181 0.265150845 0.072085612 0.079512604 0.039454065 0.993440926
1341846327.429966 -0.035363320 0.507505417 0.271213889 0.070831932 0.080103308 0.039533511 0.993480444
1341846327.461965 -0.041008700 0.522965312 0.278540492 0.062321726 0.076148957 0.036972005 0.994459867
1341846327.497931 -0.033945743 0.531503677 0.281821847 0.057651445 0.073901691 0.036000263 0.994946659
1341846327.530068 -0.038375385 0.545511425 0.292073041 0.056452386 0.075383879 0.038167559 0.994823456
1341846327.561895 -0.036488384 0.550688982 0.293846250 0.055297825 0.071670145 0.045236859 0.994866431
1341846327.598010 -0.040988404 0.553959966 0.295018315 0.056591850 0.068796203 0.049405914 0.994798243
1341846327.629945 -0.039526474 0.571938276 0.293534249 0.057797618 0.062326327 0.050989173 0.995075405
1341846327.662003 -0.041113988 0.567642331 0.299187839 0.055990145 0.060041934 0.044616062 0.995625257
1341846327.697919 -0.045958053 0.591557801 0.294811428 0.059166890 0.059929203 0.045774452 0.995395660
1341846327.730075 -0.045348108 0.623081028 0.299118698 0.057169765 0.058419876 0.047324721 0.995529592
1341846327.766017 -0.046357095 0.626026869 0.303112298 0.051252641 0.057945479 0.047979221 0.995848179
1341846327.797917 -0.047207445 0.647491753 0.304010332 0.048063681 0.057404839 0.050168525 0.995930552
1341846327.830054 -0.044173837 0.659517407 0.305519402 0.041230559 0.056264315 0.050017912 0.996309459
1341846327.865944 -0.039025761 0.665228069 0.304280758 0.037091549 0.056887735 0.050609984 0.996406853
1341846327.898010 -0.050279345 0.673262298 0.307824343 0.033225715 0.059451129 0.051150583 0.996366084
1341846327.929991 -0.049762517 0.680936038 0.310223401 0.028565299 0.057774439 0.048809595 0.996726573
1341846327.966065 -0.049639206 0.696702540 0.306562185 0.024782607 0.057986792 0.046682067 0.996917367
1341846327.998073 -0.050435707 0.706011295 0.308970332 0.018418839 0.059093390 0.044423494 0.997093379
1341846328.034045 -0.051065866 0.711181462 0.307791799 0.011962371 0.060117692 0.042598609 0.997210205
1341846328.065993 -0.055778958 0.704182804 0.308339030 0.005141922 0.061841596 0.041912224 0.997192383
1341846328.098045 -0.054969747 0.685687959 0.313797086 0.002460769 0.062051799 0.043274257 0.997131348
1341846328.133967 -0.059132222 0.686704099 0.309531569 0.005622956 0.061258089 0.046764251 0.997010052
1341846328.166023 -0.061133388 0.683046639 0.306270838 0.005235267 0.058127195 0.047862507 0.997147441
1341846328.198018 -0.059637852 0.668430209 0.305734962 0.004269807 0.055109549 0.045147166 0.997449994
1341846328.234044 -0.057261851 0.660593271 0.300674766 0.007702195 0.053478487 0.044976048 0.997525871
1341846328.265899 -0.059820078 0.651590645 0.299653590 0.009687273 0.052117568 0.045353167 0.997563541
1341846328.302051 -0.055310372 0.625134706 0.296880692 0.011226130 0.051759358 0.045393929 0.997564197
1341846328.333917 -0.058492940 0.611784935 0.293087482 0.014584541 0.052062720 0.048570182 0.997355402
1341846328.366008 -0.049336378 0.605934918 0.287955761 0.020926476 0.049707558 0.046110354 0.997479379
1341846328.402010 -0.048802413 0.582263529 0.284225672 0.033808257 0.051713448 0.049015164 0.996885300
1341846328.433920 -0.049143918 0.558535337 0.279201597 0.036498535 0.049747095 0.049136180 0.996884525
1341846328.470003 -0.046211530 0.524253845 0.275594562 0.034150079 0.049299255 0.040978555 0.997358620
1341846328.502194 -0.038077019 0.495213211 0.274920076 0.034650691 0.050648801 0.033614919 0.997549057
1341846328.534033 -0.038603790 0.472011328 0.272211015 0.035205372 0.054021575 0.030855225 0.997441828
1341846328.570125 -0.034028586 0.450128168 0.253848791 0.036053762 0.054684728 0.030251782 0.997393906
1341846328.602804 -0.036551815 0.430285960 0.249417648 0.042365644 0.048928313 0.033697050 0.997334301
1341846328.672663 -0.035273090 0.379760742 0.242875233 0.050347943 0.036115542 0.031716563 0.997574449
1341846328.702975 -0.027936175 0.363167524 0.251467168 0.053494561 0.032027218 0.030827245 0.997578204
1341846328.770129 -0.013144136 0.330259055 0.242230490 0.062477123 0.027394017 0.028489398 0.997263551
1341846328.802331 -0.014183611 0.309804410 0.236663878 0.062799871 0.024839351 0.027669175 0.997333288
1341846328.838051 -0.009099115 0.292334616 0.232329547 0.066369049 0.022291889 0.025120556 0.997229755
1341846328.869939 -0.010275332 0.296113908 0.231182322 0.067519158 0.021382371 0.024039207 0.997199118
1341846328.904486 -0.013991526 0.274963051 0.229088530 0.062275428 0.018845204 0.023687065 0.997599959
1341846328.939814 -0.005588696 0.244162649 0.234006792 0.064329185 0.015251279 0.022923958 0.997548878
1341846328.970217 -0.002716158 0.241530359 0.223376125 0.068832062 0.013388977 0.025962638 0.997200549
1341846329.006232 0.000140506 0.229040653 0.215844348 0.069247641 0.010422538 0.031067967 0.997061193
1341846329.038243 0.006208682 0.196430191 0.217872053 0.070961118 0.009284701 0.031844363 0.996927440
1341846329.106125 0.005630195 0.196217105 0.208907768 0.075042523 0.009338843 0.030855250 0.996659160
1341846329.138340 0.010219206 0.178441107 0.206940725 0.076023571 0.008219955 0.028786894 0.996656477
1341846329.169991 0.007253498 0.176217064 0.198079616 0.078472912 0.007741322 0.027092064 0.996518075
1341846329.208656 0.010286471 0.166700721 0.194557354 0.078660376 0.006621688 0.025870120 0.996543765
1341846329.238169 0.010657706 0.170102417 0.198846608 0.079374075 0.005559314 0.025290029 0.996508539
1341846329.273827 0.012919074 0.152349278 0.197967425 0.076844186 0.004241793 0.026229208 0.996689022
1341846329.306052 0.009479973 0.151722223 0.196809888 0.078019604 0.002089982 0.024924524 0.996638060
1341846329.338104 0.016247708 0.151381180 0.190676823 0.074526452 0.000007522 0.023032727 0.996953011
1341846329.373907 0.014614673 0.125270754 0.190125868 0.069715403 -0.000525732 0.021310747 0.997339129
1341846329.405985 0.017559092 0.116734259 0.183164954 0.070941180 -0.002135437 0.018982006 0.997297585
1341846329.442057 0.015909897 0.114914462 0.182759732 0.070598334 -0.002290354 0.014837361 0.997391880
1341846329.473950 0.013316516 0.096310087 0.177575886 0.068795517 -0.003138781 0.008746815 0.997587562
1341846329.506147 0.015226160 0.092699759 0.175253212 0.069391429 -0.005359915 0.006297569 0.997555256
1341846329.542121 0.008537576 0.079439901 0.171084762 0.067206725 -0.007806438 0.005975239 0.997690678
1341846329.574086 0.018706720 0.058654822 0.169775814 0.068814650 -0.011125832 0.005130423 0.997554302
1341846329.606387 0.019062519 0.059154060 0.164806411 0.071857594 -0.011489520 0.003771183 0.997341633
1341846329.641955 0.013247045 0.054125622 0.159756452 0.071562581 -0.012247603 0.004121190 0.997352421
1341846329.681570 0.012101497 0.041129652 0.159306034 0.070578523 -0.015263793 0.003951875 0.997381628
1341846329.748113 0.018879715 0.037881941 0.161003917 0.073108792 -0.015753798 0.001482907 0.997198462
1341846329.810175 0.016687112 0.009404231 0.156965777 0.070423812 -0.012279747 0.006410541 0.997421026
1341846329.842255 0.018839560 -0.003165449 0.150898084 0.071326412 -0.012557276 0.010341400 0.997320414
1341846329.874044 0.014782242 -0.009562277 0.150472552 0.073236309 -0.012150421 0.013416917 0.997150421
1341846329.910073 0.015497381 -0.003282447 0.144132540 0.073843360 -0.012924759 0.015729675 0.997062027
1341846329.942009 0.009453833 -0.005253775 0.147570595 0.069346279 -0.012723519 0.020215783 0.997306705
1341846329.978087 0.014489882 -0.030916056 0.149476066 0.066469982 -0.013903331 0.022628225 0.997434914
1341846330.016305 0.020567562 -0.023123959 0.146734640 0.068804316 -0.013256146 0.020561792 0.997330189
1341846330.048192 0.010394871 -0.017474983 0.144147977 0.065113269 -0.011045738 0.021309743 0.997589231
1341846330.080418 0.013316408 -0.039148021 0.142397791 0.060045794 -0.011356863 0.023360658 0.997857630
1341846330.115886 0.015532509 -0.057314418 0.142797202 0.062206142 -0.009988008 0.024754673 0.997706354
1341846330.147839 0.008186178 -0.039817154 0.141039819 0.065783858 -0.009326320 0.026218558 0.997445881
1341846330.181257 0.009505262 -0.025764110 0.134257495 0.061345901 -0.010110098 0.029544679 0.997627974
1341846330.215852 0.010009471 -0.042382255 0.141048789 0.054284263 -0.009078588 0.028554633 0.998075902
1341846330.247833 0.005572126 -0.049762424 0.135290474 0.052012581 -0.008344498 0.027688509 0.998227656
1341846330.283913 0.003363853 -0.034372330 0.131206378 0.049300950 -0.008796080 0.028357681 0.998342633
1341846330.316011 0.001486356 -0.052742679 0.134930924 0.041588709 -0.009691403 0.027572466 0.998707294
1341846330.347868 0.001670338 -0.060510498 0.132940292 0.039132565 -0.011606237 0.026697773 0.998809874
1341846330.383835 0.006132173 -0.060409237 0.136470541 0.037648179 -0.012421812 0.027007168 0.998848855
1341846330.415934 0.003209118 -0.078098617 0.133808658 0.036359668 -0.011139815 0.024924129 0.998965859
1341846330.452561 -0.000627114 -0.079779260 0.129694492 0.039294526 -0.011343513 0.023650646 0.998883367
1341846330.483903 -0.004122778 -0.072357118 0.125568926 0.039915968 -0.013219571 0.026638446 0.998760402
1341846330.515970 -0.004473121 -0.083069548 0.125706136 0.037822951 -0.015607234 0.029874261 0.998715878
1341846330.552099 -0.002563755 -0.087812878 0.125355422 0.039156966 -0.017040186 0.032135680 0.998570800
1341846330.583876 -0.007809061 -0.076339535 0.123053282 0.039382298 -0.016920919 0.032213643 0.998561502
1341846330.619992 -0.011188336 -0.067056037 0.114747323 0.034938358 -0.018255636 0.032636192 0.998689592
1341846330.652136 -0.009609731 -0.074974880 0.116467424 0.027914952 -0.019795662 0.029906670 0.998966753
1341846330.683796 -0.013320619 -0.079044268 0.114060991 0.023072626 -0.019475853 0.029144991 0.999119103
1341846330.719991 -0.018946184 -0.095783420 0.109137669 0.019620782 -0.021566030 0.030221688 0.999117970
1341846330.752103 -0.022990534 -0.098450758 0.108621955 0.021588808 -0.025649812 0.034199808 0.998852611
1341846330.787952 -0.026455313 -0.093365319 0.101258598 0.022820292 -0.030332284 0.038107302 0.998552501
1341846330.819823 -0.024433624 -0.092960723 0.103123523 0.022574211 -0.035126369 0.038403902 0.998389602
1341846330.852208 -0.024179159 -0.083873078 0.093457751 0.022567252 -0.036858507 0.039283939 0.998293042
1341846330.914111 -0.029520283 -0.068658732 0.091135345 0.014037636 -0.040071767 0.039624449 0.998312116
1341846330.949903 -0.035210468 -0.083846271 0.090172969 0.009961429 -0.040658534 0.038662981 0.998375118
1341846330.981986 -0.039082453 -0.083955698 0.085778281 0.010793882 -0.045513473 0.039981928 0.998104990
1341846331.014111 -0.039962728 -0.074923284 0.083321452 0.010992714 -0.049396150 0.039532680 0.997936070
1341846331.082139 -0.041419029 -0.080422103 0.076523289 0.012500229 -0.052314952 0.036353786 0.997890472
1341846331.114334 -0.042857826 -0.077503599 0.072382227 0.012323336 -0.054563601 0.036685530 0.997760057
1341846331.149989 -0.039899670 -0.083456956 0.076502062 0.012551920 -0.055745881 0.035357621 0.997739792
1341846331.181954 -0.045553766 -0.087763958 0.066409990 0.015466476 -0.055439800 0.034048453 0.997761488
1341846331.218151 -0.053383213 -0.067155726 0.070169136 0.016426306 -0.058265604 0.034926675 0.997554719
1341846331.249914 -0.041936319 -0.080999605 0.072061457 0.013139643 -0.060933035 0.034168657 0.997470319
1341846331.318141 -0.033706632 -0.079616681 0.074262172 0.024368422 -0.051224623 0.030051097 0.997937500
1341846331.349926 -0.030471798 -0.076256268 0.068475068 0.023529893 -0.048678074 0.028826978 0.998121202
1341846331.382003 0.015684379 -0.098393850 0.087669425 0.024649305 -0.046360780 0.030551072 0.998153150
1341846331.418008 0.004398756 -0.082429208 0.098499745 0.033861212 -0.034611475 0.030983601 0.998346388
1341846331.450327 -0.005039176 -0.074322574 0.109192349 0.036215208 -0.028620448 0.030622657 0.998464644
1341846331.486219 -0.014572587 -0.068272673 0.119685128 0.036557682 -0.025801618 0.031252455 0.998509467
1341846331.518344 -0.019842137 -0.071739882 0.100183792 0.034530591 -0.024236515 0.027805673 0.998722792
1341846331.550202 -0.011315137 -0.083463870 0.105418615 0.035746980 -0.019954907 0.027394084 0.998786032
1341846331.586139 -0.026348855 -0.067467876 0.112833284 0.039214380 -0.017263146 0.026907369 0.998719335
1341846331.617931 -0.017324949 -0.064478442 0.117144987 0.038453799 -0.018046314 0.027121356 0.998729229
1341846331.654027 -0.009318891 -0.073291309 0.127255574 0.038336638 -0.015842102 0.027757157 0.998753667
1341846331.686123 -0.016684281 -0.063491300 0.130592614 0.041207135 -0.012388720 0.029696820 0.998632371
1341846331.717954 -0.023774030 -0.051635530 0.137194350 0.038599242 -0.012833208 0.029505866 0.998736620
1341846331.754076 -0.007508047 -0.065728545 0.152468905 0.035505872 -0.013614504 0.028795507 0.998861790
1341846331.785920 -0.011144076 -0.066043407 0.163482189 0.038553119 -0.010116827 0.027034231 0.998839617
1341846331.818053 -0.012794047 -0.050311495 0.176689297 0.040123627 -0.008438471 0.027360860 0.998784423
1341846331.853849 -0.010965497 -0.062598661 0.184129179 0.037673581 -0.007973070 0.026781313 0.998899400
1341846331.885987 0.000590562 -0.063422211 0.195798218 0.040855173 -0.006339001 0.025056571 0.998830795
1341846331.922014 -0.004915673 -0.053911690 0.212080434 0.043307230 -0.002663648 0.024079369 0.998768091
1341846331.954037 0.005465929 -0.054829184 0.219734028 0.043009944 -0.000664002 0.025116339 0.998758674
1341846331.986135 0.000395654 -0.062716559 0.243409917 0.045245327 0.005460432 0.025855849 0.998626351
1341846332.022364 -0.009048294 -0.068414330 0.256306797 0.052006919 0.011319162 0.026208488 0.998238623
1341846332.054175 -0.007022007 -0.067189403 0.257926852 0.058294799 0.011587540 0.027653622 0.997849047
1341846332.086502 -0.004448081 -0.063015461 0.270390719 0.061388992 0.011334169 0.029329989 0.997618556
1341846332.122051 -0.002833928 -0.057857919 0.278402656 0.063359715 0.012120243 0.028560556 0.997508347
1341846332.153983 -0.008306731 -0.041229185 0.296979129 0.062350400 0.011831871 0.026658332 0.997628152
1341846332.190165 -0.011871327 -0.043709718 0.312145680 0.055366624 0.010343199 0.024418138 0.998113930
1341846332.254145 -0.009754942 -0.063148320 0.336281419 0.054667532 0.010679021 0.022109624 0.998202741
1341846332.289948 -0.015032388 -0.056279488 0.348351151 0.057288218 0.010798347 0.024188180 0.998006225
1341846332.322172 -0.011398082 -0.059407648 0.359039992 0.057773925 0.009903925 0.026359398 0.997932494
1341846332.354003 -0.001436511 -0.063774027 0.367243230 0.060093336 0.011122731 0.023735294 0.997848511
1341846332.390180 -0.000901780 -0.046366557 0.381713271 0.063134141 0.015784020 0.020938681 0.997660518
1341846332.422055 -0.005571678 -0.046960816 0.392677397 0.060972482 0.018745063 0.017723998 0.997806013
1341846332.458114 0.001541378 -0.047658719 0.402299881 0.060532343 0.020362968 0.014228213 0.997857094
1341846332.489993 -0.009352612 -0.043144625 0.416848719 0.061714608 0.023131799 0.015596923 0.997703850
1341846332.522130 -0.015885966 -0.041379727 0.425460964 0.061290797 0.019600129 0.020866957 0.997709334
1341846332.558114 -0.010138161 -0.045138761 0.433558106 0.060936328 0.013394413 0.027662102 0.997668445
1341846332.589874 -0.000232967 -0.031811699 0.438687533 0.061768889 0.009680902 0.032895818 0.997501254
1341846332.621889 -0.003605349 -0.023184534 0.447896659 0.057550322 0.010234104 0.033792410 0.997718096
1341846332.658202 -0.001441268 -0.029797385 0.457915068 0.053147972 0.011013200 0.032104906 0.998009741
1341846332.690001 0.000926150 -0.025427645 0.471219331 0.051474802 0.011746107 0.033491530 0.998043478
1341846332.726000 -0.001751515 -0.029812194 0.483574748 0.050160676 0.010852416 0.037441812 0.997980177
1341846332.758386 0.006208194 -0.028625352 0.484022290 0.051002108 0.007516482 0.039326023 0.997895658
1341846332.789937 0.017685913 -0.019626124 0.491176546 0.050854392 0.007546711 0.038413346 0.997938573
1341846332.825925 0.017689465 -0.022592867 0.502852559 0.048317079 0.010164220 0.037177276 0.998088181
1341846332.857898 0.021354625 -0.025199674 0.513341665 0.048838377 0.011283363 0.037128557 0.998052597
1341846332.894069 0.019896872 -0.009484813 0.520582259 0.049958389 0.011536945 0.036780987 0.998007178
1341846332.926029 0.025936009 -0.005962482 0.522833765 0.046251137 0.011548384 0.034590695 0.998264015
1341846332.958015 0.029407876 -0.004996401 0.541107655 0.043194678 0.014155878 0.031945154 0.998455524
1341846332.994073 0.027718913 0.002603763 0.547949493 0.040856723 0.015701054 0.029157557 0.998616099
1341846333.026545 0.035977691 0.003091647 0.554148614 0.038226321 0.015964847 0.027103463 0.998773932
1341846333.057998 0.039158896 0.003782840 0.558327973 0.037136540 0.018275166 0.027476015 0.998765290
1341846333.094024 0.043535139 0.004368218 0.570397675 0.037678901 0.019633757 0.031654522 0.998595476
1341846333.126095 0.047238518 0.007878124 0.575175345 0.038640667 0.021578895 0.033518381 0.998457730
1341846333.161973 0.056258105 0.016397700 0.579703450 0.038147137 0.023225490 0.034815434 0.998395383
1341846333.195660 0.052523267 0.014191670 0.587975025 0.034858007 0.026084511 0.036522526 0.998383999
1341846333.226331 0.053605571 0.017873732 0.590165675 0.033871140 0.026666645 0.035728265 0.998431385
1341846333.262056 0.055425186 0.024649488 0.596787035 0.031109717 0.027091403 0.033796616 0.998576999
1341846333.294147 0.058639504 0.021358138 0.602730274 0.027354227 0.026535079 0.033227332 0.998721063
1341846333.326100 0.062261879 0.024582433 0.605876744 0.026030535 0.024790971 0.032233857 0.998833716
1341846333.362100 0.065155350 0.032197900 0.606759548 0.023477975 0.024045369 0.030637911 0.998965442
1341846333.394119 0.063578211 0.021934552 0.611543000 0.018158909 0.022940397 0.030427743 0.999108732
1341846333.429974 0.063870192 0.024620231 0.613056839 0.017744398 0.021438589 0.030192729 0.999156654
1341846333.462115 0.073324561 0.021912470 0.615413308 0.017322516 0.020226711 0.028806815 0.999230206
1341846333.494040 0.070638955 0.022737991 0.618609369 0.018333988 0.021924775 0.027722854 0.999206960
1341846333.529953 0.076102659 0.019636262 0.611377418 0.018864652 0.022370901 0.026996139 0.999207139
1341846333.562063 0.070894904 0.023772739 0.614878654 0.020201892 0.025517711 0.028762853 0.999056339
1341846333.594090 0.062056560 0.030580493 0.615274608 0.019238446 0.025675679 0.029909117 0.999037623
1341846333.629994 0.068276823 0.036233425 0.615258813 0.016467085 0.021970879 0.028537620 0.999215603
1341846333.662127 0.069285311 0.033809431 0.612712085 0.012859244 0.020801680 0.028157579 0.999304354
1341846333.697964 0.066669695 0.023450686 0.612729788 0.009949894 0.021594284 0.029207075 0.999290645
1341846333.730092 0.067299508 0.020741943 0.610080659 0.012319972 0.021661296 0.029883869 0.999242723
1341846333.762089 0.065124772 0.022932228 0.606006742 0.014257940 0.022628428 0.031435121 0.999147952
1341846333.798006 0.065224364 0.022247953 0.603927195 0.016053606 0.023097677 0.030584797 0.999136269
1341846333.830055 0.068074651 0.020775344 0.598241150 0.018383475 0.023921475 0.029036367 0.999122977
1341846333.866045 0.063092537 0.020260444 0.594180942 0.019414702 0.025633115 0.027278788 0.999110579
1341846333.897987 0.061454967 0.016377389 0.589243710 0.020727061 0.025782730 0.026421543 0.999103367
1341846333.930099 0.054884430 0.010212079 0.581868231 0.022953987 0.027683858 0.024933731 0.999042094
1341846333.965889 0.054766446 0.011987533 0.575577438 0.025538212 0.028378705 0.024887335 0.998961031
1341846333.997985 0.055146966 0.008537806 0.569112182 0.028117057 0.029194340 0.024396399 0.998880386
1341846334.030076 0.053647529 0.013130696 0.572051823 0.031719297 0.030596418 0.026341273 0.998681068
1341846334.066000 0.048165742 0.010644929 0.566763818 0.033133604 0.030647557 0.027930062 0.998590469
1341846334.097932 0.053896714 0.009233256 0.557479680 0.034997802 0.029678153 0.027656931 0.998563707
1341846334.133884 0.046615839 0.008406050 0.554067791 0.036463283 0.031518973 0.028023161 0.998444617
1341846334.166115 0.039007869 0.010615059 0.547978103 0.036949527 0.030699173 0.028644420 0.998434722
1341846334.198072 0.037985202 0.008321621 0.540409803 0.037271168 0.028999027 0.027549546 0.998504341
1341846334.234097 0.038086675 0.010045230 0.534916162 0.037772816 0.029586671 0.026464622 0.998497605
1341846334.266045 0.033563986 0.008161336 0.527380526 0.037864737 0.031142352 0.027153725 0.998428345
1341846334.297946 0.027442580 0.008665918 0.520715773 0.039286684 0.029946564 0.027984822 0.998387039
1341846334.334036 0.025878696 0.009493507 0.512547433 0.039561313 0.028318668 0.028914247 0.998397231
1341846334.365871 0.026238307 0.011405302 0.502320766 0.039180156 0.028222850 0.027353190 0.998458922
1341846334.401845 0.022240115 0.011899241 0.498217642 0.037910800 0.029322946 0.025978051 0.998512983
1341846334.433864 0.013211860 0.006556552 0.491465151 0.037748944 0.028866492 0.026659537 0.998514473
1341846334.466105 0.015289913 0.010263283 0.481551319 0.038651805 0.026630063 0.027415821 0.998521566
1341846334.502142 0.007197461 0.012777224 0.475673914 0.037550889 0.026010640 0.027953880 0.998564959
1341846334.540153 0.006860889 0.009280048 0.468826711 0.036931243 0.024739213 0.026855048 0.998650551
1341846334.602351 -0.005742569 0.016974524 0.453636795 0.032320302 0.021510929 0.020042486 0.999045074
1341846334.670161 -0.010488080 0.013059149 0.436959922 0.026976565 0.018898882 0.012872289 0.999374568
1341846334.702085 -0.018596625 0.006551149 0.427991271 0.025107093 0.017126482 0.013402342 0.999448240
1341846334.734751 -0.017564725 0.007310093 0.421714216 0.025507212 0.013948064 0.015003074 0.999464810
1341846334.770889 -0.024165770 0.007222885 0.414485276 0.025450572 0.012915771 0.017302699 0.999442935
1341846334.802194 -0.030100917 0.009718230 0.401316613 0.025303753 0.010583082 0.018281458 0.999456644
1341846334.833908 -0.025758984 0.011478664 0.391681850 0.024870465 0.008127632 0.016349871 0.999523938
1341846334.869874 -0.028124645 0.012343752 0.380154371 0.023270464 0.007906488 0.016317245 0.999564826
1341846334.902006 -0.033574641 0.008412019 0.368613064 0.020958163 0.006363810 0.016891677 0.999617457
1341846334.938010 -0.038085632 0.007914237 0.358607441 0.020648029 0.003448347 0.016352834 0.999647141
1341846334.970032 -0.035001483 0.007588228 0.354488760 0.020645482 0.002216357 0.015490243 0.999664426
1341846335.002203 -0.041914374 0.003884163 0.342978239 0.022023989 0.003155779 0.016763793 0.999611914
1341846335.037880 -0.052081630 0.003636076 0.331042528 0.024763852 0.000727421 0.018986203 0.999512792
1341846335.069990 -0.046056964 0.005719315 0.321585566 0.024796806 -0.003314039 0.019273162 0.999501228
1341846335.106038 -0.045301173 0.000645916 0.307919562 0.024484616 -0.002095198 0.017585214 0.999543369
1341846335.138045 -0.051664453 -0.001091301 0.294279754 0.026292495 -0.000495893 0.016705543 0.999514639
1341846335.169900 -0.055473000 0.007385049 0.289128363 0.027344566 -0.003213958 0.016963279 0.999477029
1341846335.206091 -0.053656235 0.002545478 0.273759097 0.025866175 -0.005301356 0.014350119 0.999548435
1341846335.239365 -0.051840667 -0.002419380 0.266320884 0.025502203 -0.004448206 0.011798242 0.999595284
1341846335.269948 -0.055341508 -0.002410460 0.259655654 0.027180564 -0.002913889 0.010529215 0.999570906
1341846335.305972 -0.064264514 -0.004623373 0.240216643 0.029007537 -0.003811722 0.011744060 0.999503016
1341846335.338012 -0.060157795 -0.005112712 0.234822437 0.030417096 -0.005883425 0.013249194 0.999432206
1341846335.374005 -0.052618314 -0.013579736 0.219714254 0.034231268 -0.004640420 0.014248732 0.999301672
1341846335.406025 -0.056705892 -0.007662614 0.215092108 0.042057935 -0.001839584 0.016244140 0.998981416
1341846335.438079 -0.055955958 -0.003624902 0.202505544 0.047180340 -0.001440571 0.019958079 0.998685956
1341846335.473998 -0.054859418 0.001001289 0.195781350 0.049670227 -0.000069782 0.021250559 0.998539567
1341846335.507038 -0.052555602 0.007192456 0.181546107 0.051055908 0.002503842 0.019235933 0.998507440
1341846335.538040 -0.066588737 0.018315906 0.175489828 0.051626965 0.006068978 0.016150091 0.998517454
1341846335.574119 -0.073160127 0.021979576 0.162615791 0.049014505 0.006179688 0.016581738 0.998641312
1341846335.605970 -0.073025957 0.013661208 0.156242147 0.046936791 0.005441336 0.015667468 0.998760164
1341846335.641978 -0.069611169 0.016593488 0.140812010 0.048391014 0.006357461 0.013351438 0.998719037
1341846335.673993 -0.075503297 0.020021148 0.131200999 0.048260421 0.007308312 0.013395664 0.998718202
1341846335.706178 -0.077388301 0.018124260 0.118645921 0.047583546 0.005985994 0.014073820 0.998750210
1341846335.741982 -0.072548211 0.017092612 0.112532884 0.047999743 0.005174742 0.013223289 0.998746455
1341846335.773960 -0.079272963 0.021889508 0.101266764 0.048310257 0.006213447 0.012935345 0.998729289
1341846335.806271 -0.080168419 0.028556008 0.085170105 0.046637259 0.005599236 0.012933664 0.998812497
1341846335.842031 -0.077748254 0.021376941 0.079928793 0.044044808 0.006079881 0.013135262 0.998924732
1341846335.873966 -0.081082247 0.020825524 0.071743093 0.045078162 0.007997756 0.012481834 0.998873472
1341846335.910005 -0.089265898 0.025875326 0.060629640 0.044805296 0.008185729 0.014352780 0.998859107
1341846335.941936 -0.091139361 0.026585858 0.048240762 0.043762170 0.006136124 0.015131013 0.998908579
1341846335.974198 -0.088269144 0.025327859 0.036251239 0.043390453 0.004965624 0.012930045 0.998962224
1341846336.010032 -0.093927175 0.029008197 0.028389215 0.043524846 0.005375988 0.011656994 0.998969913
1341846336.042129 -0.101000100 0.024619315 0.022143191 0.041956056 0.004415172 0.012342944 0.999033451
1341846336.078076 -0.102140538 0.022111740 0.014366745 0.041843176 0.002344675 0.011665842 0.999053359
1341846336.110739 -0.101539426 0.024388682 0.009781184 0.042478517 0.001953401 0.010221464 0.999043226
1341846336.142002 -0.107024923 0.023937637 -0.006773721 0.042211063 0.002204856 0.011011221 0.999045610
1341846336.183953 -0.114542730 0.029143760 -0.014290638 0.042273954 -0.000006618 0.011753855 0.999036908
1341846336.241891 -0.114039972 0.027728939 -0.026214870 0.040049776 -0.000829045 0.011006480 0.999136686
1341846336.277946 -0.123817973 0.021896718 -0.032160543 0.040179104 -0.000052066 0.013003922 0.999107897
1341846336.309977 -0.126923978 0.022411283 -0.040173978 0.043054987 -0.002560173 0.015724251 0.998945653
1341846336.346143 -0.125287116 0.025103671 -0.052110080 0.044916328 -0.004228518 0.017072177 0.998835921
1341846336.377975 -0.125100836 0.025193013 -0.059024673 0.045611225 -0.004082320 0.016643938 0.998812258
1341846336.410032 -0.129465580 0.029365111 -0.066274665 0.046911463 -0.003332090 0.016614238 0.998755336
1341846336.446041 -0.132220536 0.033720613 -0.080577709 0.046525959 -0.003592119 0.016540170 0.998773694
1341846336.477990 -0.131347314 0.031549055 -0.084032834 0.045245770 -0.003836893 0.016294410 0.998835623
1341846336.510056 -0.131637976 0.029055445 -0.087864488 0.045267150 -0.003447824 0.017256713 0.998819947
1341846336.546024 -0.132932901 0.028788915 -0.098731183 0.046374828 -0.003181810 0.018898485 0.998740256
1341846336.578003 -0.136661768 0.035351295 -0.110946067 0.046447612 -0.003369465 0.020189002 0.998711050
1341846336.614020 -0.133573279 0.036777794 -0.107872814 0.045774397 -0.002957650 0.019427782 0.998758554
1341846336.645982 -0.138498992 0.042340107 -0.118161678 0.044959653 -0.001514508 0.018753037 0.998811662
1341846336.678036 -0.147132561 0.037376512 -0.124696150 0.042989954 -0.003036207 0.019199528 0.998886406
1341846336.714024 -0.147920460 0.030123800 -0.127520800 0.044107072 -0.005280721 0.018546157 0.998840690
1341846336.746016 -0.153755799 0.026813103 -0.134932190 0.047899697 -0.007079335 0.020534655 0.998616040
1341846336.778014 -0.159072667 0.036144666 -0.148649678 0.051128346 -0.010968805 0.023838822 0.998347282
1341846336.820006 -0.155238912 0.039975032 -0.148243815 0.051738515 -0.015283335 0.026821215 0.998183489
1341846336.882056 -0.164910451 0.036636524 -0.160042435 0.054463331 -0.016729314 0.024400476 0.998077452
1341846336.914273 -0.169447869 0.026920862 -0.168320104 0.056085192 -0.021106208 0.026727157 0.997844994
1341846336.945998 -0.164508849 0.023779564 -0.171325982 0.062197670 -0.028260091 0.029259812 0.997234523
1341846336.981980 -0.171627194 0.045040127 -0.187386081 0.066893294 -0.031538203 0.026760979 0.996902466
1341846337.014238 -0.169569150 0.047669210 -0.193256915 0.063871786 -0.034518827 0.024376601 0.997063041
1341846337.046017 -0.166579634 0.045433182 -0.183357969 0.061396573 -0.036200296 0.020205485 0.997252107
1341846337.082104 -0.171026289 0.048265889 -0.189580277 0.060780365 -0.036337670 0.017458081 0.997336745
1341846337.114317 -0.174143717 0.050050866 -0.191654339 0.059005126 -0.038600773 0.017147442 0.997363746
1341846337.150037 -0.170883819 0.044730678 -0.197069749 0.056893390 -0.040678456 0.015562793 0.997429788
1341846337.181873 -0.165068567 0.045300882 -0.198945373 0.056500528 -0.040920701 0.012483758 0.997485518
1341846337.214073 -0.173407644 0.057141125 -0.205131635 0.054790895 -0.038691599 0.010007603 0.997697771
1341846337.250087 -0.180380538 0.043588459 -0.209636599 0.051135525 -0.039955195 0.011467733 0.997826338
1341846337.282028 -0.180911154 0.041278917 -0.210204542 0.052437279 -0.044467710 0.015328176 0.997515976
1341846337.317920 -0.172331661 0.046936002 -0.206420437 0.052341592 -0.046511784 0.015354232 0.997427344
1341846337.350018 -0.178107724 0.054171536 -0.213071167 0.051166717 -0.045318674 0.014860831 0.997550666
1341846337.382159 -0.172775537 0.046326760 -0.213268384 0.047811329 -0.045358546 0.013077329 0.997740269
1341846337.417941 -0.176803485 0.037431411 -0.220885023 0.048084825 -0.044324048 0.013576731 0.997766972
1341846337.450137 -0.180175006 0.048869200 -0.230266452 0.049397469 -0.046167821 0.014611548 0.997604609
1341846337.482096 -0.175765544 0.046309266 -0.226811156 0.047690317 -0.046789359 0.015596822 0.997643828
1341846337.518008 -0.180161238 0.037237342 -0.229793116 0.048183840 -0.046852775 0.015385589 0.997620463
1341846337.549978 -0.179662883 0.052390281 -0.234883085 0.049285531 -0.047633912 0.013691608 0.997554302
1341846337.585971 -0.178101599 0.048477352 -0.227865398 0.046240732 -0.048200488 0.012846351 0.997684121
1341846337.617903 -0.175620839 0.027857753 -0.230023742 0.046371184 -0.048868209 0.013441689 0.997637689
1341846337.650141 -0.175713748 0.046819124 -0.231840149 0.050059173 -0.049124390 0.012667886 0.997456968
1341846337.686352 -0.177360445 0.049934316 -0.234223992 0.048365332 -0.048759680 0.012973885 0.997554541
1341846337.718002 -0.171563014 0.047658775 -0.223231524 0.046412770 -0.048722602 0.013008137 0.997648656
1341846337.749920 -0.168877333 0.051160760 -0.222003132 0.046263456 -0.046795182 0.012379411 0.997755826
1341846337.786157 -0.169919357 0.057618406 -0.219309613 0.043241564 -0.043898318 0.012443073 0.998022199
1341846337.817945 -0.164138168 0.053406209 -0.210264370 0.040797155 -0.042161744 0.014175238 0.998176873
1341846337.854071 -0.163416386 0.057433181 -0.208962545 0.039643519 -0.038675319 0.013199274 0.998377919
1341846337.885951 -0.168134868 0.064101182 -0.204556078 0.036787216 -0.035921719 0.011533948 0.998610735
1341846337.918223 -0.164350823 0.062839329 -0.198390469 0.032259133 -0.034801971 0.008927683 0.998833597
1341846337.954120 -0.164122239 0.061822388 -0.190516621 0.029902812 -0.033309661 0.008634742 0.998960316
1341846337.985994 -0.160964593 0.070770584 -0.186025769 0.027487218 -0.032704540 0.009097529 0.999045610
1341846338.018107 -0.160028189 0.064981826 -0.176531494 0.023655571 -0.030886415 0.009839182 0.999194503
1341846338.054055 -0.154597118 0.070768110 -0.173775703 0.021487596 -0.029743914 0.008960325 0.999286413
1341846338.085986 -0.150078639 0.067820832 -0.164449751 0.017709713 -0.026742613 0.008990080 0.999445021
1341846338.121875 -0.152437314 0.064366870 -0.154099897 0.015763115 -0.024309516 0.010818453 0.999521673
1341846338.154089 -0.154656306 0.064948477 -0.147224173 0.014821362 -0.023555752 0.014209399 0.999511659
1341846338.186029 -0.150114745 0.066163033 -0.139112383 0.013795771 -0.024310015 0.016510727 0.999472916
1341846338.222071 -0.143763199 0.069731057 -0.131333932 0.012575403 -0.023394382 0.015704850 0.999523878
1341846338.254107 -0.145273477 0.066053480 -0.119049087 0.010618750 -0.021420581 0.016401805 0.999579608
1341846338.290130 -0.142882705 0.063369617 -0.110830627 0.010879721 -0.021567892 0.018229797 0.999541998
1341846338.321952 -0.142898858 0.068890043 -0.105022684 0.011268906 -0.020639284 0.019968631 0.999524057
1341846338.354022 -0.139748961 0.067237049 -0.091602094 0.010659114 -0.020169705 0.020138958 0.999536872
1341846338.389969 -0.140077680 0.074462712 -0.085804589 0.010566899 -0.019099537 0.020472167 0.999552131
1341846338.422377 -0.138022169 0.071702905 -0.072780080 0.008541762 -0.018837159 0.020749256 0.999570787
1341846338.454010 -0.137908712 0.074362658 -0.067222469 0.007571792 -0.019122407 0.019909933 0.999590278
1341846338.489894 -0.134466127 0.072454080 -0.053790573 0.005854040 -0.019770734 0.020126864 0.999584854
1341846338.522066 -0.132544711 0.069082640 -0.044120725 0.006429901 -0.019545794 0.019580789 0.999596536
1341846338.558058 -0.134304643 0.078637540 -0.040253460 0.006303648 -0.019332053 0.018927963 0.999614120
1341846338.589842 -0.126792058 0.076495297 -0.024219234 0.003942774 -0.020204565 0.018757736 0.999612153
1341846338.622019 -0.121756345 0.074058533 -0.010681770 0.004790555 -0.019493693 0.019647475 0.999605477
1341846338.657984 -0.127413392 0.078567356 -0.008229534 0.005202816 -0.019099049 0.021738151 0.999567747
1341846338.690198 -0.121336736 0.079826668 -0.000187988 0.003107555 -0.020175930 0.021037607 0.999570310
1341846338.722454 -0.111189283 0.073654033 0.018955521 0.001998619 -0.019890273 0.022116154 0.999555588
1341846338.757945 -0.122213356 0.080658481 0.020405522 0.002574132 -0.018740106 0.023233920 0.999551117
1341846338.790039 -0.117373005 0.080692083 0.031479869 0.000388971 -0.021380182 0.024100030 0.999480844
1341846338.826048 -0.105937645 0.077071279 0.045295771 0.000418640 -0.021250803 0.022764493 0.999514878
1341846338.858027 -0.111322127 0.085093327 0.047484256 0.000963882 -0.019013248 0.021713706 0.999583006
1341846338.889902 -0.106212668 0.084466420 0.060715180 -0.001917467 -0.020663302 0.021271160 0.999558389
1341846338.925948 -0.101239011 0.083675064 0.076324292 -0.002266145 -0.019871699 0.018956736 0.999620259
1341846338.958108 -0.101715736 0.083339341 0.086866111 -0.002106369 -0.017521352 0.018558143 0.999671996
1341846338.990057 -0.096600935 0.079048552 0.098740287 -0.002193303 -0.018212069 0.019938843 0.999632895
1341846339.025928 -0.091665030 0.079263940 0.114134707 0.000322218 -0.017488880 0.019771701 0.999651551
1341846339.057939 -0.091740079 0.084880009 0.124380097 0.003253896 -0.014884118 0.020336496 0.999677122
1341846339.093927 -0.100722037 0.091640487 0.124150284 0.002526993 -0.014391509 0.021070931 0.999671221
1341846339.126562 -0.091221996 0.095125936 0.131114289 -0.000593771 -0.016270457 0.020072021 0.999665976
1341846339.157969 -0.079018854 0.095484689 0.149907112 -0.002982510 -0.014361063 0.018122831 0.999728203
1341846339.194113 -0.083075151 0.097836450 0.157763228 -0.005100214 -0.013102119 0.019125225 0.999718308
1341846339.228165 -0.080026895 0.099320613 0.165907472 -0.009033388 -0.015489315 0.021949986 0.999598265
1341846339.257998 -0.074589700 0.097694546 0.178696394 -0.011298537 -0.014505727 0.021130271 0.999607682
1341846339.294132 -0.074312091 0.104549393 0.189416245 -0.010719100 -0.012058398 0.022639118 0.999613523
1341846339.326577 -0.075410642 0.115082115 0.196405143 -0.014286998 -0.014119104 0.025948083 0.999461472
1341846339.362269 -0.067121133 0.109572686 0.207357660 -0.018993767 -0.017016774 0.023432720 0.999400139
1341846339.394725 -0.061537609 0.114223413 0.218995154 -0.019289294 -0.015111338 0.022806592 0.999439597
1341846339.462186 -0.055186030 0.112886541 0.236673549 -0.022898957 -0.016296895 0.021847501 0.999366224
1341846339.496743 -0.038395252 0.107420750 0.244609371 -0.020982545 -0.013894193 0.021588668 0.999450147
1341846339.562052 -0.043507945 0.106586725 0.266295582 -0.019730654 -0.009849283 0.023780007 0.999473929
1341846339.595122 -0.035010595 0.110891476 0.275061667 -0.016877936 -0.009607445 0.022587445 0.999556243
1341846339.632085 -0.030581079 0.111602984 0.277369827 -0.015791014 -0.006048672 0.020344852 0.999650002
1341846339.664568 -0.029085884 0.108061917 0.290400088 -0.015644958 -0.003313590 0.018538935 0.999700248
1341846339.698896 -0.029641813 0.104304716 0.299816579 -0.016153915 -0.001859757 0.017719271 0.999710798
1341846339.731977 -0.025284711 0.103640079 0.307276040 -0.016040018 -0.001771565 0.016193565 0.999738693
1341846339.762241 -0.020166852 0.102520883 0.319887370 -0.015637776 -0.000748578 0.016456829 0.999742031
1341846339.797873 -0.020230878 0.101311676 0.324587643 -0.015792048 -0.000220025 0.017586246 0.999720693
1341846339.830245 -0.014689239 0.101296254 0.332387120 -0.016076174 -0.001190273 0.018317346 0.999702334
1341846339.862015 -0.012275339 0.102295801 0.337509453 -0.016398422 -0.001024971 0.017529372 0.999711394
1341846339.897797 -0.007941294 0.101432487 0.344863355 -0.017420800 -0.000006505 0.016914632 0.999705255
1341846339.929916 -0.004523980 0.094336905 0.356515050 -0.018494328 0.000815716 0.019194616 0.999644399
1341846339.961960 -0.004019451 0.091390960 0.362246215 -0.017461980 0.000450669 0.019817041 0.999651074
1341846339.997845 0.004946356 0.093140900 0.361638755 -0.015813069 0.000872842 0.019716918 0.999680161
1341846340.029925 0.005689165 0.093206339 0.369696438 -0.014745190 0.003555028 0.021106603 0.999662161
1341846340.066044 0.008292264 0.090042934 0.377299279 -0.012975832 0.004844811 0.022207759 0.999657452
1341846340.098009 0.007972064 0.093434401 0.383868366 -0.011611721 0.005682306 0.022757038 0.999657512
1341846340.130102 0.012201874 0.092784844 0.390599400 -0.012403268 0.005165280 0.021753041 0.999673128
1341846340.166041 0.019202061 0.089644402 0.397450686 -0.011732984 0.007012028 0.020401726 0.999698400
1341846340.197867 0.019161586 0.092821755 0.405748725 -0.010272401 0.009511844 0.020163544 0.999698699
1341846340.229904 0.019708076 0.096540481 0.411998540 -0.011116639 0.009491066 0.020077510 0.999691606
1341846340.265859 0.024015954 0.090133749 0.419906795 -0.012365995 0.010488325 0.019407580 0.999680221
1341846340.298061 0.026018331 0.092648968 0.427015722 -0.009712609 0.012727137 0.020063974 0.999670506
1341846340.334063 0.023358738 0.095925599 0.430969000 -0.010823855 0.011992471 0.022692854 0.999611974
1341846340.366064 0.029613176 0.090250127 0.438882500 -0.012861046 0.009531354 0.020927085 0.999652922
1341846340.397995 0.033718828 0.089698128 0.444978714 -0.010862004 0.010097296 0.020663572 0.999676466
1341846340.433895 0.033781644 0.091222078 0.448398173 -0.010153418 0.009883522 0.022475924 0.999646962
1341846340.465959 0.032781474 0.092009306 0.452015817 -0.009428088 0.007827630 0.023839537 0.999640763
1341846340.501858 0.039616466 0.089627855 0.447790533 -0.009013851 0.003725142 0.024029819 0.999663711
1341846340.534329 0.042829264 0.090988144 0.448832631 -0.008307278 0.002462877 0.023463935 0.999687195
1341846340.566041 0.047522798 0.087079488 0.451640069 -0.007281495 0.001116637 0.023958046 0.999685884
1341846340.601909 0.056102175 0.085791491 0.447585106 -0.004991224 -0.000312107 0.024554251 0.999686003
1341846340.634005 0.055259727 0.093061246 0.447668970 -0.003074319 -0.000427290 0.022584261 0.999740183
1341846340.666028 0.058140796 0.087790683 0.440765232 -0.004179890 0.000129629 0.020387525 0.999783456
1341846340.701946 0.063524723 0.085225187 0.442542136 -0.002448877 0.001170448 0.018271130 0.999829412
1341846340.733954 0.065401532 0.088202119 0.438483745 -0.001252732 0.002640346 0.017128253 0.999849081
1341846340.770081 0.065563783 0.090368897 0.437495202 -0.001789091 0.003502741 0.014368960 0.999889076
1341846340.801980 0.071237542 0.087225452 0.434146851 -0.002141140 0.004041352 0.008848316 0.999950469
1341846340.833999 0.074788190 0.092167355 0.432073861 -0.001710313 0.005845028 0.005306329 0.999967456
1341846340.870013 0.070660181 0.091015555 0.435774624 -0.003200097 0.006256524 0.003754402 0.999968290
1341846340.901955 0.072081663 0.088001020 0.435544819 -0.002497468 0.005875062 0.003964581 0.999971807
1341846340.933918 0.066803157 0.090587251 0.434537560 -0.000163388 0.006092135 0.006314815 0.999961495
1341846340.970122 0.066859901 0.093381844 0.432108432 0.001571952 0.003055534 0.011132049 0.999932170
1341846341.001922 0.064728200 0.088411175 0.424899876 0.002264590 -0.000848746 0.016446512 0.999861836
1341846341.037923 0.070682712 0.089155093 0.422422051 0.003441768 -0.004220295 0.018990362 0.999804854
1341846341.070300 0.070322089 0.088431120 0.421612442 0.004001734 -0.004945176 0.018785691 0.999803305
1341846341.102028 0.066528872 0.089312531 0.416915268 0.004082702 -0.006001761 0.018935174 0.999794364
1341846341.137982 0.069239169 0.088422909 0.414477944 0.004046370 -0.008257938 0.018672064 0.999783397
1341846341.170048 0.071800187 0.087276094 0.416338027 0.004532496 -0.009016150 0.020065377 0.999747753
1341846341.202110 0.070222527 0.082537465 0.409567416 0.005386076 -0.008926739 0.022002026 0.999703586
1341846341.237996 0.073182873 0.084838264 0.409802288 0.007463633 -0.009106741 0.022498813 0.999677598
1341846341.269883 0.069422267 0.082414664 0.406006068 0.008388549 -0.008300413 0.023089698 0.999663770
1341846341.306107 0.067765065 0.085792542 0.404670864 0.009416024 -0.008686104 0.021621644 0.999684155
1341846341.338109 0.075257868 0.084241152 0.399822623 0.009813191 -0.008937929 0.020361219 0.999704599
1341846341.370120 0.074742079 0.085004538 0.398951203 0.010575365 -0.007678165 0.018076418 0.999751210
1341846341.406074 0.071737714 0.084829234 0.400135189 0.010612892 -0.007112330 0.017629409 0.999762952
1341846341.438113 0.069225632 0.077091269 0.398205966 0.011032256 -0.008632914 0.017786004 0.999743700
1341846341.470024 0.074513063 0.081062466 0.395815492 0.014385334 -0.009315303 0.016084418 0.999723792
1341846341.506077 0.067289017 0.088939928 0.394963205 0.015140087 -0.007631429 0.014725673 0.999747813
1341846341.538156 0.061205935 0.083854683 0.397311896 0.013673652 -0.008982751 0.014994541 0.999753773
1341846341.574016 0.065154083 0.086245470 0.393948674 0.015082541 -0.011515249 0.015835157 0.999694586
1341846341.612466 0.063546292 0.086339451 0.390780807 0.015432932 -0.012047458 0.016088491 0.999678910
1341846341.643972 0.060507555 0.087984443 0.391965896 0.014643895 -0.013123309 0.015042700 0.999693513
1341846341.679982 0.057924509 0.084697686 0.391643196 0.014148434 -0.014268527 0.015232595 0.999682069
1341846341.712332 0.055155583 0.084723055 0.390722305 0.014928424 -0.016162179 0.017501416 0.999604762
1341846341.744185 0.059267633 0.086346902 0.388788491 0.015433554 -0.018917363 0.020515181 0.999491453
1341846341.780061 0.059230782 0.087972574 0.386071950 0.016065842 -0.019474221 0.021810401 0.999443352
1341846341.842595 0.066419035 0.080289342 0.380028814 0.017461086 -0.021377828 0.027523519 0.999240041
1341846341.906227 0.066661991 0.078184381 0.376442254 0.021010149 -0.022000413 0.032057557 0.999023020
1341846341.942069 0.064171173 0.070857435 0.374272436 0.024031844 -0.021375308 0.033347737 0.998926163
1341846341.974775 0.066574164 0.071972415 0.369193435 0.027324853 -0.021869222 0.035005312 0.998774171
1341846342.010161 0.060915258 0.073698774 0.366602242 0.028320840 -0.022525758 0.037028227 0.998658895
1341846342.042024 0.067855060 0.066000029 0.368269533 0.029601319 -0.023929769 0.036421020 0.998611391
1341846342.080032 0.073080659 0.072451264 0.362591088 0.032336675 -0.022187572 0.037125338 0.998540819
1341846342.112265 0.067249961 0.068349957 0.362067342 0.032220438 -0.020896476 0.038897190 0.998505056
1341846342.147954 0.066851646 0.062562801 0.363646805 0.034285340 -0.022109235 0.041190568 0.998318195
1341846342.179852 0.072639748 0.064156212 0.359540075 0.037261490 -0.022078991 0.042616766 0.998152256
1341846342.211848 0.071504742 0.066934094 0.360616773 0.038256299 -0.021320049 0.042066459 0.998154521
1341846342.247920 0.071228236 0.059977785 0.358745664 0.038782150 -0.020988980 0.040632747 0.998200655
1341846342.279870 0.072227411 0.061294787 0.358447045 0.040364396 -0.020660870 0.041467831 0.998110414
1341846342.316068 0.073577888 0.063951515 0.356918931 0.042030748 -0.020730887 0.042605896 0.997992218
1341846342.347894 0.074030608 0.067223109 0.356568635 0.042785928 -0.020764202 0.042432483 0.997966826
1341846342.379953 0.074394047 0.064422734 0.357769400 0.042761885 -0.020045185 0.042015955 0.998000205
1341846342.416195 0.073116787 0.066031143 0.355803102 0.043454144 -0.019608540 0.043439623 0.997917950
