1341846647.802247 0.0000000 0.0000000 0.0000000 -0.0000000 -0.0000000 -0.0000000 1.0000000
1341846648.034343 0.0239243 0.0129290 -0.0003788 -0.0010114 -0.0016056 0.0040496 0.9999900
1341846648.070164 0.0222979 0.0051105 -0.0005239 -0.0034817 -0.0045134 0.0047700 0.9999724
1341846648.170568 0.0311973 0.0095429 -0.0054519 -0.0055166 -0.0120824 0.0045938 0.9999012
1341846648.338170 0.0387056 0.0009018 -0.0155683 -0.0191725 -0.0378110 -0.0062484 0.9990814
1341846648.638395 0.0861536 -0.0050556 -0.0142950 -0.0368755 -0.1044696 -0.0064261 0.9938235
1341846648.942154 0.1429751 -0.0420423 -0.0087450 -0.0448359 -0.1740857 0.0055396 0.9836937
1341846649.042101 0.1601330 -0.0190246 0.0130771 -0.0459811 -0.1983670 -0.0007152 0.9790484
1341846649.074128 0.1848544 -0.0071802 0.0097695 -0.0449287 -0.2081181 -0.0066645 0.9770486
1341846649.248048 0.2119759 -0.0089802 0.0390937 -0.0561652 -0.2211585 -0.0267163 0.9732526
1341846649.416053 0.2403353 -0.0091864 0.0293089 -0.0660050 -0.2328284 -0.0246148 0.9699631
1341846649.710937 0.2866609 -0.0514621 0.0791266 -0.0746742 -0.2501161 -0.0247092 0.9650156
1341846649.810257 0.2962017 -0.0546834 0.0672943 -0.0701191 -0.2685056 -0.0286517 0.9602953
1341846649.846059 0.3123677 -0.0297580 0.0549053 -0.0678585 -0.2779278 -0.0314522 0.9576859
1341846649.952612 0.3446694 -0.0409144 0.0984700 -0.0719407 -0.2966266 -0.0257998 0.9519305
1341846650.114215 0.3727778 -0.0425106 0.1383803 -0.0679930 -0.3048742 -0.0136379 0.9498646
1341846650.214164 0.3959373 -0.0395893 0.1417416 -0.0595093 -0.3069229 -0.0127904 0.9497860
1341846650.414224 0.4170052 -0.0603177 0.1855170 -0.0582049 -0.3016499 -0.0250440 0.9513108
1341846650.582069 0.3977143 -0.0589073 0.1738070 -0.0485993 -0.2726883 -0.0258105 0.9605275
1341846650.750112 0.3448147 -0.0541929 0.1642638 -0.0436887 -0.2363007 -0.0398090 0.9698807
1341846650.850139 0.3083689 -0.0591047 0.1264905 -0.0382174 -0.2142254 -0.0391318 0.9752516
1341846650.886238 0.3004897 -0.0532415 0.1356947 -0.0394593 -0.2025809 -0.0383817 0.9777172
1341846650.986247 0.2572027 -0.0562599 0.1290714 -0.0406778 -0.1722354 -0.0325444 0.9836774
1341846651.118423 0.2132073 -0.0728368 0.1013015 -0.0450783 -0.1343284 -0.0200344 0.9897083
1341846651.218036 0.1732503 -0.0611154 0.0653383 -0.0412097 -0.1128037 -0.0153013 0.9926444
1341846651.354135 0.1226664 -0.0639405 0.0614480 -0.0445408 -0.0900324 -0.0215089 0.9947098
1341846652.562089 -0.3187033 -0.0765645 -0.0646155 0.0279276 0.0853049 0.0047135 0.9959522
1341846652.594254 -0.3297790 -0.0709484 -0.0456460 0.0310945 0.0990929 0.0033330 0.9945866
1341846652.626356 -0.3269143 -0.0700761 -0.0425244 0.0328560 0.1089977 0.0050900 0.9934858
1341846652.662152 -0.3097436 -0.0721845 -0.0948107 0.0333540 0.1239523 -0.0019586 0.9917255
1341846652.694113 -0.2967647 -0.0757017 -0.1036330 0.0320003 0.1488348 -0.0025543 0.9883409
1341846652.726378 -0.2918012 -0.0915648 -0.1334654 0.0318916 0.1754966 -0.0056554 0.9839471
1341846652.762129 -0.2915635 -0.0741505 -0.1031713 0.0339217 0.2038258 -0.0061295 0.9784001
1341846652.794152 -0.2874308 -0.0787996 -0.1115637 0.0308123 0.2312825 -0.0088570 0.9723583
1341846652.830250 -0.3059451 -0.0776530 -0.0895970 0.0302015 0.2654757 -0.0078296 0.9636126
1341846652.862014 -0.3524873 -0.0767305 -0.0580876 0.0281738 0.2917903 -0.0058511 0.9560494
1341846652.894426 -0.3438212 -0.0833331 -0.0668697 0.0274505 0.3081687 -0.0018212 0.9509339
1341846652.930346 -0.3428837 -0.0841360 -0.0518252 0.0289512 0.3283193 0.0011492 0.9441223
1341846653.030292 -0.3514196 -0.0877488 -0.0349424 0.0223905 0.3761942 0.0044798 0.9262594
1341846653.062672 -0.3609754 -0.0860952 -0.0387234 0.0258764 0.3910709 0.0080287 0.9199618
1341846653.099024 -0.3633794 -0.0844776 -0.0418327 0.0244887 0.4060918 0.0070942 0.9134765
1341846653.130475 -0.3604350 -0.0850837 -0.0405881 0.0206526 0.4235725 0.0073573 0.9055969
1341846653.162620 -0.3611012 -0.0878011 -0.0391981 0.0200954 0.4390995 0.0087378 0.8981712
1341846653.298380 -0.3890960 -0.0760672 -0.0099169 0.0220090 0.4921714 0.0192980 0.8700060
1341846653.366319 -0.4207771 -0.0704271 -0.0013222 0.0213495 0.5165194 0.0254196 0.8556318
1341846653.430060 -0.4293590 -0.0740181 0.0117943 0.0244586 0.5345823 0.0324197 0.8441401
1341846653.530205 -0.4179873 -0.0762315 0.0272621 0.0255148 0.5475058 0.0274729 0.8359616
1341846653.734313 -0.4251376 -0.0774121 0.0099718 0.0221652 0.5364556 0.0299492 0.8431057
1341846653.802358 -0.4577627 -0.0651295 -0.0066744 0.0206937 0.5273630 0.0320904 0.8487816
1341846653.966155 -0.4552356 -0.0586568 0.0096775 0.0144053 0.4889548 0.0326398 0.8715792
1341846654.070172 -0.4270002 -0.0767350 0.0674223 0.0058468 0.4629545 0.0306024 0.8858343
1341846654.134349 -0.4198684 -0.0779549 0.0504238 0.0146408 0.4398028 0.0326654 0.8973808
1341846654.170244 -0.4300607 -0.0774005 0.0438469 0.0174355 0.4277957 0.0321284 0.9031360
1341846654.202087 -0.4178386 -0.0772768 0.0548201 0.0191452 0.4111057 0.0270803 0.9109843
1341846654.234434 -0.4152176 -0.0796992 0.0445330 0.0205153 0.4019581 0.0247522 0.9150935
1341846654.270041 -0.4276964 -0.0761097 0.0570056 0.0214048 0.3922272 0.0224760 0.9193446
1341846654.302117 -0.4204279 -0.0765835 0.0605279 0.0213219 0.3755289 0.0199870 0.9263499
1341846654.338026 -0.4067598 -0.0741068 0.0535535 0.0199034 0.3658728 0.0182709 0.9302726
1341846654.369979 -0.4071846 -0.0720458 0.0641776 0.0204047 0.3549541 0.0194163 0.9344593
1341846654.402172 -0.4386123 -0.0712160 0.0972833 0.0225268 0.3394504 0.0188142 0.9401660
1341846654.438133 -0.3841261 -0.0503433 0.0691613 0.0226984 0.3173087 0.0150455 0.9479312
1341846654.470186 -0.3779096 -0.0634229 0.0740323 0.0183209 0.3075911 0.0164677 0.9511997
1341846654.502267 -0.4230032 -0.0684922 0.1157457 0.0181536 0.2954346 0.0147508 0.9550766
1341846654.539064 -0.3630967 -0.0608986 0.0545483 0.0192093 0.2672102 0.0146177 0.9633359
1341846654.570053 -0.3481640 -0.0605868 0.0578749 0.0158396 0.2617002 0.0121723 0.9649425
1341846654.606030 -0.3546775 -0.0656847 0.0453736 0.0152092 0.2453250 0.0100010 0.9692700
1341846654.706022 -0.3180947 -0.0736291 0.0171945 0.0239462 0.2012224 0.0113119 0.9791875
1341846655.142070 -0.2268325 -0.0399585 -0.0310561 0.0338654 -0.0097795 0.0114800 0.9993126
1341846655.678110 -0.1052395 -0.0557868 -0.0934598 0.0396284 -0.1591213 0.0272621 0.9860866
1341846655.910355 -0.0757043 -0.0480194 -0.1223513 0.0270200 -0.2327746 0.0282468 0.9717448
1341846656.414253 -0.0523580 -0.0348092 -0.0785480 0.0088482 -0.3146047 0.0257872 0.9488312
1341846656.582247 -0.0032611 -0.0151883 -0.1283052 -0.0013605 -0.3428052 0.0236007 0.9391090
1341846656.649995 -0.0015503 -0.0151528 -0.1248004 -0.0027122 -0.3468384 0.0234562 0.9376277
1341846656.749974 0.0076860 -0.0134260 -0.1468015 -0.0074602 -0.3565119 0.0233872 0.9339682
1341846656.856226 0.0109201 -0.0042343 -0.1469845 -0.0096687 -0.3626462 0.0235757 0.9315785
1341846656.924099 0.0066869 -0.0105282 -0.1281963 -0.0123895 -0.3599139 0.0237938 0.9325998
1341846656.956112 0.0164696 -0.0070018 -0.1314615 -0.0135006 -0.3554570 0.0211144 0.9343566
1341846657.056121 0.0212307 -0.0083906 -0.0918878 -0.0167085 -0.3424577 0.0263462 0.9390152
1341846657.092006 0.0162630 -0.0234161 -0.0657811 -0.0155512 -0.3317886 0.0303733 0.9427364
1341846657.124027 0.0149549 -0.0197748 -0.0776358 -0.0077904 -0.3204196 0.0330982 0.9466653
1341846657.155973 0.0027517 -0.0176150 -0.0678041 -0.0030317 -0.3087341 0.0334336 0.9505557
1341846657.224195 0.0165267 -0.0206462 -0.0758047 0.0013136 -0.2822195 0.0307375 0.9588565
1341846657.292164 0.0167330 -0.0177558 -0.0791077 0.0039927 -0.2611780 0.0253682 0.9649490
1341846657.354367 0.0284257 -0.0138152 -0.0841061 0.0036407 -0.2438540 0.0231859 0.9695280
1341846657.386193 0.0323211 -0.0169921 -0.0853126 0.0027397 -0.2334407 0.0223236 0.9721109
1341846657.418105 0.0296826 -0.0229818 -0.0763307 0.0049356 -0.2219223 0.0227311 0.9747869
1341846657.454277 0.0408137 -0.0174686 -0.0840143 0.0073752 -0.2124149 0.0216428 0.9769120
1341846657.486117 0.0559575 -0.0189203 -0.0815531 0.0077710 -0.2004745 0.0218418 0.9794246
1341846657.522092 0.0568397 -0.0310647 -0.0796347 0.0094487 -0.1870658 0.0187438 0.9821231
1341846657.554062 0.0481020 -0.0252917 -0.0658843 0.0129926 -0.1782088 0.0199655 0.9837043
1341846657.586078 0.0794951 -0.0151703 -0.0705036 0.0133017 -0.1698245 0.0148094 0.9852732
1341846657.622205 0.0461148 -0.0263396 -0.0589707 0.0128118 -0.1510321 0.0137781 0.9883498
1341846657.654161 0.0419746 -0.0259440 -0.0559321 0.0145873 -0.1438276 0.0144021 0.9893904
1341846657.686517 0.0684534 -0.0287527 -0.0600701 0.0141287 -0.1361172 0.0109956 0.9905310
1341846657.722061 0.0591709 -0.0306154 -0.0267171 0.0155833 -0.1193722 0.0101490 0.9926754
1341846657.754104 0.0534766 -0.0258090 -0.0398589 0.0170127 -0.1101239 0.0093340 0.9937284
1341846657.790066 0.0677594 -0.0275625 -0.0609492 0.0122071 -0.0995290 0.0015873 0.9949585
1341846660.066206 -0.0234970 -0.0749205 -0.0068390 -0.1130306 -0.0017323 0.0011755 0.9935893
1341846660.302258 -0.0402944 -0.0768437 -0.0043909 -0.0779884 -0.0132146 -0.0014439 0.9968656
1341846662.010311 -0.0300079 -0.1088800 -0.0215893 0.0951086 -0.0048839 -0.0047855 0.9954435
1341846662.046195 -0.0304413 -0.1120773 -0.0191713 0.1038318 -0.0073193 -0.0046867 0.9945569
1341846662.078099 -0.0304318 -0.1116777 -0.0280811 0.1102285 -0.0074133 -0.0056094 0.9938628
1341846662.110672 -0.0312375 -0.1120156 -0.0205458 0.1168593 -0.0048958 -0.0078531 0.9931054
1341846662.146166 -0.0333647 -0.1100385 -0.0245293 0.1256515 -0.0066182 -0.0047412 0.9920411
1341846662.178168 -0.0304267 -0.1067730 -0.0316947 0.1335969 -0.0070138 -0.0038215 0.9910036
1341846662.214136 -0.0305740 -0.1082869 -0.0245341 0.1458343 -0.0048006 -0.0037668 0.9892902
1341846662.246167 -0.0354884 -0.1099288 -0.0278110 0.1565657 -0.0060465 0.0013290 0.9876481
1341846662.482229 -0.0278190 -0.1119494 -0.0272076 0.2001098 -0.0057147 0.0039636 0.9797488
1341846662.546261 -0.0291896 -0.1077681 -0.0348075 0.2176627 -0.0047232 0.0058085 0.9759954
1341846662.882162 -0.0344874 -0.1120250 -0.0262129 0.2424879 -0.0060646 0.0074459 0.9701069
1341846663.786304 -0.0233471 -0.0378042 -0.0213223 0.1163500 -0.0195278 0.0044634 0.9930062
1341846663.890140 -0.0233976 -0.0294040 -0.0181924 0.0813243 -0.0164118 0.0030300 0.9965480
1341846665.230221 -0.0267628 -0.0063351 -0.0565850 -0.1613466 0.0178832 -0.0065376 0.9867141
1341846665.866106 -0.0455428 -0.0061016 -0.0939971 -0.2529269 0.0358522 -0.0104220 0.9667647
1341846666.034210 -0.0430953 0.0122940 -0.1044396 -0.2706181 0.0397914 -0.0060990 0.9618447
1341846666.266322 -0.0624899 -0.0096638 -0.1138392 -0.2959082 0.0432213 -0.0052109 0.9542238
1341846666.502190 -0.0710623 0.0005429 -0.1248765 -0.3420608 0.0444847 0.0067843 0.9385998
1341846666.638072 -0.0813115 0.0222190 -0.1389028 -0.3696996 0.0499280 0.0112026 0.9277413
1341846666.838108 -0.0812617 0.0333002 -0.1476170 -0.3807978 0.0397693 0.0210609 0.9235626
1341846666.970036 -0.0759923 0.0364879 -0.1562649 -0.3931312 0.0352364 0.0206535 0.9185748
1341846667.038153 -0.0949472 0.0432536 -0.1684377 -0.3961006 0.0347638 0.0187537 0.9173571
1341846667.074153 0.1040969 0.0698243 -0.1592717 -0.4003505 -0.0029563 0.0188176 0.9161641
1341846667.106156 0.1047660 0.0808775 -0.1640231 -0.4047703 -0.0015593 0.0155723 0.9142845
1341846667.138108 0.1039297 0.0702656 -0.1601767 -0.4060838 -0.0054809 0.0149208 0.9136976
1341846667.206107 0.1173291 0.0669267 -0.1635465 -0.4031340 -0.0057725 0.0092576 0.9150759
1341846667.238075 0.1632382 0.0985103 -0.1683785 -0.3935574 -0.0148446 0.0082446 0.9191432
1341846667.274016 0.1941692 0.0940990 -0.1692770 -0.3872983 -0.0212364 0.0058949 0.9216911
1341846667.306189 0.2117616 0.0542373 -0.1497583 -0.3852178 -0.0217301 0.0003811 0.9225698
1341846667.342253 0.2581439 0.0551843 -0.1364257 -0.3727887 -0.0331823 0.0013832 0.9273217
1341846667.442109 0.2433330 0.0610607 -0.1445753 -0.3427576 -0.0303281 -0.0061310 0.9389142
1341846667.506006 0.2186752 0.0164139 -0.1496215 -0.3230008 -0.0263425 -0.0130625 0.9459418
1341846667.542298 0.1960904 -0.0517136 -0.1287893 -0.3211413 -0.0252339 -0.0127044 0.9466098
1341846667.610099 0.2137917 0.0180495 -0.1506137 -0.2821430 -0.0280383 -0.0141310 0.9588584
1341846667.710179 0.1887859 -0.0059011 -0.1436993 -0.2739776 -0.0219445 -0.0166211 0.9613420
1341846667.774114 0.2069211 0.0146245 -0.1517355 -0.2572980 -0.0256965 -0.0144917 0.9658817
1341846667.878139 0.2000941 0.0183292 -0.1500094 -0.2373284 -0.0202814 -0.0160193 0.9710857
1341846668.010215 0.1773483 0.0071097 -0.1436269 -0.2123813 -0.0066801 -0.0186029 0.9769869
1341846668.146332 0.1641949 0.0097015 -0.1368259 -0.1776350 0.0041563 -0.0170446 0.9839401
1341846668.246163 0.1609269 -0.0038510 -0.1267331 -0.1429770 0.0033339 -0.0121059 0.9896464
1341846668.478153 0.1250040 -0.0977462 -0.1054174 -0.0907502 0.0051395 0.0039340 0.9958526
1341846668.782338 0.1467261 -0.0267175 -0.1215755 0.0060321 -0.0072730 -0.0069599 0.9999312
1341846669.617976 -0.1251100 0.0446985 -0.1445386 -0.0861057 0.0061170 -0.1823263 0.9794415
1341846669.886219 -0.1254126 0.0497501 -0.1443496 -0.1180110 0.0241497 -0.2452275 0.9619530
1341846670.390114 -0.1313156 0.0553223 -0.1639510 -0.1562818 0.0891433 -0.3740099 0.9098055
1341846670.596103 -0.1357257 0.0400687 -0.1701028 -0.1355530 0.1283496 -0.4181729 0.8889788
1341846670.696002 -0.1567559 0.0531368 -0.1553445 -0.1211357 0.1450078 -0.4330528 0.8813422
1341846670.764128 -0.1460099 0.0397708 -0.1810551 -0.1111345 0.1532051 -0.4447437 0.8754315
1341846670.796059 -0.1480272 0.0352933 -0.1879625 -0.1056922 0.1603031 -0.4500691 0.8721066
1341846670.832246 -0.1537413 0.0328936 -0.1686091 -0.0976452 0.1652177 -0.4514718 0.8714021
1341846670.863970 -0.1464627 0.0280963 -0.1743814 -0.0938349 0.1650942 -0.4486457 0.8733018
1341846670.896139 -0.1306805 0.0310007 -0.1881571 -0.0856654 0.1682466 -0.4495260 0.8730870
1341846670.932028 -0.1300428 0.0359342 -0.1805460 -0.0739678 0.1754453 -0.4439867 0.8755704
1341846670.964063 -0.1269682 0.0329054 -0.1624945 -0.0627283 0.1745338 -0.4398583 0.8787081
1341846671.000270 -0.1551559 0.0233836 -0.1806989 -0.0580624 0.1783719 -0.4411691 0.8776001
1341846671.032112 -0.1509947 0.0268338 -0.1713145 -0.0492467 0.1854220 -0.4450511 0.8747131
1341846671.064030 -0.1442717 0.0200945 -0.1659136 -0.0412625 0.1870578 -0.4473434 0.8736079
1341846671.101398 -0.1344085 0.0265901 -0.1766652 -0.0320715 0.1866702 -0.4529026 0.8712089
1341846671.132289 -0.1299738 0.0318487 -0.1836197 -0.0196874 0.1887935 -0.4600314 0.8673757
1341846671.168159 -0.1243883 0.0137995 -0.1728126 -0.0097610 0.1848467 -0.4633620 0.8666211
1341846671.200149 -0.1233814 0.0159404 -0.1884311 0.0026627 0.1792093 -0.4653584 0.8667863
1341846671.232280 -0.1218906 0.0089779 -0.2232360 0.0118033 0.1782882 -0.4705163 0.8641114
1341846671.268147 -0.1067237 0.0252060 -0.2229059 0.0263345 0.1792827 -0.4707444 0.8634605
1341846671.336125 -0.1339866 -0.0042078 -0.2042532 0.0348108 0.1748878 -0.4789456 0.8595427
1341846671.368236 -0.1329352 -0.0103808 -0.2021019 0.0410947 0.1749848 -0.4837704 0.8565382
1341846671.400327 -0.1283842 -0.0097629 -0.2023975 0.0469192 0.1701299 -0.4857835 0.8560776
1341846671.468197 -0.1340434 -0.0097856 -0.1982883 0.0566055 0.1671487 -0.4949959 0.8507856
1341846671.504294 -0.1214558 -0.0052049 -0.1896164 0.0613935 0.1590520 -0.5020290 0.8478799
1341846671.536197 -0.1346712 -0.0078408 -0.1984565 0.0650071 0.1528978 -0.5100984 0.8439171
1341846671.568120 -0.1322035 -0.0099931 -0.1965118 0.0722423 0.1491749 -0.5174661 0.8394979
1341846671.604188 -0.1260184 -0.0081142 -0.1944558 0.0777427 0.1441907 -0.5233327 0.8362344
1341846671.636057 -0.1385700 -0.0136829 -0.1920301 0.0835642 0.1351258 -0.5291291 0.8335348
1341846671.672157 -0.1329255 -0.0116239 -0.2078131 0.0947937 0.1254197 -0.5333089 0.8311834
1341846671.704027 -0.1316693 -0.0157887 -0.2175061 0.0957086 0.1216869 -0.5355284 0.8302057
1341846671.774745 -0.1634550 -0.0275216 -0.2066879 0.0935932 0.1165940 -0.5496606 0.8218999
1341846671.804605 -0.1621470 -0.0263983 -0.2167033 0.0954976 0.1118696 -0.5522499 0.8206006
1341846671.872106 -0.1685962 -0.0283819 -0.2131123 0.0965232 0.1060562 -0.5618039 0.8147464
1341846671.904035 -0.1637729 -0.0235346 -0.2138591 0.0971352 0.1034801 -0.5638939 0.8135603
1341846671.972239 -0.1725805 -0.0246329 -0.2124152 0.0948884 0.1025203 -0.5756261 0.8056925
1341846672.034218 -0.1668689 -0.0261596 -0.2138350 0.0935570 0.0968018 -0.5856072 0.7993377
1341846672.066227 -0.1675376 -0.0229497 -0.2198092 0.0934060 0.0970373 -0.5922179 0.7944413
1341846672.098024 -0.1706907 -0.0257597 -0.2110837 0.0921776 0.0945524 -0.5952566 0.7926113
1341846672.166000 -0.1658080 -0.0272590 -0.2263187 0.0916341 0.0912917 -0.6055140 0.7852528
1341846672.302710 -0.1636413 -0.0258341 -0.2169059 0.0948068 0.0859872 -0.6163545 0.7769974
1341846672.434330 -0.1683118 -0.0254333 -0.2151858 0.0938339 0.0854652 -0.6205323 0.7738415
1341846673.374098 -0.1680537 -0.0291669 -0.1804391 0.1020052 0.0041749 -0.4064731 0.9079412
1341846673.438267 -0.1668749 -0.0260985 -0.1722419 0.1088457 -0.0022566 -0.3826265 0.9174664
1341846673.506260 -0.1639591 -0.0290307 -0.1735517 0.1158012 -0.0097773 -0.3533777 0.9282342
1341846673.606102 -0.1662254 -0.0189513 -0.1682428 0.1157945 -0.0235935 -0.3189563 0.9403732
1341846673.710162 -0.1670128 -0.0143061 -0.1746313 0.1038962 -0.0405056 -0.2841482 0.9522734
1341846673.742225 -0.1571648 -0.0084572 -0.1716566 0.1004606 -0.0485670 -0.2668387 0.9572597
1341846673.810154 -0.1678611 -0.0065929 -0.1705929 0.0948948 -0.0602984 -0.2385791 0.9645928
1341846673.842305 -0.1708084 -0.0008915 -0.1679848 0.0921308 -0.0668567 -0.2248483 0.9677218
1341846673.910253 -0.1662128 0.0065428 -0.1623743 0.0830767 -0.0748901 -0.2020385 0.9729698
1341846673.978434 -0.1672558 -0.0061855 -0.1594922 0.0782174 -0.0797652 -0.1846857 0.9764276
1341846674.378058 -0.1627773 0.0034993 -0.1540023 0.0594398 -0.0807379 -0.0810166 0.9916575
1341846674.446125 -0.1575129 0.0106842 -0.1757969 0.0571931 -0.0809052 -0.0665464 0.9928519
1341846674.682209 -0.1597374 0.0083092 -0.1563441 0.0562839 -0.0804672 -0.0269083 0.9948031
1341846674.714186 -0.1622853 0.0155102 -0.1589633 0.0579771 -0.0796394 -0.0185995 0.9949625
1341846674.882158 -0.1607613 0.0211616 -0.1740479 0.0565615 -0.0783779 0.0211740 0.9950926
1341846675.014137 -0.1599079 0.0467435 -0.1865184 0.0403669 -0.0824663 0.0400713 0.9949694
1341846675.050230 -0.1540691 0.0392429 -0.1758399 0.0302891 -0.0848242 0.0429770 0.9950078
1341846675.088201 -0.1578861 0.0495223 -0.1712898 0.0258343 -0.0839418 0.0438972 0.9951680
1341846675.150188 -0.1583638 0.1016429 -0.1705217 0.0058773 -0.0823277 0.0496372 0.9953511
1341846675.182290 -0.1576087 0.0590960 -0.1758417 -0.0145118 -0.0790268 0.0480439 0.9956083
1341846675.218759 -0.1634735 0.0547341 -0.1839531 -0.0218753 -0.0769633 0.0495475 0.9955618
1341846675.251951 -0.1722111 0.0653947 -0.1522463 -0.0269956 -0.0767339 0.0493566 0.9954633
1341846675.318078 -0.1636625 0.0636865 -0.1649822 -0.0344782 -0.0728065 0.0552510 0.9952175
1341846675.350149 -0.1500502 0.0638137 -0.1750095 -0.0435075 -0.0714663 0.0564311 0.9948946
1341846675.382271 -0.1321886 0.0550336 -0.1810200 -0.0562259 -0.0716740 0.0598729 0.9940406
1341846675.450238 -0.1686550 0.0452313 -0.1525987 -0.0630978 -0.0572106 0.0675534 0.9940735
1341846675.486165 -0.2072331 0.0431886 -0.1417038 -0.0533305 -0.0485713 0.0762562 0.9944756
1341846675.518083 -0.1888782 0.0428607 -0.1440356 -0.0438343 -0.0502973 0.0859622 0.9940620
1341846675.586070 -0.1544720 0.0531966 -0.1361124 -0.0320361 -0.0549999 0.0971035 0.9932370
1341846675.618075 -0.1482652 0.0488135 -0.1299354 -0.0272466 -0.0528969 0.1005949 0.9931467
1341846675.686118 -0.1804479 0.0558922 -0.1267831 -0.0157476 -0.0494070 0.1009616 0.9935380
1341846675.754170 -0.2128195 0.0440905 -0.1281572 -0.0049304 -0.0392898 0.0967557 0.9945201
1341846675.818106 -0.1856555 0.0451473 -0.1277149 0.0025625 -0.0379495 0.0940358 0.9948420
1341846675.854095 -0.1687934 0.0459556 -0.1251404 0.0068866 -0.0383073 0.0943564 0.9947774
1341846675.886163 -0.1554978 0.0413833 -0.1314204 0.0129424 -0.0414966 0.0974718 0.9942886
1341846675.922346 -0.1413371 0.0418200 -0.1283303 0.0228451 -0.0421966 0.0977018 0.9940583
1341846675.961651 -0.1174932 0.0392547 -0.1268676 0.0312110 -0.0446660 0.0956907 0.9939186
1341846676.028080 -0.0803929 0.0405702 -0.1253133 0.0543100 -0.0529642 0.0962781 0.9924595
1341846676.122163 -0.1314262 0.0499082 -0.1693530 0.0612862 -0.0486192 0.0836171 0.9934226
1341846676.154447 -0.1079052 0.0431876 -0.1613550 0.0577229 -0.0514169 0.0846515 0.9934075
1341846676.190230 -0.0963199 0.0489147 -0.1703720 0.0587649 -0.0545683 0.0851110 0.9931390
1341846676.222476 -0.0827981 0.0674765 -0.2042737 0.0555322 -0.0548187 0.0833444 0.9934611
1341846676.257017 -0.0903454 0.0606287 -0.1957794 0.0471297 -0.0507180 0.0799959 0.9943879
1341846676.290401 -0.0686136 0.0600479 -0.1890713 0.0447561 -0.0527290 0.0812611 0.9942903
1341846676.322689 -0.0345709 0.0672930 -0.2014210 0.0431613 -0.0540309 0.0826683 0.9941749
1341846676.360815 0.0026829 0.0722608 -0.2346354 0.0310144 -0.0531662 0.0853001 0.9944523
1341846676.390851 -0.0247120 0.0638896 -0.2128933 0.0215203 -0.0461440 0.0781317 0.9956421
1341846676.459033 0.0041854 0.0903897 -0.2209221 0.0243426 -0.0407362 0.0805661 0.9956189
1341846676.564052 0.0318750 0.0943278 -0.2310086 0.0171075 -0.0307130 0.0836311 0.9958764
1341846676.726102 0.0741572 0.0880015 -0.2327054 0.0107194 -0.0202328 0.0730412 0.9970661
1341846676.894086 0.0931653 0.0961549 -0.2387385 0.0178069 -0.0100655 0.0745496 0.9970075
1341846677.530161 0.1842663 0.0892883 -0.2351598 0.0274745 -0.0090397 0.0725084 0.9969484
1341846678.134082 0.1854969 0.0585112 -0.2484100 0.0522202 -0.0016709 0.0671005 0.9963773
