1341846313.592026 0.0000000 0.0000000 0.0000000 -0.0000000 -0.0000000 -0.0000000 1.0000000
1341846313.789969 0.0316481 0.0070447 -0.0038810 0.0019536 -0.0075462 0.0053286 0.9999555
1341846313.822075 0.0272478 0.0122066 -0.0063517 0.0027476 -0.0046844 0.0031541 0.9999803
1341846313.890011 0.0043195 0.0150798 -0.0076706 0.0023538 0.0055154 0.0020675 0.9999799
1341846313.957927 -0.0419630 0.0193246 -0.0145262 -0.0014990 0.0209980 0.0032477 0.9997731
1341846314.057816 -0.1280633 0.0272917 -0.0115995 -0.0069582 0.0493832 0.0084423 0.9987200
1341846314.157989 -0.1902222 0.0380975 -0.0050007 -0.0072809 0.0755702 0.0101364 0.9970624
1341846314.225969 -0.2226535 0.0382410 -0.0066196 -0.0105198 0.0887807 0.0139929 0.9958974
1341846314.325981 -0.2582128 0.0707542 -0.0057598 -0.0061103 0.1021643 0.0097915 0.9947006
1341846314.427905 -0.2760677 0.0888558 -0.0004107 -0.0023552 0.1159361 0.0058635 0.9932366
1341846314.493987 -0.2763532 0.0931280 -0.0000925 -0.0001052 0.1277523 -0.0021022 0.9918039
1341846314.594085 -0.2996680 0.1057373 -0.0021974 0.0024167 0.1452106 -0.0053915 0.9893832
1341846314.694004 -0.3090171 0.1145939 -0.0037799 0.0026402 0.1591632 -0.0078571 0.9872175
1341846314.794030 -0.3231534 0.1256194 -0.0122547 0.0170319 0.1688092 0.0005567 0.9855014
1341846314.862145 -0.3434236 0.1384368 -0.0137780 0.0213212 0.1820899 0.0004969 0.9830506
1341846314.925969 -0.3714918 0.1376023 -0.0142841 0.0212579 0.1947644 0.0068419 0.9805958
1341846315.029900 -0.4311082 0.1670625 -0.0150961 0.0200239 0.2128027 0.0082516 0.9768552
1341846315.129851 -0.4669264 0.1907431 -0.0112918 0.0260704 0.2218656 0.0105264 0.9746718
1341846315.230076 -0.5160010 0.2202272 -0.0205622 0.0169227 0.2281652 0.0099139 0.9734249
1341846315.329931 -0.5451881 0.2649557 -0.0106856 0.0255273 0.2279275 0.0126954 0.9732606
1341846315.429923 -0.6091520 0.2940401 0.0004942 0.0421449 0.2412795 0.0186214 0.9693613
1341846315.530008 -0.6457785 0.3013536 0.0118256 0.0445264 0.2565391 0.0261664 0.9651530
1341846315.666042 -0.6785595 0.3217792 0.0185042 0.0456878 0.2686036 0.0237996 0.9618723
1341846315.798188 -0.6465560 0.3069023 0.0135865 0.0348153 0.2661074 0.0268174 0.9629412
1341846315.936901 -0.6359305 0.3073795 0.0165714 0.0428962 0.2692338 0.0229677 0.9618449
1341846316.066113 -0.6468762 0.3167613 0.0174429 0.0544883 0.2688193 0.0207786 0.9614237
1341846316.202049 -0.6768448 0.3044244 0.0328352 0.0520745 0.2612561 0.0153011 0.9637424
1341846316.370006 -0.7165698 0.2791310 0.0451961 0.0516993 0.2628987 0.0128857 0.9633512
1341846316.502034 -0.6168132 0.2215374 0.0133030 0.0522333 0.2362448 0.0210307 0.9700608
1341846316.601885 -0.5316416 0.2229638 0.0068872 0.0515102 0.2158722 0.0143023 0.9749571
1341846316.705941 -0.4434381 0.2173289 0.0075738 0.0606269 0.1959977 0.0138652 0.9786302
1341846316.805932 -0.3701621 0.1918025 -0.0015888 0.0576672 0.1786421 0.0153386 0.9821030
1341846316.906344 -0.3230078 0.1914746 -0.0136796 0.0601569 0.1577666 0.0178445 0.9854808
1341846317.073972 -0.3368911 0.1847477 -0.0158128 0.0589302 0.1447815 0.0177394 0.9875479
1341846317.137887 -0.3612179 0.1854634 -0.0136478 0.0658125 0.1371716 0.0242455 0.9880612
1341846317.248131 -0.4060615 0.1800342 -0.0110930 0.0674931 0.1285068 0.0278934 0.9890160
1341846317.348137 -0.4278847 0.1685742 -0.0225947 0.0687164 0.1232208 0.0331575 0.9894419
1341846317.509927 -0.4796872 0.1796546 -0.0151979 0.0846228 0.1235971 0.0460884 0.9876429
1341846317.610159 -0.5093647 0.1708498 0.0014964 0.0853236 0.1261468 0.0453358 0.9872951
1341846317.677993 -0.5239775 0.1820030 0.0108026 0.0908823 0.1212297 0.0526865 0.9870501
1341846317.777923 -0.5207767 0.1972393 0.0050362 0.0938879 0.1127178 0.0537464 0.9877201
1341846317.841886 -0.5178194 0.1957983 0.0033053 0.0923420 0.1077565 0.0515693 0.9885353
1341846317.909910 -0.4844596 0.1922541 -0.0002316 0.0875577 0.1009257 0.0436583 0.9900715
1341846317.978041 -0.4225256 0.1853195 -0.0003301 0.0894649 0.0870382 0.0420989 0.9912861
1341846318.045949 -0.4074497 0.1721637 -0.0074073 0.0887750 0.0839377 0.0391922 0.9917346
1341846318.078074 -0.3825772 0.1651399 -0.0080721 0.0862809 0.0770824 0.0374347 0.9925787
1341846318.109894 -0.3430659 0.1581294 -0.0132007 0.0838189 0.0645056 0.0323080 0.9938660
1341846318.145957 -0.3354611 0.1574923 -0.0066006 0.0832108 0.0604991 0.0288924 0.9942741
1341846318.178001 -0.3322289 0.1592086 -0.0048863 0.0829320 0.0594694 0.0265047 0.9944261
1341846318.214074 -0.3114768 0.1553191 -0.0044191 0.0827492 0.0532945 0.0240446 0.9948539
1341846318.245970 -0.2831315 0.1563963 -0.0054326 0.0859365 0.0408534 0.0234624 0.9951862
1341846318.313937 -0.2626029 0.1663616 -0.0202729 0.0932105 0.0225465 0.0238690 0.9951049
1341846318.382046 -0.2444590 0.1696872 -0.0156573 0.0974809 0.0004339 0.0223772 0.9949857
1341846318.446035 -0.2099890 0.1725439 -0.0182307 0.1013296 -0.0211217 0.0195364 0.9944368
1341846318.514144 -0.1904200 0.1749419 -0.0263085 0.1025632 -0.0306954 0.0205128 0.9940411
1341846318.582042 -0.1734369 0.1619897 -0.0294845 0.1028591 -0.0369812 0.0212006 0.9937822
1341846318.650038 -0.1688373 0.1531049 -0.0407858 0.1009284 -0.0415981 0.0213136 0.9937952
1341846318.749905 -0.1930928 0.1619168 -0.0534483 0.1040674 -0.0431662 0.0262992 0.9932849
1341846318.782036 -0.1867303 0.1732275 -0.0702955 0.1076404 -0.0477391 0.0283696 0.9926378
1341846318.814121 -0.1958798 0.1750351 -0.0771719 0.1075750 -0.0537586 0.0267768 0.9923813
1341846318.883516 -0.2417982 0.1719416 -0.0819528 0.1110644 -0.0629128 0.0228487 0.9915566
1341846318.918047 -0.2523063 0.1826270 -0.0856516 0.1156461 -0.0743548 0.0261107 0.9901594
1341846318.950044 -0.2587385 0.1752579 -0.0869095 0.1164492 -0.0843337 0.0203645 0.9894001
1341846319.018123 -0.2532863 0.1880467 -0.1035494 0.1199061 -0.0979243 0.0224103 0.9876899
1341846319.050745 -0.2548853 0.1804595 -0.0930960 0.1208350 -0.1045563 0.0177273 0.9869917
1341846319.081905 -0.2816345 0.1723798 -0.0837762 0.1246901 -0.1001836 0.0144250 0.9870195
1341846319.117976 -0.3071087 0.1718150 -0.0899275 0.1261128 -0.0977883 0.0212597 0.9869555
1341846319.150093 -0.3413924 0.1642748 -0.0895943 0.1271884 -0.0982689 0.0274365 0.9866173
1341846319.186069 -0.3551648 0.1771306 -0.1016426 0.1299061 -0.0974151 0.0257362 0.9863936
1341846319.218149 -0.3851552 0.1835448 -0.1146051 0.1269248 -0.0895763 0.0253513 0.9875340
1341846319.250034 -0.4223335 0.1884426 -0.1187484 0.1214963 -0.0797366 0.0258628 0.9890459
1341846319.286594 -0.4569169 0.1868049 -0.1182306 0.1197378 -0.0729944 0.0300785 0.9896616
1341846319.318034 -0.4896762 0.1865483 -0.1256889 0.1208540 -0.0680977 0.0318281 0.9898202
1341846319.350268 -0.5143296 0.1775055 -0.1107747 0.1213086 -0.0660438 0.0391789 0.9896401
1341846319.386163 -0.5368813 0.1714353 -0.1181145 0.1221442 -0.0685550 0.0478731 0.9889839
1341846319.418386 -0.5472255 0.1800453 -0.1251045 0.1246070 -0.0723877 0.0472142 0.9884351
1341846319.453961 -0.5611081 0.1891719 -0.1317963 0.1262108 -0.0725355 0.0422969 0.9884434
1341846319.486271 -0.5643921 0.1885787 -0.1381418 0.1242674 -0.0741174 0.0443142 0.9884840
1341846319.554083 -0.5602958 0.1778005 -0.1332608 0.1181255 -0.0832306 0.0464201 0.9884150
1341846319.586296 -0.5864124 0.1729104 -0.1421359 0.1170915 -0.0794252 0.0423905 0.9890320
1341846319.853917 -0.6581050 0.1994619 -0.1378466 0.1047917 -0.0979678 0.0544597 0.9881575
1341846319.953946 -0.6712656 0.1593786 -0.1324446 0.0972967 -0.1088725 0.0581022 0.9875749
1341846320.221941 -0.6066183 0.1731927 -0.1139748 0.1177179 -0.1156633 0.0470343 0.9851661
1341846320.289887 -0.5593299 0.1515295 -0.1180981 0.1239333 -0.1209206 0.0519004 0.9835269
1341846320.321954 -0.5370246 0.1473416 -0.1179012 0.1325050 -0.1241029 0.0508605 0.9820663
1341846320.357890 -0.5267978 0.1659372 -0.1228324 0.1401065 -0.1234175 0.0491382 0.9811849
1341846320.390064 -0.4983798 0.1589702 -0.1362678 0.1402058 -0.1218291 0.0489879 0.9813767
1341846320.426544 -0.4433700 0.1564938 -0.1202525 0.1427305 -0.1196866 0.0454971 0.9814444
1341846320.458122 -0.3892606 0.1609663 -0.1049270 0.1445711 -0.1174573 0.0414995 0.9816215
1341846320.490186 -0.3182712 0.1616181 -0.0945162 0.1478839 -0.1175326 0.0398497 0.9811873
1341846320.525911 -0.2618512 0.1647757 -0.0865177 0.1517732 -0.1150611 0.0375259 0.9809780
1341846320.558091 -0.2251663 0.1775174 -0.0666616 0.1550398 -0.1137090 0.0323222 0.9808100
1341846320.594093 -0.1688281 0.1820574 -0.0502330 0.1571628 -0.1143687 0.0272754 0.9805487
1341846320.631955 -0.1431427 0.1832937 -0.0324816 0.1607893 -0.1082297 0.0246940 0.9807259
1341846320.664916 -0.1412461 0.1865895 -0.0357889 0.1614762 -0.1045724 0.0236712 0.9810351
1341846320.699927 -0.1478326 0.1860436 -0.0162476 0.1627451 -0.1009434 0.0222754 0.9812381
1341846320.731822 -0.1392550 0.1911069 -0.0189966 0.1651615 -0.0948690 0.0216630 0.9814541
1341846320.763877 -0.1246740 0.2085210 -0.0279283 0.1643198 -0.0929825 0.0228986 0.9817479
1341846320.799999 -0.1241559 0.1981555 -0.0179626 0.1561114 -0.0950206 0.0178536 0.9829962
1341846320.831871 -0.0915281 0.1919290 -0.0161176 0.1579086 -0.0864476 0.0114133 0.9835962
1341846320.863887 -0.0983607 0.1980643 -0.0042829 0.1574628 -0.0774398 0.0156037 0.9843602
1341846320.900014 -0.0714868 0.1904462 0.0210201 0.1498921 -0.0855128 0.0202641 0.9847890
1341846320.931889 -0.0340259 0.1832261 0.0141562 0.1501577 -0.0874619 0.0162483 0.9846517
1341846320.967866 -0.0926207 0.2121808 -0.0365475 0.1512261 -0.0748615 0.0161927 0.9855274
1341846321.000017 -0.1028880 0.2111992 -0.0458999 0.1447749 -0.0719164 0.0135714 0.9867544
1341846321.031860 -0.0672852 0.2050315 -0.0169861 0.1427596 -0.0748264 0.0100480 0.9868737
1341846321.068047 -0.0328208 0.2127810 -0.0139287 0.1440655 -0.0751802 0.0080477 0.9866754
1341846321.099840 0.0034103 0.2112931 0.0061020 0.1414029 -0.0788846 0.0104043 0.9867493
1341846321.131821 0.0371197 0.2045171 0.0190013 0.1413457 -0.0804207 0.0091142 0.9866462
1341846321.167887 0.0364727 0.2236637 0.0259205 0.1469989 -0.0754510 0.0095316 0.9862087
1341846321.200042 0.0781676 0.2311280 0.0420299 0.1482466 -0.0785850 0.0101820 0.9857706
1341846321.231950 0.0867587 0.2336901 0.0628233 0.1490326 -0.0779930 0.0090102 0.9857105
1341846321.267939 0.1160596 0.2403730 0.0746779 0.1512579 -0.0783459 0.0044852 0.9853745
1341846321.299948 0.1217790 0.2348185 0.0677152 0.1492787 -0.0730294 -0.0023819 0.9860917
1341846321.367913 0.1481759 0.2216409 0.0809269 0.1506869 -0.0687075 -0.0120111 0.9861179
1341846321.399897 0.1750638 0.2395212 0.0997481 0.1556450 -0.0667999 -0.0116064 0.9854835
1341846321.435994 0.1761837 0.2388435 0.1126415 0.1580521 -0.0632677 -0.0129930 0.9853162
1341846321.467946 0.1894432 0.2416967 0.1314313 0.1610347 -0.0617944 -0.0125392 0.9849325
1341846321.499882 0.2153476 0.2406188 0.1459396 0.1630317 -0.0607664 -0.0130319 0.9846615
1341846321.536109 0.2371343 0.2469767 0.1310714 0.1629635 -0.0569180 -0.0171268 0.9848400
1341846321.568960 0.2212709 0.2647133 0.1488350 0.1626518 -0.0484862 -0.0187810 0.9853125
1341846321.603938 0.2139151 0.2614693 0.1581044 0.1598374 -0.0440184 -0.0193142 0.9859723
1341846321.637163 0.2819425 0.2587868 0.1449928 0.1561662 -0.0451421 -0.0211404 0.9864722
1341846321.668306 0.2568762 0.2573579 0.1473808 0.1511931 -0.0334853 -0.0178472 0.9877757
1341846321.704411 0.2452203 0.2563587 0.1539871 0.1481899 -0.0320125 -0.0092094 0.9883978
1341846321.771881 0.2799199 0.2652929 0.1607416 0.1443817 -0.0378341 0.0024648 0.9887955
1341846321.836152 0.2851476 0.2774515 0.1681718 0.1391859 -0.0325363 0.0035364 0.9897253
1341846321.871882 0.2785350 0.2867234 0.1726406 0.1350010 -0.0296144 0.0004577 0.9904027
1341846321.904074 0.2894508 0.2843577 0.1676160 0.1284099 -0.0283808 -0.0019850 0.9913130
1341846321.939847 0.3057318 0.2780057 0.1717390 0.1236767 -0.0275443 -0.0059047 0.9919226
1341846322.004094 0.3027728 0.2619902 0.1696998 0.1140299 -0.0286587 -0.0046395 0.9930530
1341846322.107979 0.3237110 0.2322269 0.1792145 0.1052083 -0.0235606 -0.0092651 0.9941279
1341846322.166164 0.3282738 0.1971436 0.1658965 0.1053951 -0.0245181 -0.0091753 0.9940858
1341846322.202932 0.3302993 0.1946313 0.1677667 0.1065729 -0.0274570 -0.0085933 0.9938886
1341846322.234093 0.3332931 0.1902288 0.1679425 0.1052280 -0.0289716 -0.0106682 0.9939688
1341846322.265941 0.3261120 0.1775992 0.1660041 0.1019969 -0.0308599 -0.0097661 0.9942580
1341846322.301996 0.3419025 0.1524057 0.1694940 0.0977085 -0.0347515 -0.0084155 0.9945726
1341846322.333949 0.3324563 0.1471237 0.1715747 0.0973674 -0.0359272 -0.0065613 0.9945782
1341846322.369871 0.3384993 0.1167407 0.1685884 0.0955758 -0.0414576 -0.0101336 0.9945068
1341846322.402292 0.3773599 0.0706377 0.1675257 0.0926416 -0.0442771 -0.0177358 0.9945565
1341846322.433955 0.3497183 0.0131587 0.1569073 0.0914181 -0.0396630 -0.0193363 0.9948345
1341846322.470030 0.3557209 0.0067417 0.1597851 0.1002127 -0.0456162 -0.0150670 0.9938056
1341846322.502433 0.3729365 -0.0222933 0.1532130 0.1034281 -0.0505191 -0.0101604 0.9933012
1341846322.534002 0.3766623 -0.0581686 0.1553249 0.1083834 -0.0513525 -0.0084575 0.9927459
1341846322.570196 0.3685631 -0.0857233 0.1498403 0.1147875 -0.0506583 -0.0060550 0.9920791
1341846322.601920 0.3594122 -0.0695944 0.1497737 0.1245797 -0.0532901 -0.0034407 0.9907715
1341846322.638119 0.3960341 -0.1020344 0.1557918 0.1265536 -0.0611244 -0.0020552 0.9900726
1341846322.669947 0.4117785 -0.0984679 0.1555017 0.1327030 -0.0597031 -0.0032658 0.9893507
1341846322.702026 0.4054907 -0.1209128 0.1499608 0.1333894 -0.0579244 -0.0007658 0.9893693
1341846322.738006 0.4075540 -0.1194092 0.1384016 0.1351837 -0.0608108 0.0008176 0.9889523
1341846322.770087 0.4118654 -0.1462940 0.1446542 0.1335424 -0.0604805 0.0014663 0.9891948
1341846322.806047 0.3950110 -0.1684176 0.1445660 0.1343194 -0.0586900 0.0044193 0.9891887
1341846322.838063 0.3931725 -0.1604309 0.1490458 0.1384998 -0.0632435 0.0053278 0.9883267
1341846322.870081 0.4119686 -0.2027347 0.1526809 0.1363218 -0.0707411 0.0051721 0.9881222
1341846322.906018 0.4199893 -0.2123203 0.1600043 0.1406875 -0.0729487 0.0055455 0.9873474
1341846322.938349 0.4162191 -0.1650382 0.1604127 0.1469928 -0.0716458 0.0064377 0.9865184
1341846322.970069 0.4197276 -0.1761779 0.1612187 0.1414577 -0.0725081 0.0083224 0.9872503
1341846323.011820 0.4413962 -0.2116002 0.1644017 0.1353254 -0.0751552 0.0083424 0.9879115
1341846323.073951 0.4463059 -0.2067287 0.1760195 0.1330274 -0.0765073 0.0143433 0.9880509
1341846323.105962 0.4459230 -0.2437401 0.1773766 0.1265578 -0.0761035 0.0124517 0.9889572
1341846323.138158 0.4440718 -0.2427877 0.1778536 0.1280246 -0.0758528 0.0088026 0.9888269
1341846323.174092 0.4429863 -0.2371944 0.1689298 0.1270113 -0.0764403 0.0079680 0.9889194
1341846323.206059 0.4401760 -0.2560528 0.1751254 0.1222472 -0.0757174 0.0046602 0.9895962
1341846323.238053 0.4468062 -0.2566274 0.1769128 0.1202412 -0.0732841 0.0015493 0.9900349
1341846323.273997 0.4136073 -0.2474119 0.1634957 0.1171988 -0.0691307 0.0031146 0.9906946
1341846323.305946 0.4053408 -0.2494705 0.1686302 0.1132543 -0.0715030 0.0023238 0.9909871
1341846323.342027 0.4660641 -0.3045986 0.1741511 0.1046583 -0.0768703 0.0007954 0.9915326
1341846323.374048 0.4218485 -0.3049715 0.1704295 0.1057745 -0.0682725 0.0020480 0.9920415
1341846323.405987 0.4358768 -0.3301305 0.1678630 0.1023607 -0.0760207 0.0088704 0.9917986
1341846323.441956 0.4501370 -0.3468920 0.1756299 0.1022460 -0.0813763 0.0100184 0.9913745
1341846323.473878 0.4503186 -0.3450283 0.1750125 0.1087834 -0.0794170 0.0088594 0.9908484
1341846323.506129 0.4518628 -0.3566631 0.1693918 0.1087997 -0.0804753 0.0074914 0.9907725
1341846323.541972 0.4645686 -0.3593185 0.1761384 0.1073521 -0.0815970 0.0038217 0.9908596
1341846323.573913 0.5104134 -0.3707106 0.1805271 0.1082023 -0.0827462 -0.0003951 0.9906791
1341846323.609927 0.5067022 -0.3649265 0.1781495 0.1102067 -0.0768112 -0.0021587 0.9909338
1341846323.642014 0.4747653 -0.3484943 0.1735944 0.1135150 -0.0717119 -0.0036238 0.9909382
1341846323.674081 0.4807076 -0.3753084 0.1753682 0.1101669 -0.0745265 0.0007773 0.9911147
1341846323.710069 0.4845393 -0.4128014 0.1672910 0.1076720 -0.0762695 0.0045029 0.9912464
1341846323.742111 0.4811693 -0.4230814 0.1756703 0.1127082 -0.0786332 0.0037132 0.9905049
1341846323.774928 0.4737822 -0.4637872 0.1650279 0.1092914 -0.0791107 0.0000495 0.9908566
1341846323.810012 0.4574941 -0.4833491 0.1642650 0.1085908 -0.0777499 -0.0039750 0.9910334
1341846323.842207 0.4570419 -0.4940470 0.1656926 0.1091343 -0.0773302 -0.0087646 0.9909758
1341846323.878019 0.4765584 -0.5417047 0.1675926 0.1037731 -0.0818976 -0.0118404 0.9911527
1341846323.909826 0.4639197 -0.5618829 0.1590495 0.1061338 -0.0814090 -0.0169213 0.9908692
1341846323.942459 0.4627746 -0.5528963 0.1569657 0.1110967 -0.0816355 -0.0152825 0.9903331
1341846323.978055 0.4627919 -0.5595108 0.1658979 0.1128999 -0.0856685 -0.0127093 0.9898247
1341846324.015934 0.4655727 -0.5734088 0.1599678 0.1151721 -0.0873151 -0.0142052 0.9893987
1341846324.047722 0.4888391 -0.5704643 0.1557800 0.1184736 -0.0888371 -0.0141946 0.9888734
1341846324.083904 0.4880293 -0.5393803 0.1585048 0.1215704 -0.0870437 -0.0138511 0.9886618
1341846324.115968 0.4886534 -0.5279281 0.1610967 0.1212382 -0.0853037 -0.0155125 0.9888296
1341846324.151967 0.4811426 -0.5152192 0.1626561 0.1227079 -0.0807801 -0.0217377 0.9889110
1341846324.183941 0.4786344 -0.4888201 0.1662268 0.1225365 -0.0765971 -0.0253932 0.9891779
1341846324.219984 0.4696538 -0.4782461 0.1602532 0.1189579 -0.0731321 -0.0239271 0.9899132
1341846324.251968 0.4877886 -0.5073784 0.1591322 0.1138456 -0.0762768 -0.0244531 0.9902642
1341846324.284052 0.4834203 -0.4747011 0.1640228 0.1179579 -0.0770420 -0.0253048 0.9897020
1341846324.319880 0.4838074 -0.4619179 0.1686392 0.1160783 -0.0813523 -0.0242405 0.9896060
1341846324.351917 0.4487581 -0.4233964 0.1603077 0.1164668 -0.0784680 -0.0274679 0.9897090
1341846324.388001 0.4736774 -0.3969629 0.1583058 0.1157253 -0.0804753 -0.0305655 0.9895439
1341846324.419908 0.4852957 -0.3845037 0.1584583 0.1115387 -0.0801619 -0.0332385 0.9899638
1341846324.487928 0.4633771 -0.3534844 0.1753651 0.1082768 -0.0780789 -0.0315932 0.9905462
1341846324.519985 0.4548971 -0.3476377 0.1695511 0.1053085 -0.0800709 -0.0253196 0.9908873
1341846324.556001 0.4471761 -0.3017343 0.1719072 0.1081375 -0.0840068 -0.0224961 0.9903247
1341846324.620086 0.4379492 -0.2667992 0.1754394 0.1055828 -0.0876910 -0.0251991 0.9902160
1341846324.655955 0.4244197 -0.2375418 0.1759765 0.1072434 -0.0859489 -0.0264818 0.9901567
1341846324.755922 0.3969076 -0.1658373 0.1834142 0.1126968 -0.0868633 -0.0204858 0.9896134
1341846324.814016 0.4116812 -0.1233176 0.1683441 0.1103666 -0.0918697 -0.0257247 0.9893015
1341846324.849979 0.4060620 -0.1105874 0.1823846 0.1054608 -0.0888874 -0.0286040 0.9900298
1341846324.881924 0.3992751 -0.1061992 0.1893837 0.1023827 -0.0901909 -0.0284099 0.9902405
1341846324.949999 0.3922074 -0.0932270 0.1959883 0.1020937 -0.0906839 -0.0233405 0.9903578
1341846324.981922 0.3758772 -0.0874746 0.1901226 0.1060067 -0.0917270 -0.0192794 0.9899379
1341846325.050079 0.3735191 -0.0240169 0.1772872 0.1180309 -0.1017264 -0.0180862 0.9876201
1341846325.118531 0.3636302 0.0173450 0.1711457 0.1155995 -0.1051541 -0.0238516 0.9874262
1341846325.149933 0.3613983 0.0248373 0.1790299 0.1106397 -0.1024963 -0.0273775 0.9881821
1341846325.218055 0.3575632 0.0527104 0.1881189 0.1063979 -0.1013300 -0.0208844 0.9889265
1341846325.317988 0.3818824 0.0700655 0.1976386 0.0994756 -0.1027609 -0.0121327 0.9896452
1341846325.387302 0.3621114 0.0839771 0.2093146 0.1084542 -0.0929861 -0.0072343 0.9897166
1341846325.417931 0.3964066 0.0948430 0.2061994 0.1116234 -0.0925347 -0.0036520 0.9894262
1341846325.485954 0.3599838 0.1231128 0.2186985 0.1287912 -0.0723638 0.0009527 0.9890275
1341846325.585855 0.3437327 0.1982201 0.2235731 0.1459266 -0.0614769 0.0005123 0.9873833
1341846325.617990 0.3453223 0.2125472 0.2066074 0.1427171 -0.0592968 0.0007799 0.9879854
1341846325.685819 0.3296168 0.1937842 0.2178699 0.1438605 -0.0539814 -0.0022673 0.9881220
1341846325.754083 0.3145802 0.2148270 0.2106456 0.1517743 -0.0522610 0.0084848 0.9869962
1341846325.821856 0.3129837 0.2591998 0.2282687 0.1675895 -0.0500641 0.0098669 0.9845355
1341846325.885958 0.2843890 0.2976360 0.2298742 0.1717989 -0.0495065 0.0200675 0.9836827
1341846325.953899 0.3174551 0.3034605 0.2433245 0.1735922 -0.0581612 0.0259163 0.9827570
1341846326.021991 0.3077126 0.3175388 0.2412686 0.1786819 -0.0549213 0.0371448 0.9816704
1341846326.089984 0.3347372 0.3880953 0.2677509 0.1945636 -0.0576352 0.0390582 0.9784159
1341846326.154079 0.3235580 0.4068180 0.2794372 0.1964122 -0.0497810 0.0366437 0.9785711
1341846326.259181 0.2954981 0.4674287 0.2867259 0.1969377 -0.0521571 0.0513282 0.9776813
1341846326.322766 0.2893235 0.5162886 0.2968066 0.1954023 -0.0504209 0.0457750 0.9783559
1341846326.392109 0.3112173 0.5127308 0.3120597 0.1893847 -0.0503571 0.0471474 0.9794767
1341846326.459869 0.2864608 0.5502837 0.3182669 0.1987219 -0.0501428 0.0562651 0.9771538
1341846326.526163 0.3248182 0.5956465 0.3390424 0.2026484 -0.0534623 0.0561855 0.9761755
1341846326.591828 0.2978705 0.6265292 0.3464620 0.1967468 -0.0434126 0.0563362 0.9778714
1341846326.658442 0.3128246 0.6676473 0.3548395 0.1963572 -0.0400839 0.0604281 0.9778475
1341846326.726206 0.3056981 0.7018809 0.3730942 0.1888089 -0.0344978 0.0579583 0.9796948
1341846326.826821 0.2898927 0.7433683 0.3828004 0.1687173 -0.0225356 0.0521420 0.9840264
1341846326.858887 0.3064028 0.7224131 0.3845042 0.1569737 -0.0240695 0.0518942 0.9859447
1341846326.926897 0.3051849 0.7556414 0.3997232 0.1620802 -0.0302802 0.0547494 0.9847922
1341846326.994594 0.3218539 0.7774220 0.3982896 0.1639163 -0.0338733 0.0598043 0.9840770
1341846327.026301 0.3107331 0.7778162 0.4008096 0.1589519 -0.0299678 0.0571447 0.9851755
1341846327.094662 0.3051766 0.8029142 0.4186636 0.1584288 -0.0238623 0.0507792 0.9857751
1341846327.161940 0.3003072 0.8022603 0.4178397 0.1521207 -0.0241120 0.0495849 0.9868228
1341846327.229885 0.2427262 0.8627087 0.4002981 0.1608090 -0.0084950 0.0443735 0.9859509
1341846327.262014 0.1920500 0.8675117 0.3862773 0.1592382 0.0074384 0.0385586 0.9864589
1341846327.294023 0.1331189 0.8794999 0.3809171 0.1647170 0.0312941 0.0340162 0.9852573
1341846327.330015 0.1141786 0.8893193 0.3603355 0.1646810 0.0443320 0.0293307 0.9849135
1341846327.361939 0.0909052 0.9188579 0.3527385 0.1642614 0.0514564 0.0235056 0.9847934
1341846327.393887 0.0744475 0.9366268 0.3455846 0.1648143 0.0561357 0.0184773 0.9845525
1341846327.429966 0.0227953 0.9454101 0.3231778 0.1593421 0.0654966 0.0148079 0.9849371
1341846327.461965 0.0039976 0.9233366 0.3080905 0.1431279 0.0631957 0.0091600 0.9876420
1341846327.497931 -0.0395608 0.9181788 0.3189916 0.1381621 0.0708707 0.0058698 0.9878533
1341846327.530068 -0.0862493 0.9216959 0.3149067 0.1342797 0.0788077 0.0079541 0.9877728
1341846327.561895 -0.1458250 0.9234773 0.3307246 0.1320793 0.0857658 0.0132966 0.9874323
1341846327.629945 -0.1484700 0.9270246 0.3334050 0.1303850 0.0771912 0.0159925 0.9883246
1341846327.662003 -0.1743425 0.9205244 0.3428654 0.1289026 0.0800454 0.0123502 0.9883443
1341846327.697919 -0.1991799 0.9415896 0.3264739 0.1310838 0.0836714 0.0130466 0.9877479
1341846327.730075 -0.2450986 0.9388234 0.3269295 0.1220161 0.0900118 0.0136539 0.9883438
1341846327.766017 -0.2827322 0.9451681 0.3218600 0.1174998 0.0956880 0.0150850 0.9883370
1341846327.797917 -0.2904761 0.9444542 0.3262582 0.1081445 0.0965731 0.0159756 0.9893044
1341846327.865944 -0.3051314 0.9585810 0.3344440 0.0987058 0.1016845 0.0167404 0.9897662
1341846327.898010 -0.3105937 0.9674345 0.3437256 0.0951078 0.1030744 0.0175889 0.9899600
1341846327.966065 -0.3055804 0.9843476 0.3369668 0.0847822 0.1018452 0.0135872 0.9910877
1341846328.034045 -0.3228484 0.9929414 0.3456291 0.0711023 0.1082086 0.0091829 0.9915397
1341846328.098045 -0.3325756 0.9865366 0.3438000 0.0648983 0.1105437 0.0137420 0.9916549
1341846328.166023 -0.3394143 0.9756896 0.3452306 0.0662712 0.1065786 0.0186509 0.9919180
1341846328.234044 -0.3442014 0.9577959 0.3368472 0.0692162 0.1032810 0.0139058 0.9921435
1341846328.302051 -0.3513728 0.9548352 0.3401488 0.0799446 0.1021207 0.0163741 0.9914193
1341846328.366008 -0.4146764 0.9123041 0.3744802 0.0868983 0.1115553 0.0164755 0.9898145
1341846328.402010 -0.4688646 0.8849410 0.3839295 0.0976428 0.1229643 0.0179631 0.9874325
1341846328.433920 -0.4700719 0.8647953 0.3830801 0.1000208 0.1213848 0.0166275 0.9874133
1341846328.470003 -0.4978013 0.8537437 0.3991599 0.1014170 0.1259833 0.0096708 0.9867874
1341846328.502194 -0.5206126 0.8553658 0.4120793 0.1084466 0.1332700 0.0003189 0.9851286
1341846328.534033 -0.5568421 0.8350366 0.4236749 0.1092362 0.1432876 -0.0040138 0.9836260
1341846328.570125 -0.5748596 0.8263859 0.4379268 0.1144670 0.1475645 -0.0030568 0.9824015
1341846328.602804 -0.5832433 0.8230481 0.4509174 0.1241379 0.1431151 0.0011012 0.9818893
1341846328.672663 -0.5621659 0.8153831 0.4455273 0.1388675 0.1265470 -0.0050924 0.9821791
1341846328.702975 -0.5844775 0.7904233 0.4570380 0.1395884 0.1284982 -0.0077844 0.9818059
1341846328.770129 -0.5774015 0.7838622 0.4436586 0.1527836 0.1238782 -0.0126294 0.9803835
1341846328.802331 -0.5626387 0.7696211 0.4504039 0.1543722 0.1179813 -0.0117583 0.9808728
1341846328.838051 -0.5714216 0.7634938 0.4426924 0.1591485 0.1180532 -0.0170683 0.9800224
1341846328.869939 -0.5784562 0.7713940 0.4447757 0.1611764 0.1184052 -0.0185933 0.9796207
1341846328.939814 -0.5680825 0.7354533 0.4373415 0.1604460 0.1106014 -0.0171020 0.9806793
1341846328.970217 -0.5723436 0.7321008 0.4311757 0.1643693 0.1085164 -0.0134378 0.9803196
1341846329.006232 -0.5780221 0.7262643 0.4352916 0.1666832 0.1071517 -0.0098794 0.9801212
1341846329.038243 -0.5776741 0.7030851 0.4379335 0.1692494 0.1071571 -0.0098860 0.9796807
1341846329.106125 -0.5737590 0.7191671 0.4223517 0.1755754 0.1053572 -0.0121294 0.9787369
1341846329.138340 -0.5756465 0.7144129 0.4241583 0.1791608 0.1049219 -0.0133708 0.9781176
1341846329.169991 -0.5744392 0.7106745 0.4175664 0.1802134 0.1035457 -0.0142815 0.9780580
1341846329.208656 -0.5630929 0.7058927 0.4163440 0.1811898 0.1006735 -0.0148204 0.9781694
1341846329.238169 -0.5637416 0.7048028 0.4129277 0.1808058 0.0997381 -0.0144165 0.9783424
1341846329.273827 -0.5560784 0.6912565 0.4096185 0.1786544 0.0972155 -0.0128619 0.9790129
1341846329.306052 -0.5679736 0.6860046 0.4029941 0.1786160 0.0967361 -0.0152350 0.9790334
1341846329.373907 -0.5623255 0.6641022 0.3935649 0.1705319 0.0940281 -0.0179339 0.9806916
1341846329.405985 -0.5561439 0.6528481 0.3859692 0.1707173 0.0915630 -0.0208428 0.9808351
1341846329.473950 -0.5726079 0.6408040 0.3803950 0.1688250 0.0937641 -0.0317706 0.9806616
1341846329.542121 -0.5623940 0.6324004 0.3696530 0.1679761 0.0861176 -0.0346068 0.9814123
1341846329.574086 -0.5670658 0.6078302 0.3653286 0.1685944 0.0850533 -0.0353744 0.9813718
1341846329.641955 -0.5853365 0.6011519 0.3570464 0.1703249 0.0857297 -0.0369081 0.9809576
1341846329.681570 -0.5924791 0.5797985 0.3563885 0.1677117 0.0839009 -0.0368910 0.9815664
1341846329.748113 -0.5853170 0.5863346 0.3537869 0.1717286 0.0833086 -0.0397036 0.9808123
1341846329.810175 -0.6057119 0.5534804 0.3537898 0.1679358 0.0892463 -0.0348424 0.9811313
1341846329.874044 -0.6131182 0.5314141 0.3475533 0.1706335 0.0890907 -0.0287323 0.9808779
1341846329.942009 -0.6197392 0.5511283 0.3566720 0.1707411 0.0886001 -0.0214348 0.9810902
1341846329.978087 -0.6112049 0.5240663 0.3405979 0.1674308 0.0865788 -0.0202341 0.9818664
1341846330.048192 -0.6199306 0.5458368 0.3441301 0.1677690 0.0902980 -0.0201266 0.9814758
1341846330.115886 -0.6144583 0.5117061 0.3334302 0.1659330 0.0903128 -0.0161599 0.9818598
1341846330.181257 -0.6256947 0.5554385 0.3424025 0.1683301 0.0912643 -0.0123860 0.9814186
1341846330.247833 -0.6038477 0.5277354 0.3292345 0.1577985 0.0880593 -0.0131321 0.9834494
1341846330.316011 -0.6139032 0.5379254 0.3325411 0.1497883 0.0883721 -0.0121671 0.9846857
1341846330.383835 -0.6128229 0.5207561 0.3251336 0.1439553 0.0863009 -0.0111845 0.9857504
1341846330.452561 -0.6290128 0.5114443 0.3267643 0.1469140 0.0888733 -0.0148197 0.9850371
1341846330.515970 -0.6224667 0.5121131 0.3216937 0.1465714 0.0821038 -0.0085985 0.9857494
1341846330.583876 -0.6190344 0.4977176 0.3074290 0.1434671 0.0793515 -0.0069513 0.9864442
1341846330.652136 -0.6252346 0.5050101 0.3061346 0.1331270 0.0776911 -0.0080815 0.9880162
1341846330.719991 -0.6396319 0.4881962 0.2921671 0.1247197 0.0763403 -0.0061712 0.9892316
1341846330.787952 -0.6512969 0.4967215 0.2808572 0.1289539 0.0670006 0.0009277 0.9893842
1341846330.914111 -0.6520865 0.5315459 0.2839801 0.1219446 0.0578332 0.0001292 0.9908506
1341846330.949903 -0.6616641 0.5142667 0.2818579 0.1172950 0.0575747 -0.0011580 0.9914261
1341846331.014111 -0.6678095 0.5304493 0.2807983 0.1192896 0.0490218 -0.0002086 0.9916486
1341846331.082139 -0.6772942 0.5186552 0.2692835 0.1184779 0.0477691 -0.0040623 0.9917987
1341846331.149989 -0.6749040 0.5112881 0.2649423 0.1177857 0.0441798 -0.0060584 0.9920373
1341846331.249914 -0.6831421 0.5616210 0.2640906 0.1265013 0.0402947 -0.0092127 0.9911049
1341846331.318141 -0.7248353 0.5414509 0.2490946 0.1330538 0.0577010 -0.0151492 0.9893118
1341846331.382003 -0.8151323 0.4825529 0.2310291 0.1253104 0.0875231 -0.0222594 0.9879988
1341846331.450327 -0.8226730 0.5350970 0.2318296 0.1418699 0.0994252 -0.0131026 0.9847924
1341846331.518344 -0.8611178 0.5184818 0.2289723 0.1373846 0.1100827 -0.0161188 0.9842497
1341846331.586139 -0.9076223 0.5400113 0.2489455 0.1452640 0.1237956 -0.0129282 0.9815324
1341846331.654027 -0.8881994 0.5599973 0.2620526 0.1492623 0.1251240 -0.0135368 0.9807556
1341846331.717954 -0.8560175 0.6030362 0.2662583 0.1547876 0.1202213 -0.0121680 0.9805303
1341846331.785920 -0.8749811 0.5963199 0.3039755 0.1570659 0.1304476 -0.0141305 0.9788330
1341846331.853849 -0.8932158 0.5954338 0.3189456 0.1554169 0.1363172 -0.0158544 0.9782698
1341846331.922014 -0.9126374 0.5856344 0.3383608 0.1582680 0.1471649 -0.0189582 0.9761835
1341846331.986135 -0.9332767 0.5743180 0.3591753 0.1616535 0.1611781 -0.0146965 0.9734854
1341846332.054175 -0.9514486 0.5735981 0.3767584 0.1750923 0.1677222 -0.0155690 0.9700359
1341846332.122051 -0.9490204 0.5807198 0.4039428 0.1806550 0.1703489 -0.0151646 0.9685634
1341846332.254145 -0.9962717 0.5652884 0.4481387 0.1714525 0.1812291 -0.0232972 0.9680998
1341846332.289948 -0.9893550 0.5647148 0.4523487 0.1733893 0.1797289 -0.0219334 0.9680665
1341846332.354003 -0.9756311 0.5444196 0.4556795 0.1737402 0.1804880 -0.0239569 0.9678143
1341846332.422055 -1.0343211 0.5240732 0.4732253 0.1662544 0.1986351 -0.0286353 0.9654448
1341846332.489993 -1.0497830 0.5131056 0.5061448 0.1654272 0.2076000 -0.0288439 0.9636930
1341846332.589874 -1.0348552 0.5013763 0.5182661 0.1642647 0.1921942 -0.0121797 0.9674348
1341846332.658202 -1.0240253 0.5113980 0.5108027 0.1564679 0.1908041 -0.0139423 0.9689775
1341846332.726000 -1.0338730 0.5182067 0.5389326 0.1573162 0.1930428 -0.0088058 0.9684568
1341846332.789937 -1.0511602 0.5047179 0.5449117 0.1520705 0.1961488 -0.0095644 0.9686634
1341846332.857898 -1.0732697 0.5041730 0.5629655 0.1513142 0.2044574 -0.0118496 0.9670371
1341846332.926029 -1.1055391 0.4911762 0.5703235 0.1393863 0.2112336 -0.0158602 0.9673160
1341846332.994073 -1.1557212 0.4774523 0.5950720 0.1286212 0.2262340 -0.0189966 0.9653569
1341846333.057998 -1.2124419 0.4607743 0.6195344 0.1215091 0.2420326 -0.0186718 0.9624485
1341846333.126095 -1.2773385 0.4489760 0.6403124 0.1204772 0.2569062 -0.0114832 0.9588287
1341846333.195660 -1.3489343 0.4426278 0.6820436 0.1179095 0.2752929 -0.0018964 0.9541004
1341846333.262056 -1.4056392 0.4368126 0.6936799 0.1082539 0.2868544 -0.0051467 0.9518242
1341846333.326100 -1.4476006 0.4230582 0.7220344 0.0989785 0.2969906 -0.0089091 0.9496949
1341846333.394119 -1.4871986 0.4287522 0.7389796 0.0932592 0.3029288 -0.0098475 0.9483880
1341846333.462115 -1.5215907 0.4220344 0.7535207 0.0909442 0.3084370 -0.0108364 0.9468254
1341846333.529953 -1.5582716 0.4174272 0.7704711 0.0914119 0.3175445 -0.0112466 0.9437600
1341846333.594090 -1.6088400 0.4336421 0.8130353 0.0953349 0.3293806 -0.0076910 0.9393405
1341846333.662127 -1.6505040 0.4358413 0.8425241 0.0894447 0.3345946 -0.0064398 0.9380856
1341846333.762089 -1.7193707 0.4296149 0.8839235 0.0932237 0.3483128 -0.0031406 0.9327260
1341846333.830055 -1.7645427 0.4278647 0.9075001 0.0967873 0.3584883 -0.0056406 0.9284862
1341846333.930099 -1.7767026 0.4198899 0.8980484 0.0998211 0.3603572 -0.0097106 0.9274073
1341846333.997985 -1.8196149 0.4214012 0.9192175 0.1057858 0.3698461 -0.0118295 0.9229752
1341846334.066000 -1.8509881 0.4333181 0.9346983 0.1136532 0.3754288 -0.0123725 0.9197734
1341846334.133884 -1.8860948 0.4442883 0.9563721 0.1196091 0.3823216 -0.0139680 0.9161489
1341846334.198072 -1.9107394 0.4513577 0.9614965 0.1209197 0.3824961 -0.0172027 0.9158490
1341846334.266045 -1.9369812 0.4450957 0.9711170 0.1198857 0.3883392 -0.0169423 0.9135278
1341846334.334036 -1.9519092 0.4502131 0.9792044 0.1229442 0.3870296 -0.0162065 0.9136904
1341846334.365871 -1.9656547 0.4475716 0.9851856 0.1208832 0.3894219 -0.0170852 0.9129326
1341846334.433864 -1.9863584 0.4382623 0.9969455 0.1184580 0.3913431 -0.0143679 0.9124757
1341846334.502142 -2.0109053 0.4472458 1.0089772 0.1195889 0.3920330 -0.0144024 0.9120314
1341846334.602351 -2.0346918 0.4608144 1.0163404 0.1134519 0.3908205 -0.0205436 0.9132174
1341846334.670161 -2.0471396 0.4592876 1.0091953 0.1055085 0.3893635 -0.0237541 0.9147130
1341846334.770889 -2.0682521 0.4719184 0.9861149 0.1080470 0.3811304 -0.0193758 0.9179815
1341846334.833908 -2.0769007 0.4806764 0.9671850 0.1073615 0.3754154 -0.0207732 0.9203832
1341846334.902006 -2.0761049 0.4909061 0.9294111 0.1064453 0.3673696 -0.0192392 0.9237634
1341846334.970032 -2.0676389 0.5026673 0.8944413 0.1061765 0.3589328 -0.0229096 0.9270216
1341846335.037880 -2.0834863 0.5089610 0.8634018 0.1124964 0.3530525 -0.0175375 0.9286501
1341846335.069990 -2.0817981 0.5181589 0.8569492 0.1134900 0.3498066 -0.0201008 0.9297050
1341846335.106038 -2.0790606 0.5229197 0.8456006 0.1141741 0.3495076 -0.0221835 0.9296863
1341846335.169900 -2.1098626 0.5289531 0.8272663 0.1156076 0.3489370 -0.0201380 0.9297701
1341846335.239365 -2.1016085 0.5505781 0.8168396 0.1169779 0.3460290 -0.0284490 0.9304680
1341846335.305972 -2.1296682 0.5376102 0.8039352 0.1174763 0.3467319 -0.0277777 0.9301639
1341846335.338012 -2.1281435 0.5399396 0.8023109 0.1196146 0.3447551 -0.0285194 0.9306035
1341846335.374005 -2.1402001 0.5531121 0.8062899 0.1273411 0.3484859 -0.0324765 0.9280555
1341846335.406025 -2.1439471 0.5425764 0.7986415 0.1328700 0.3492390 -0.0309259 0.9270498
1341846335.473998 -2.1599269 0.5247570 0.7784149 0.1353066 0.3509941 -0.0285418 0.9261105
1341846335.507038 -2.1758528 0.5081968 0.7741624 0.1316445 0.3552476 -0.0304324 0.9249555
1341846335.538040 -2.1741197 0.5180797 0.7677608 0.1309424 0.3561471 -0.0318255 0.9246624
1341846335.605970 -2.1900418 0.5238048 0.7553142 0.1281151 0.3551349 -0.0299093 0.9255114
1341846335.641978 -2.2007928 0.5426999 0.7548234 0.1311302 0.3575416 -0.0334455 0.9240402
1341846335.706178 -2.2096188 0.5325460 0.7312663 0.1279038 0.3543860 -0.0313972 0.9257783
1341846335.773960 -2.2282624 0.5264170 0.7165002 0.1257334 0.3555311 -0.0321120 0.9256120
1341846335.842031 -2.2355707 0.5467784 0.7070999 0.1249408 0.3555140 -0.0311771 0.9257579
1341846335.910005 -2.2566960 0.5743551 0.7063934 0.1300838 0.3577052 -0.0305199 0.9242260
1341846335.974198 -2.2823992 0.5690280 0.6996216 0.1267245 0.3572937 -0.0317574 0.9248101
1341846336.042129 -2.3153057 0.5649363 0.7073234 0.1240389 0.3596046 -0.0312673 0.9242950
1341846336.110739 -2.3146400 0.5724983 0.6777284 0.1241170 0.3548191 -0.0348548 0.9260041
1341846336.183953 -2.3196578 0.5935946 0.6543331 0.1272587 0.3487576 -0.0287150 0.9280888
1341846336.241891 -2.3386488 0.5927163 0.6550891 0.1241182 0.3502181 -0.0317407 0.9278656
1341846336.309977 -2.3696394 0.5862864 0.6502172 0.1279446 0.3500477 -0.0273066 0.9275512
1341846336.410032 -2.2655475 0.6111801 0.5159755 0.1330545 0.3237020 -0.0273132 0.9363587
1341846336.477990 -2.1802132 0.6032320 0.4412292 0.1291811 0.3052352 -0.0207079 0.9432470
1341846336.546024 -2.1242933 0.6133158 0.3675853 0.1321986 0.2933990 -0.0169451 0.9466538
1341846336.614020 -2.0528855 0.6205139 0.3019608 0.1309068 0.2801390 -0.0157574 0.9508613
1341846336.714024 -1.9897981 0.6385965 0.2390545 0.1320033 0.2631495 -0.0177064 0.9555176
1341846336.778014 -1.9432739 0.6408921 0.1655356 0.1375686 0.2447881 -0.0167037 0.9596221
1341846336.882056 -1.7915394 0.6410560 0.0596159 0.1403180 0.2118878 -0.0171027 0.9670170
1341846336.945998 -1.7056264 0.6190204 0.0240904 0.1466356 0.1856976 -0.0083697 0.9715680
1341846337.014238 -1.5735875 0.6488234 0.0009575 0.1480533 0.1591671 -0.0195668 0.9758910
1341846337.082104 -1.4744436 0.6391621 -0.0097541 0.1431234 0.1423933 -0.0210397 0.9791819
1341846337.150037 -1.3720194 0.6359915 -0.0276473 0.1383351 0.1210011 -0.0201989 0.9827585
1341846337.214073 -1.2855422 0.6331505 -0.0249147 0.1339565 0.1109178 -0.0223550 0.9845065
1341846337.282028 -1.2135613 0.6480979 -0.0435577 0.1372393 0.0916490 -0.0197087 0.9860920
1341846337.350018 -1.1540651 0.6540283 -0.0750625 0.1346318 0.0802263 -0.0229863 0.9873751
1341846337.417941 -1.1238005 0.6821876 -0.0850203 0.1423803 0.0763139 -0.0243270 0.9865659
1341846337.482096 -1.1047111 0.6775653 -0.1027668 0.1386740 0.0721398 -0.0250778 0.9873887
1341846337.549978 -1.1009698 0.7046238 -0.1209023 0.1435582 0.0693386 -0.0275959 0.9868240
1341846337.617903 -1.0952404 0.7127782 -0.1145610 0.1458164 0.0678639 -0.0293834 0.9865438
1341846337.718002 -1.0753431 0.6946151 -0.1112383 0.1401599 0.0658020 -0.0262485 0.9875912
1341846337.786157 -1.0617254 0.7038696 -0.1134637 0.1379506 0.0684736 -0.0243305 0.9877697
1341846337.854071 -1.0519741 0.6995857 -0.1021290 0.1343932 0.0739342 -0.0229886 0.9878986
1341846337.954120 -1.0213933 0.6856282 -0.0774082 0.1223766 0.0755686 -0.0244924 0.9892995
1341846338.018107 -1.0045004 0.6757836 -0.0610033 0.1143301 0.0767521 -0.0212351 0.9902459
1341846338.085986 -1.0071969 0.6878557 -0.0413111 0.1107516 0.0841155 -0.0219036 0.9900399
1341846338.186029 -1.0031505 0.6934195 -0.0249868 0.1098116 0.0852574 -0.0159436 0.9901608
1341846338.254107 -0.9902940 0.6820199 -0.0067304 0.1060709 0.0876537 -0.0134922 0.9903958
1341846338.321952 -0.9753812 0.6837804 0.0078914 0.1073387 0.0866702 -0.0103600 0.9903834
1341846338.389969 -0.9751207 0.6823360 0.0255112 0.1060525 0.0892026 -0.0092381 0.9903083
1341846338.489894 -0.9658301 0.6688879 0.0573870 0.1001887 0.0891287 -0.0099199 0.9909187
1341846338.558058 -0.9672290 0.6630837 0.0704072 0.0989949 0.0905939 -0.0107311 0.9908974
1341846338.622019 -0.9724261 0.6545919 0.0890127 0.0976135 0.0941883 -0.0092309 0.9907144
1341846338.722454 -0.9877356 0.6438208 0.1077843 0.0941428 0.0995076 -0.0061197 0.9905543
1341846338.790039 -0.9880494 0.6316342 0.1267874 0.0898961 0.0982178 -0.0037237 0.9910893
1341846338.889902 -0.9902842 0.6217489 0.1469524 0.0855184 0.1023676 -0.0069579 0.9910394
1341846338.958108 -0.9934249 0.6206403 0.1686642 0.0858188 0.1080574 -0.0099545 0.9903836
1341846339.057939 -0.9844839 0.6126094 0.1966005 0.0906155 0.1123727 -0.0090749 0.9894842
1341846339.126562 -0.9783726 0.6127757 0.2129667 0.0852716 0.1112600 -0.0078110 0.9900954
1341846339.194113 -0.9569917 0.6184001 0.2309835 0.0825573 0.1121750 -0.0075670 0.9902241
1341846339.294132 -0.9320941 0.6100311 0.2574027 0.0758938 0.1115133 -0.0025353 0.9908575
1341846339.362269 -0.9318307 0.6183488 0.2749955 0.0689892 0.1094189 -0.0018912 0.9915969
1341846339.462186 -0.9044501 0.6025290 0.2980494 0.0619833 0.1083196 -0.0022122 0.9921795
1341846339.496743 -0.9005767 0.6004262 0.3018536 0.0650957 0.1131172 -0.0031854 0.9914418
1341846339.562052 -0.8879871 0.5936635 0.3208898 0.0660189 0.1143153 -0.0009487 0.9912480
1341846339.632085 -0.8761780 0.5980176 0.3353380 0.0701975 0.1195885 -0.0060655 0.9903202
1341846339.698896 -0.8888886 0.5889245 0.3495570 0.0693979 0.1277065 -0.0076887 0.9893513
1341846339.762241 -0.8780957 0.5880235 0.3612137 0.0705487 0.1289605 -0.0097379 0.9890891
1341846339.830245 -0.8741138 0.5790451 0.3751926 0.0694378 0.1295251 -0.0080422 0.9891092
1341846339.929916 -0.8638727 0.5729319 0.3971283 0.0680470 0.1325234 -0.0076580 0.9888117
1341846339.997845 -0.8475711 0.5802743 0.4055642 0.0726389 0.1318967 -0.0084622 0.9885622
1341846340.066044 -0.8321196 0.5791263 0.4251829 0.0768747 0.1345108 -0.0067848 0.9879024
1341846340.130102 -0.8324093 0.5766038 0.4340139 0.0766601 0.1363388 -0.0071555 0.9876658
1341846340.197867 -0.8197292 0.5810710 0.4480850 0.0804283 0.1402093 -0.0092687 0.9868063
1341846340.265859 -0.8098521 0.5742726 0.4598630 0.0776852 0.1410137 -0.0106458 0.9868976
1341846340.334063 -0.8149272 0.5731753 0.4693708 0.0790158 0.1437161 -0.0061777 0.9864401
1341846340.433895 -0.7919630 0.5687111 0.4842924 0.0801721 0.1401563 -0.0067123 0.9868554
1341846340.501858 -0.7701755 0.5812417 0.5008442 0.0850895 0.1322101 -0.0078197 0.9875318
1341846340.566041 -0.7515682 0.5886772 0.5084807 0.0891766 0.1279234 -0.0096469 0.9877197
1341846340.634005 -0.7675947 0.5852730 0.4908018 0.0897446 0.1304148 -0.0114170 0.9873235
1341846340.733954 -0.7527299 0.5877413 0.4825920 0.0927201 0.1326154 -0.0161448 0.9866892
1341846340.801980 -0.7539865 0.5786817 0.4755066 0.0887332 0.1352626 -0.0241817 0.9865322
1341846340.901955 -0.7570164 0.5828519 0.4771888 0.0890419 0.1381656 -0.0278129 0.9860063
1341846340.970122 -0.7621586 0.5822622 0.4720995 0.0924543 0.1345138 -0.0207291 0.9863715
1341846341.001922 -0.7572184 0.5812421 0.4721305 0.0944055 0.1292124 -0.0167268 0.9869711
1341846341.102028 -0.7562553 0.5797796 0.4570431 0.0956102 0.1229416 -0.0140228 0.9876980
1341846341.202110 -0.7586433 0.5858307 0.4551944 0.0995687 0.1208315 -0.0125939 0.9875866
1341846341.306107 -0.7578982 0.5792172 0.4475813 0.1012390 0.1203544 -0.0127244 0.9874733
1341846341.406074 -0.7616591 0.5845133 0.4465591 0.1029911 0.1231265 -0.0171606 0.9868831
1341846341.470024 -0.7514640 0.5868413 0.4430647 0.1077078 0.1192997 -0.0198756 0.9867986
1341846341.538156 -0.7669390 0.5852140 0.4465089 0.1059696 0.1206780 -0.0205462 0.9868055
1341846341.612466 -0.7642682 0.5926108 0.4426141 0.1084250 0.1168958 -0.0198253 0.9870088
1341846341.679982 -0.7642999 0.5975592 0.4434766 0.1084520 0.1138177 -0.0207122 0.9873473
1341846341.744185 -0.7771524 0.5940649 0.4406883 0.1094169 0.1107653 -0.0157588 0.9876794
1341846341.842595 -0.7707977 0.5901491 0.4301590 0.1125533 0.1070562 -0.0094101 0.9878169
1341846341.942069 -0.7564019 0.5780897 0.4163789 0.1182422 0.1023530 -0.0032629 0.9876903
1341846342.042024 -0.7310267 0.5652418 0.4017432 0.1219068 0.0944687 0.0008298 0.9880353
