1341846313.592026 0.0000000 0.0000000 0.0000000 -0.0000000 -0.0000000 -0.0000000 1.0000000
1341846313.922055 0.0757539 0.0121274 -0.0054830 -0.0008451 -0.0052282 0.0065640 0.9999644
1341846313.957927 0.1072499 0.0123124 0.0131695 -0.0023832 -0.0037233 0.0055913 0.9999746
1341846314.022042 0.0915613 0.0197711 -0.0007386 -0.0056335 0.0072306 0.0084972 0.9999219
1341846314.290052 0.1540435 0.0186064 0.0083834 -0.0151690 0.0290243 0.0191523 0.9992801
1341846314.594085 0.2287473 0.0182358 0.0217087 -0.0139628 0.0549723 0.0050341 0.9983776
1341846315.329931 0.3679839 0.0161909 0.0344154 -0.0223043 0.0754096 0.0285368 0.9964947
1341846315.466047 0.4053650 0.0285973 0.0013600 -0.0095394 0.0775435 0.0403158 0.9961278
1341846315.698114 0.4257196 0.0438267 -0.0145215 -0.0162025 0.0895663 0.0415296 0.9949828
1341846315.966572 0.3829905 0.0147806 0.0102110 -0.0111760 0.1013174 0.0387052 0.9940382
1341846316.233979 0.3207360 0.0088918 0.0004568 -0.0038909 0.0930968 0.0283014 0.9952472
1341846316.502034 0.2589298 0.0051977 -0.0006371 0.0096115 0.0908770 0.0329910 0.9952691
1341846316.669925 0.2171434 -0.0123157 0.0127349 0.0121996 0.0867722 0.0275307 0.9957730
1341846317.248131 0.0765839 -0.0261852 0.0081238 0.0288314 0.0483569 0.0426799 0.9975013
1341846317.442569 0.0399462 -0.0279648 0.0277865 0.0363709 0.0431516 0.0558148 0.9968449
1341846318.214074 -0.1715378 -0.0322572 0.0410199 0.0507572 0.0272099 0.0420171 0.9974557
1341846318.313937 -0.2006585 -0.0332912 0.0506542 0.0599474 0.0111499 0.0419768 0.9972562
1341846318.514144 -0.2547924 -0.0408774 0.0333061 0.0683131 -0.0214860 0.0411313 0.9965841
1341846318.682350 -0.3040427 -0.0424746 0.0175931 0.0699101 -0.0229961 0.0352473 0.9966651
1341846318.918047 -0.3661475 -0.0589574 -0.0164459 0.0771799 -0.0570498 0.0316273 0.9948811
1341846318.982028 -0.4023401 -0.0544682 0.0027269 0.0812342 -0.0678573 0.0248224 0.9940726
1341846319.018123 -0.4192149 -0.0517081 0.0204446 0.0816434 -0.0725106 0.0245179 0.9937180
1341846319.050745 -0.4134948 -0.0589273 0.0134438 0.0826762 -0.0801377 0.0235702 0.9930695
1341846319.081905 -0.4110393 -0.0542511 0.0105047 0.0886196 -0.0811055 0.0217508 0.9925197
1341846319.350268 -0.4833375 -0.0392604 0.0096624 0.0851011 -0.0695557 0.0451875 0.9929139
1341846319.386163 -0.5020171 -0.0433811 0.0043336 0.0872251 -0.0735331 0.0528081 0.9920666
1341846319.418386 -0.4991659 -0.0415789 -0.0050793 0.0880273 -0.0796845 0.0538476 0.9914646
1341846319.486271 -0.5203697 -0.0374296 0.0049837 0.0880492 -0.0815597 0.0491913 0.9915521
1341846320.321954 -0.5360320 -0.0499079 0.0337996 0.1016929 -0.1252057 0.0522778 0.9855198
1341846320.390064 -0.4990310 -0.0490560 0.0358589 0.1079298 -0.1222306 0.0552231 0.9850692
1341846320.458122 -0.4737965 -0.0503759 0.0445468 0.1118079 -0.1069070 0.0485251 0.9867701
1341846320.490186 -0.4465911 -0.0648950 0.0268460 0.1142264 -0.1001722 0.0488031 0.9871860
1341846320.525911 -0.4454081 -0.0541408 0.0441958 0.1188891 -0.0922012 0.0470157 0.9874988
1341846320.594093 -0.4159082 -0.0610458 0.0130986 0.1204280 -0.0829434 0.0390616 0.9884795
1341846320.631955 -0.4021946 -0.0545081 0.0284330 0.1235891 -0.0751166 0.0386386 0.9887317
1341846320.699927 -0.3681259 -0.0519082 0.0372688 0.1238042 -0.0700819 0.0355039 0.9891919
1341846320.731822 -0.3601741 -0.0501168 0.0332408 0.1261136 -0.0629288 0.0346830 0.9894102
1341846320.763877 -0.3621020 -0.0282297 0.0124532 0.1240934 -0.0613902 0.0368228 0.9896849
1341846320.799999 -0.3471442 -0.0465159 0.0128442 0.1158621 -0.0628701 0.0295723 0.9908324
1341846322.702026 -0.0018519 -0.2646352 0.0637815 0.1071765 0.0152215 0.0122186 0.9940484
1341846322.870081 0.0032817 -0.3188638 0.0780403 0.1159570 0.0028221 0.0185436 0.9930771
1341846323.342027 0.0516742 -0.3936291 0.0881616 0.0886317 -0.0004490 0.0184654 0.9958932
1341846323.441956 0.0265952 -0.4232129 0.0873650 0.0899912 -0.0036352 0.0264963 0.9955834
1341846323.506129 0.0240322 -0.4264384 0.0843413 0.0971580 -0.0020312 0.0223515 0.9950159
1341846326.826821 -0.0318618 0.3052388 0.2278940 0.0835518 0.0390073 0.0674056 0.9934556
1341846326.994594 -0.0337852 0.3391266 0.2345125 0.0773830 0.0342464 0.0747551 0.9936049
1341846327.161940 -0.0332609 0.3926679 0.2474392 0.0701801 0.0393474 0.0663040 0.9945503
1341846327.262014 -0.0095943 0.4273344 0.2646967 0.0703762 0.0468986 0.0604687 0.9945809
1341846327.294023 -0.0118821 0.4352812 0.2693610 0.0734396 0.0608697 0.0555538 0.9938890
1341846327.330015 -0.0198547 0.4548203 0.2453750 0.0762267 0.0713862 0.0516024 0.9931922
1341846327.361939 -0.0187145 0.4688624 0.2633480 0.0733521 0.0763992 0.0457159 0.9933240
1341846327.429966 -0.0353633 0.5075054 0.2712139 0.0708319 0.0801033 0.0395335 0.9934804
1341846327.461965 -0.0410087 0.5229653 0.2785405 0.0623217 0.0761490 0.0369720 0.9944599
1341846327.561895 -0.0364884 0.5506890 0.2938462 0.0552978 0.0716701 0.0452369 0.9948664
1341846327.697919 -0.0459581 0.5915578 0.2948115 0.0591669 0.0599292 0.0457745 0.9953957
1341846327.830054 -0.0441738 0.6595174 0.3055194 0.0412306 0.0562643 0.0500179 0.9963095
1341846328.234044 -0.0572619 0.6605933 0.3006747 0.0077022 0.0534785 0.0449760 0.9975259
1341846328.366008 -0.0493364 0.6059349 0.2879558 0.0209265 0.0497076 0.0461104 0.9974794
1341846328.570125 -0.0340286 0.4501282 0.2538488 0.0360538 0.0546847 0.0302518 0.9973939
1341846329.238169 0.0106577 0.1701024 0.1988466 0.0793741 0.0055593 0.0252900 0.9965085
1341846331.382003 0.0156844 -0.0983939 0.0876694 0.0246493 -0.0463608 0.0305511 0.9981532
1341846332.390180 -0.0009018 -0.0463666 0.3817133 0.0631341 0.0157840 0.0209387 0.9976605
1341846332.994073 0.0277189 0.0026038 0.5479495 0.0408567 0.0157011 0.0291576 0.9986161
1341846333.394119 0.0635782 0.0219346 0.6115430 0.0181589 0.0229404 0.0304277 0.9991087
1341846334.030076 0.0536475 0.0131307 0.5720518 0.0317193 0.0305964 0.0263413 0.9986811
1341846335.406025 -0.0567059 -0.0076626 0.2150921 0.0420579 -0.0018396 0.0162441 0.9989814
1341846336.042129 -0.1010001 0.0246193 0.0221432 0.0419561 0.0044152 0.0123429 0.9990335
1341846336.546024 -0.1329329 0.0287889 -0.0987312 0.0463748 -0.0031818 0.0188985 0.9987403
1341846336.645982 -0.1384990 0.0423401 -0.1181617 0.0449597 -0.0015145 0.0187530 0.9988117
1341846336.678036 -0.1471326 0.0373765 -0.1246962 0.0429900 -0.0030362 0.0191995 0.9988864
1341846336.882056 -0.1649104 0.0366365 -0.1600424 0.0544633 -0.0167293 0.0244005 0.9980775
1341846336.945998 -0.1645089 0.0237796 -0.1713260 0.0621977 -0.0282601 0.0292598 0.9972345
1341846336.981980 -0.1716272 0.0450401 -0.1873861 0.0668933 -0.0315382 0.0267610 0.9969025
1341846337.046017 -0.1665796 0.0454332 -0.1833580 0.0613966 -0.0362003 0.0202055 0.9972521
1341846337.082104 -0.1710263 0.0482659 -0.1895803 0.0607804 -0.0363377 0.0174581 0.9973367
1341846337.150037 -0.1708838 0.0447307 -0.1970697 0.0568934 -0.0406785 0.0155628 0.9974298
1341846337.214073 -0.1734076 0.0571411 -0.2051316 0.0547909 -0.0386916 0.0100076 0.9976978
1341846337.450137 -0.1801750 0.0488692 -0.2302664 0.0493975 -0.0461678 0.0146115 0.9976046
1341846337.650141 -0.1757137 0.0468191 -0.2318402 0.0500592 -0.0491244 0.0126679 0.9974570
1341846337.718002 -0.1715630 0.0476588 -0.2232315 0.0464128 -0.0487226 0.0130081 0.9976487
1341846337.749920 -0.1688773 0.0511608 -0.2220031 0.0462635 -0.0467952 0.0123794 0.9977558
1341846337.786157 -0.1699194 0.0576184 -0.2193096 0.0432416 -0.0438983 0.0124431 0.9980222
1341846337.817945 -0.1641382 0.0534062 -0.2102644 0.0407972 -0.0421617 0.0141752 0.9981769
1341846337.854071 -0.1634164 0.0574332 -0.2089625 0.0396435 -0.0386753 0.0131993 0.9983779
1341846337.885951 -0.1681349 0.0641012 -0.2045561 0.0367872 -0.0359217 0.0115339 0.9986107
1341846337.918223 -0.1643508 0.0628393 -0.1983905 0.0322591 -0.0348020 0.0089277 0.9988336
1341846337.954120 -0.1641223 0.0618224 -0.1905166 0.0299028 -0.0333097 0.0086347 0.9989603
1341846337.985994 -0.1609646 0.0707706 -0.1860258 0.0274872 -0.0327045 0.0090975 0.9990456
1341846338.018107 -0.1600282 0.0649818 -0.1765315 0.0236556 -0.0308864 0.0098392 0.9991945
1341846338.054055 -0.1545971 0.0707681 -0.1737757 0.0214876 -0.0297439 0.0089603 0.9992864
1341846338.085986 -0.1500786 0.0678208 -0.1644498 0.0177097 -0.0267426 0.0089901 0.9994450
1341846338.121875 -0.1524373 0.0643669 -0.1540999 0.0157631 -0.0243095 0.0108185 0.9995217
1341846338.154089 -0.1546563 0.0649485 -0.1472242 0.0148214 -0.0235558 0.0142094 0.9995117
1341846338.186029 -0.1501148 0.0661630 -0.1391124 0.0137958 -0.0243100 0.0165107 0.9994729
1341846338.222071 -0.1437632 0.0697311 -0.1313339 0.0125754 -0.0233944 0.0157048 0.9995239
1341846338.254107 -0.1452735 0.0660535 -0.1190491 0.0106188 -0.0214206 0.0164018 0.9995796
1341846338.290130 -0.1428827 0.0633696 -0.1108306 0.0108797 -0.0215679 0.0182298 0.9995420
1341846338.354022 -0.1397490 0.0672370 -0.0916021 0.0106591 -0.0201697 0.0201390 0.9995369
1341846338.422377 -0.1380222 0.0717029 -0.0727801 0.0085418 -0.0188372 0.0207493 0.9995708
1341846338.790039 -0.1173730 0.0806921 0.0314799 0.0003890 -0.0213802 0.0241000 0.9994808
1341846338.925948 -0.1012390 0.0836751 0.0763243 -0.0022661 -0.0198717 0.0189567 0.9996203
1341846338.990057 -0.0966009 0.0790486 0.0987403 -0.0021933 -0.0182121 0.0199388 0.9996329
1341846339.157969 -0.0790189 0.0954847 0.1499071 -0.0029825 -0.0143611 0.0181228 0.9997282
1341846339.326577 -0.0754106 0.1150821 0.1964051 -0.0142870 -0.0141191 0.0259481 0.9994615
1341846339.664568 -0.0290859 0.1080619 0.2904001 -0.0156450 -0.0033136 0.0185389 0.9997002
1341846341.338109 0.0752579 0.0842412 0.3998226 0.0098132 -0.0089379 0.0203612 0.9997046
