1341846313.592026 0.0000000 0.0000000 0.0000000 -0.0000000 -0.0000000 -0.0000000 1.0000000
1341846313.922055 0.0741088 0.0122443 -0.0042379 -0.0009904 -0.0049156 0.0058535 0.9999703
1341846313.957927 0.1059009 0.0106965 0.0151089 -0.0031073 -0.0039709 0.0065835 0.9999656
1341846314.190094 0.1471390 0.0184503 0.0081166 -0.0123222 0.0227875 0.0173475 0.9995139
1341846314.725910 0.2422787 0.0125462 0.0283774 -0.0118167 0.0688474 0.0084564 0.9975214
1341846314.862145 0.2838089 0.0193280 0.0056703 -0.0025139 0.0764463 0.0169107 0.9969271
1341846315.129851 0.3344921 0.0240566 0.0153860 -0.0075789 0.0879001 0.0275867 0.9957184
1341846315.329931 0.3679686 0.0152890 0.0333018 -0.0228251 0.0750508 0.0300525 0.9964654
1341846315.497883 0.4007816 0.0341296 0.0206955 -0.0101120 0.0813980 0.0450554 0.9956114
1341846315.698114 0.4183649 0.0507527 0.0021234 -0.0154784 0.0910255 0.0439508 0.9947578
1341846315.966572 0.3854884 0.0160576 0.0187908 -0.0114708 0.1007487 0.0395088 0.9940609
1341846316.334208 0.3046263 0.0012016 0.0209129 -0.0040395 0.0946031 0.0262629 0.9951604
1341846316.502034 0.2590826 0.0116896 0.0105061 0.0102896 0.0907105 0.0338981 0.9952470
1341846316.669925 0.2253848 -0.0109530 0.0200866 0.0122839 0.0854418 0.0296483 0.9958262
1341846318.245970 -0.1838772 -0.0450503 0.0267142 0.0524879 0.0211699 0.0439685 0.9974285
1341846318.345989 -0.2094106 -0.0395096 0.0311073 0.0608712 0.0005473 0.0424501 0.9972424
1341846318.482196 -0.2440135 -0.0396118 0.0349473 0.0681305 -0.0206407 0.0408015 0.9966280
1341846318.883516 -0.3759609 -0.0586465 0.0176786 0.0741810 -0.0415313 0.0326204 0.9958455
1341846318.918047 -0.3759098 -0.0503854 0.0210064 0.0785976 -0.0559511 0.0334495 0.9947729
1341846318.982028 -0.3959218 -0.0502098 0.0118008 0.0818591 -0.0686341 0.0254662 0.9939517
1341846319.018123 -0.4121385 -0.0518603 0.0176383 0.0814564 -0.0734559 0.0256067 0.9936365
1341846319.050745 -0.4076207 -0.0595749 0.0222101 0.0823394 -0.0814212 0.0244351 0.9929722
1341846319.081905 -0.4084837 -0.0552790 0.0060315 0.0883116 -0.0815524 0.0224689 0.9924945
1341846319.117976 -0.4333446 -0.0509340 0.0010195 0.0909817 -0.0797368 0.0274839 0.9922747
1341846319.150093 -0.4392893 -0.0531918 0.0056753 0.0927011 -0.0846650 0.0349253 0.9914730
1341846319.218149 -0.4320831 -0.0192567 0.0112379 0.0932620 -0.0820995 0.0330870 0.9916991
1341846319.250034 -0.4471483 -0.0243253 0.0074595 0.0866677 -0.0750052 0.0321027 0.9928909
1341846319.318034 -0.4589052 -0.0372247 0.0109938 0.0843355 -0.0718081 0.0405438 0.9930193
1341846319.350268 -0.4765376 -0.0415272 0.0118825 0.0849448 -0.0706594 0.0463571 0.9927954
1341846319.386163 -0.4951715 -0.0448262 -0.0016881 0.0867026 -0.0742119 0.0537719 0.9920100
1341846319.418386 -0.4964936 -0.0422565 -0.0022249 0.0879440 -0.0803584 0.0546901 0.9913715
1341846319.453961 -0.4964310 -0.0397000 -0.0010521 0.0887407 -0.0826439 0.0510783 0.9913052
1341846319.486271 -0.5139728 -0.0394542 -0.0039506 0.0877690 -0.0822261 0.0497568 0.9914937
1341846320.289887 -0.5425174 -0.0680367 0.0086872 0.0898573 -0.1240470 0.0543233 0.9867051
1341846320.321954 -0.5277815 -0.0604949 0.0207707 0.1004105 -0.1259590 0.0541592 0.9854536
1341846320.426544 -0.4617280 -0.0488840 0.0537413 0.1109131 -0.1164628 0.0517686 0.9856241
1341846320.458122 -0.4679912 -0.0492476 0.0495638 0.1119232 -0.1078729 0.0493854 0.9866092
1341846320.490186 -0.4437713 -0.0612244 0.0450994 0.1145910 -0.1011201 0.0494231 0.9870162
1341846320.525911 -0.4411542 -0.0553854 0.0331686 0.1187470 -0.0922695 0.0469399 0.9875131
1341846320.731822 -0.3527398 -0.0511467 0.0295750 0.1259023 -0.0637318 0.0357783 0.9893466
1341846322.502433 -0.0076248 -0.1933658 0.0690323 0.0697969 0.0165311 0.0057915 0.9974074
1341846323.342027 0.0518847 -0.3926038 0.1018614 0.0887108 -0.0006641 0.0188458 0.9958789
1341846323.405987 0.0072956 -0.4091745 0.0897534 0.0892474 0.0013703 0.0248407 0.9956988
1341846323.506129 0.0285546 -0.4286653 0.0909906 0.0969699 -0.0027265 0.0234093 0.9950082
1341846323.609927 0.0435367 -0.4455154 0.0936033 0.0951105 0.0072965 0.0124243 0.9953625
1341846326.526163 -0.0194710 0.1836362 0.2022330 0.1235297 0.0135237 0.0770881 0.9892497
1341846326.726206 -0.0297128 0.2569104 0.2222833 0.1033822 0.0302680 0.0740340 0.9914207
1341846326.826821 -0.0307931 0.3072579 0.2267965 0.0824986 0.0390357 0.0667638 0.9935858
1341846326.926897 -0.0429764 0.3063170 0.2414829 0.0729392 0.0367426 0.0700885 0.9941919
1341846327.063945 -0.0292501 0.3587527 0.2451582 0.0718967 0.0377250 0.0710540 0.9941625
1341846327.262014 -0.0131278 0.4250751 0.2707952 0.0696201 0.0472189 0.0609472 0.9945898
1341846327.294023 -0.0197216 0.4289486 0.2657835 0.0725047 0.0612923 0.0568548 0.9938581
1341846327.330015 -0.0153913 0.4494028 0.2362804 0.0747761 0.0697414 0.0526920 0.9933621
1341846327.429966 -0.0372834 0.5129066 0.2654302 0.0706247 0.0795527 0.0391791 0.9935535
1341846327.497931 -0.0292031 0.5223743 0.2817526 0.0569222 0.0728833 0.0375969 0.9950047
1341846327.598010 -0.0447817 0.5499202 0.3002940 0.0557955 0.0692789 0.0500202 0.9947791
1341846327.730075 -0.0463371 0.6225139 0.3044751 0.0574463 0.0582202 0.0482378 0.9954815
1341846327.966065 -0.0446601 0.6984648 0.3127404 0.0252945 0.0571566 0.0478719 0.9968960
1341846328.302051 -0.0500871 0.6257151 0.3005872 0.0111148 0.0503655 0.0457626 0.9976199
1341846328.402010 -0.0516246 0.5514137 0.2927542 0.0303123 0.0525343 0.0465187 0.9970744
1341846328.534033 -0.0305169 0.4726114 0.2744562 0.0351540 0.0523824 0.0310913 0.9975238
1341846328.702975 -0.0217891 0.3604002 0.2604409 0.0532906 0.0305227 0.0325843 0.9975805
1341846329.038243 0.0101804 0.2041171 0.2248634 0.0721341 0.0083729 0.0321427 0.9968417
1341846331.382003 0.0069889 -0.0990682 0.0834574 0.0240522 -0.0459351 0.0295318 0.9982181
1341846332.354003 0.0017286 -0.0624170 0.3710034 0.0601713 0.0103307 0.0244189 0.9978359
1341846332.589874 -0.0008961 -0.0296575 0.4415667 0.0615821 0.0092980 0.0325119 0.9975291
1341846332.825925 0.0164438 -0.0232445 0.5089930 0.0476684 0.0102021 0.0363074 0.9981510
1341846333.161973 0.0563924 0.0101883 0.5807212 0.0362361 0.0227578 0.0357666 0.9984437
1341846333.494040 0.0752563 0.0203511 0.6227079 0.0173966 0.0208294 0.0286361 0.9992214
1341846334.401845 0.0233539 0.0107572 0.4996407 0.0376476 0.0286543 0.0259632 0.9985427
1341846336.678036 -0.1415285 0.0346235 -0.1191998 0.0424714 -0.0037601 0.0199084 0.9988922
1341846336.714024 -0.1421172 0.0282418 -0.1224593 0.0437177 -0.0061011 0.0197463 0.9988301
1341846336.746016 -0.1470182 0.0221391 -0.1363336 0.0471040 -0.0079741 0.0218381 0.9986194
1341846336.778014 -0.1524063 0.0314440 -0.1458342 0.0504706 -0.0117875 0.0250717 0.9983413
1341846336.882056 -0.1590092 0.0335817 -0.1591847 0.0540630 -0.0177095 0.0258317 0.9980462
1341846336.945998 -0.1604572 0.0232509 -0.1616385 0.0626415 -0.0291672 0.0298455 0.9971633
1341846336.981980 -0.1666290 0.0461743 -0.1766426 0.0668542 -0.0325462 0.0275585 0.9968510
1341846337.046017 -0.1627436 0.0455150 -0.1793407 0.0612748 -0.0368145 0.0209674 0.9972214
1341846337.082104 -0.1671866 0.0471847 -0.1877626 0.0605816 -0.0369787 0.0180492 0.9973148
1341846337.150037 -0.1673307 0.0456843 -0.1910828 0.0571106 -0.0412143 0.0159849 0.9973887
1341846337.250087 -0.1770016 0.0415265 -0.2071131 0.0510136 -0.0405537 0.0123718 0.9977975
1341846337.450137 -0.1762850 0.0495235 -0.2236988 0.0493801 -0.0468276 0.0150514 0.9975682
1341846337.617903 -0.1686909 0.0282731 -0.2243764 0.0462118 -0.0497625 0.0143737 0.9975879
1341846337.650141 -0.1701235 0.0458963 -0.2260618 0.0498774 -0.0499591 0.0134356 0.9974146
1341846337.718002 -0.1675787 0.0459407 -0.2195969 0.0462069 -0.0493199 0.0135644 0.9976214
1341846337.786157 -0.1651564 0.0584056 -0.2148222 0.0432375 -0.0445778 0.0131165 0.9979836
1341846337.817945 -0.1615271 0.0529751 -0.2063339 0.0406508 -0.0426486 0.0144499 0.9981582
1341846337.854071 -0.1604555 0.0567659 -0.2084846 0.0395624 -0.0391948 0.0136527 0.9983547
1341846337.885951 -0.1643483 0.0619741 -0.2041257 0.0365415 -0.0365245 0.0121351 0.9985908
1341846337.918223 -0.1599206 0.0632165 -0.1955623 0.0322704 -0.0355477 0.0097041 0.9987997
1341846337.954120 -0.1614647 0.0578110 -0.1906839 0.0294180 -0.0338481 0.0092051 0.9989516
1341846337.985994 -0.1583562 0.0703262 -0.1822515 0.0274108 -0.0332124 0.0095669 0.9990266
1341846338.018107 -0.1556448 0.0646173 -0.1731316 0.0235830 -0.0315879 0.0104630 0.9991680
1341846338.054055 -0.1496077 0.0693193 -0.1703821 0.0212832 -0.0305897 0.0098110 0.9992573
1341846338.121875 -0.1499228 0.0618298 -0.1496122 0.0153490 -0.0247591 0.0112835 0.9995119
1341846338.154089 -0.1498274 0.0649806 -0.1417323 0.0146682 -0.0243116 0.0149753 0.9994847
1341846338.186029 -0.1463773 0.0637412 -0.1341855 0.0133518 -0.0248786 0.0171019 0.9994550
1341846338.222071 -0.1387677 0.0678439 -0.1267327 0.0122137 -0.0241747 0.0167020 0.9994936
1341846338.254107 -0.1417926 0.0633060 -0.1162085 0.0102897 -0.0220729 0.0170994 0.9995572
1341846338.290130 -0.1379687 0.0632368 -0.1057334 0.0107643 -0.0223294 0.0187610 0.9995167
1341846338.321952 -0.1371555 0.0687003 -0.0981284 0.0111018 -0.0214396 0.0207734 0.9994926
1341846338.389969 -0.1326284 0.0718343 -0.0797085 0.0101088 -0.0201872 0.0217115 0.9995093
1341846338.657984 -0.1216043 0.0792319 -0.0043791 0.0050892 -0.0200003 0.0226375 0.9995307
1341846338.790039 -0.1110128 0.0792521 0.0370383 0.0000205 -0.0224086 0.0249691 0.9994370
1341846338.925948 -0.0981100 0.0805658 0.0764265 -0.0028332 -0.0205642 0.0197102 0.9995902
1341846339.228165 -0.0803098 0.1042794 0.1692011 -0.0083731 -0.0156665 0.0223902 0.9995915
1341846339.496743 -0.0340810 0.1043121 0.2470086 -0.0214816 -0.0147733 0.0221089 0.9994156
1341846339.830245 -0.0099285 0.0991520 0.3344703 -0.0165643 -0.0020875 0.0185836 0.9996879
1341846341.942069 0.0712210 0.0656699 0.3741649 0.0227460 -0.0228545 0.0342053 0.9988945
