1341845820.751833 0.0000000 0.0000000 0.0000000 -0.0000000 -0.0000000 -0.0000000 1.0000000
1341845822.989939 -0.1071974 -0.0349456 0.0093522 0.0229446 0.0128741 0.0045877 0.9996433
1341845824.097956 -0.2392392 -0.0600685 0.0001782 0.0318372 0.0103474 0.0058510 0.9994224
1341845824.130299 -0.1937080 -0.0493408 -0.0240672 0.0277561 0.0202450 0.0073868 0.9993824
1341845826.515677 -0.5877914 -0.0911281 0.0004947 0.0190921 -0.0388598 0.0509946 0.9977600
1341845826.819713 -0.5843996 -0.0633701 0.0019697 -0.0005955 -0.0429472 0.0483875 0.9979047
1341845826.945792 -0.5883703 -0.0518413 0.0041726 -0.0173848 -0.0335825 0.0456898 0.9982397
1341845827.349700 -0.5783457 -0.0582931 0.0283753 -0.0452051 -0.0223830 0.0597932 0.9969354
1341845830.129668 -0.1785936 -0.0408002 0.0271932 0.0131674 0.0028903 0.0576981 0.9982431
1341845830.969705 -0.0142162 -0.0046012 0.0118546 0.0228200 0.0064970 0.0506124 0.9984365
1341845831.505745 0.0859738 -0.0012216 0.0037034 0.0229338 -0.0012674 0.0389341 0.9989778
1341845832.005729 0.1892138 0.0156180 0.0031939 -0.0044719 0.0247382 0.0406571 0.9988569
1341845832.745710 0.3034627 0.0568328 -0.0126131 -0.0226028 0.0265726 0.0453118 0.9983636
1341845833.113636 0.3670982 0.0694071 -0.0214789 -0.0310234 0.0375290 0.0498323 0.9975700
1341845833.488616 0.4428362 0.0744710 -0.0389542 -0.0313659 0.0482291 0.0537666 0.9968948
1341845834.253824 0.4348422 0.0947504 -0.0338884 -0.0454773 0.0463012 0.0430484 0.9969628
1341845836.135769 -0.0420774 0.0091718 -0.0324287 0.0005480 -0.0210684 0.0402134 0.9989688
1341845836.739779 -0.1246063 -0.0299795 -0.0289508 0.0125017 -0.0199606 0.0491854 0.9985120
1341845837.007714 -0.1117661 -0.0426901 -0.0377992 0.0370119 -0.0164906 0.0591942 0.9974238
1341845837.407709 -0.1121040 -0.1675825 -0.0404127 0.0499152 -0.0012872 0.0438632 0.9977890
1341845837.711803 -0.1006417 -0.2564903 -0.0402731 0.0385256 0.0215501 0.0249089 0.9987146
1341845838.373872 -0.0963563 -0.3567760 -0.0214756 0.0227505 0.0439361 0.0053979 0.9987607
1341845838.677850 -0.0906588 -0.3924528 -0.0277259 0.0246353 0.0483796 -0.0017773 0.9985236
1341845839.214000 -0.0501327 -0.4440103 -0.0241532 0.0007019 0.0612552 -0.0122403 0.9980468
1341845839.314004 -0.0332910 -0.4449311 -0.0327167 0.0037852 0.0666759 -0.0108447 0.9977086
1341845839.481741 -0.0275689 -0.4451808 -0.0388620 0.0090214 0.0719037 -0.0058588 0.9973536
1341845839.749808 -0.0158900 -0.4487883 -0.0339388 0.0085684 0.0773462 -0.0063915 0.9969470
1341845840.621850 -0.0878710 -0.3225164 -0.0028272 -0.0517826 0.0548754 -0.0024331 0.9971466
1341845843.307930 -0.1491150 0.0529108 0.0414904 -0.0091143 0.0137714 0.0322271 0.9993442
1341845843.905817 -0.1378136 0.1596065 0.0713555 -0.0112686 0.0357173 0.0478176 0.9981537
1341845844.273743 -0.1294526 0.2058108 0.0800572 0.0052972 0.0480736 0.0463495 0.9977538
1341845844.641742 -0.1468330 0.2879048 0.0836160 -0.0104124 0.0461812 0.0569515 0.9972540
1341845844.811162 -0.1614332 0.3161617 0.0788843 -0.0122117 0.0275702 0.0594007 0.9977787
1341845845.245741 -0.1512846 0.3879790 0.0835292 -0.0212330 0.0032147 0.0324019 0.9992442
1341845845.714232 -0.1460592 0.4933925 0.0818433 -0.0318100 -0.0096817 0.0239005 0.9991612
1341845846.453757 -0.1510367 0.6142127 0.0839934 -0.0624546 -0.0009999 0.0327008 0.9975114
1341845847.390176 -0.1313135 0.4412706 0.0648233 -0.0320954 0.0043938 0.0200250 0.9992746
1341845848.232265 -0.1335022 0.2280775 0.0076791 -0.0344591 -0.0121255 0.0242341 0.9990386
1341845848.703677 -0.1254727 0.1460194 -0.0136172 -0.0398516 -0.0205288 0.0265683 0.9986414
1341845848.903622 -0.1166624 0.1160701 -0.0060253 -0.0378230 -0.0089634 0.0266763 0.9988881
1341845849.942380 -0.1294375 0.1402924 0.2406057 -0.0249760 0.0307026 0.0179084 0.9990560
1341845850.709784 -0.1253835 0.1393013 0.4098585 -0.0237921 0.0302813 0.0098198 0.9992100
1341845851.881832 -0.1103504 0.1619745 0.5827252 -0.0297090 0.0129614 0.0223937 0.9992236
1341845857.477853 -0.2576104 0.1823113 -0.2279960 -0.0380603 0.0028063 0.0196936 0.9990774
1341845859.625646 -0.1802927 0.1517134 -0.3656252 -0.0729666 0.0281965 -0.0139851 0.9968376
1341845860.193724 -0.1909641 0.1415751 -0.3679303 -0.0469298 0.0181229 -0.0175858 0.9985790
1341845860.294553 -0.1966963 0.1334175 -0.3724038 -0.0402748 0.0078540 -0.0254168 0.9988344
1341845860.429768 -0.1896868 0.1434246 -0.3780608 -0.0307247 -0.0069527 -0.0288347 0.9990877
1341845860.638227 -0.1852582 0.1459974 -0.3819885 -0.0353816 -0.0180198 -0.0300634 0.9987590
1341845860.803824 -0.1859760 0.1515509 -0.3880501 -0.0377183 -0.0297197 -0.0247961 0.9985386
1341845860.965899 -0.1925086 0.1470107 -0.3833625 -0.0414489 -0.0362602 -0.0282400 0.9980830
1341845861.440894 -0.1832596 0.1421105 -0.3750089 -0.0379531 -0.0329056 -0.0274632 0.9983600
1341845861.739782 -0.1730452 0.1388802 -0.3707053 -0.0304555 -0.0325567 -0.0340760 0.9984244
1341845862.175702 -0.1645076 0.1378750 -0.3568090 -0.0284342 -0.0264945 -0.0389522 0.9984850
1341845862.511723 -0.1415155 0.1400084 -0.3497070 -0.0282404 -0.0110682 -0.0236325 0.9992605
1341845862.679727 -0.1444197 0.1353494 -0.3483132 -0.0288472 -0.0025418 -0.0223246 0.9993313
1341845862.847856 -0.1464497 0.1376316 -0.3543483 -0.0247294 0.0017322 -0.0249000 0.9993826
1341845863.015854 -0.1469973 0.1406165 -0.3583302 -0.0221582 0.0023093 -0.0249161 0.9994413
1341845863.151916 -0.1527285 0.1336447 -0.3571650 -0.0229438 0.0011094 -0.0265425 0.9993837
