1341846647.802247 0.0000000 0.0000000 0.0000000 -0.0000000 -0.0000000 -0.0000000 1.0000000
1341846648.034343 0.0108202 0.0160735 -0.0063330 -0.0003518 0.0004116 0.0023058 0.9999972
1341846648.070164 0.0131702 0.0095063 -0.0101342 -0.0024925 -0.0030544 0.0030416 0.9999876
1341846648.338170 0.0382522 0.0032872 -0.0272247 -0.0183113 -0.0374778 -0.0066874 0.9991073
1341846648.638395 0.0720591 -0.0051994 -0.0201706 -0.0365865 -0.1020547 -0.0094293 0.9940611
1341846648.906165 0.1485032 -0.0148838 0.0026916 -0.0393873 -0.1567510 -0.0021898 0.9868500
1341846648.942154 0.1801591 -0.0463555 0.0016204 -0.0457378 -0.1787722 0.0067335 0.9828038
1341846648.974090 0.1640849 -0.0032750 0.0001695 -0.0399296 -0.1855443 0.0003190 0.9818242
1341846649.042101 0.1713007 -0.0104582 0.0256771 -0.0443251 -0.2001621 -0.0017661 0.9787580
1341846649.074128 0.1833460 -0.0028920 0.0052801 -0.0440835 -0.2075728 -0.0097739 0.9771769
1341846649.348041 0.2194086 -0.0239102 0.0606880 -0.0698167 -0.2282951 -0.0245960 0.9707739
1341846649.778019 0.2938379 -0.0390091 0.0885100 -0.0694761 -0.2614124 -0.0298919 0.9622594
1341846649.846059 0.3070149 -0.0265483 0.0617690 -0.0680845 -0.2776889 -0.0316743 0.9577318
1341846650.046184 0.3593103 -0.0330901 0.1263600 -0.0703311 -0.3048994 -0.0160889 0.9496478
1341846650.146137 0.3787828 -0.0453090 0.1502893 -0.0672926 -0.3083350 -0.0111015 0.9488298
1341846650.282167 0.4063896 -0.0451573 0.1809486 -0.0592794 -0.3092295 -0.0165680 0.9489934
1341846650.484849 0.4184079 -0.0464159 0.1628684 -0.0568405 -0.2918787 -0.0251080 0.9544347
1341846650.514091 0.4101732 -0.0538200 0.1778726 -0.0580498 -0.2864718 -0.0278183 0.9559238
1341846650.582069 0.3983669 -0.0548584 0.1727060 -0.0487885 -0.2720805 -0.0254909 0.9606987
1341846650.682114 0.3641436 -0.0501086 0.1567104 -0.0449654 -0.2490729 -0.0346025 0.9668213
1341846650.782116 0.3297235 -0.0663411 0.1543976 -0.0442584 -0.2242850 -0.0386062 0.9727523
1341846650.850139 0.3040154 -0.0494155 0.1310651 -0.0372835 -0.2141393 -0.0390086 0.9753116
1341846650.886238 0.3033261 -0.0352257 0.1518366 -0.0371647 -0.2036939 -0.0389139 0.9775547
1341846650.986247 0.2638386 -0.0469466 0.1389304 -0.0394414 -0.1735856 -0.0327316 0.9834842
1341846651.118423 0.2062083 -0.0568279 0.0870525 -0.0417552 -0.1324113 -0.0228073 0.9900523
1341846651.254031 0.1601727 -0.0576911 0.0677131 -0.0416333 -0.1067898 -0.0149005 0.9932978
1341846651.354135 0.1139315 -0.0616120 0.0523015 -0.0438737 -0.0881529 -0.0230942 0.9948723
1341846652.626356 -0.3206691 -0.0650370 -0.0577922 0.0340189 0.1077559 0.0037551 0.9935881
1341846652.662152 -0.3272158 -0.0599707 -0.0860509 0.0357618 0.1266747 -0.0018977 0.9912977
1341846652.694113 -0.3329397 -0.0735868 -0.1074772 0.0322715 0.1535635 -0.0020712 0.9876095
1341846652.726378 -0.3398883 -0.0734726 -0.0952420 0.0347083 0.1843724 -0.0045383 0.9822330
1341846652.762129 -0.3411838 -0.0671075 -0.0669535 0.0347663 0.2125916 -0.0064943 0.9765009
1341846652.794152 -0.2999048 -0.0787061 -0.1147570 0.0310844 0.2334423 -0.0063035 0.9718533
1341846652.830250 -0.3225509 -0.0745666 -0.0860469 0.0309683 0.2689181 -0.0060464 0.9626461
1341846652.862014 -0.3477814 -0.0678578 -0.0681349 0.0300574 0.2911772 -0.0064851 0.9561749
1341846652.894426 -0.3470805 -0.0684319 -0.0722177 0.0296185 0.3081110 -0.0003472 0.9508892
1341846652.930346 -0.3359126 -0.0771662 -0.0417478 0.0303473 0.3285885 0.0009896 0.9439850
1341846653.030292 -0.3373336 -0.0772435 -0.0424680 0.0240212 0.3746151 0.0046042 0.9268578
1341846653.062672 -0.3549866 -0.0822161 -0.0356040 0.0266661 0.3909351 0.0075115 0.9200012
1341846653.099024 -0.3469711 -0.0713501 -0.0543162 0.0261210 0.4045181 0.0065520 0.9141334
1341846653.130475 -0.3479353 -0.0679353 -0.0290309 0.0229441 0.4237672 0.0061293 0.9054598
1341846653.162620 -0.3670266 -0.0737788 -0.0303297 0.0219033 0.4403708 0.0075666 0.8975170
1341846653.298380 -0.3733396 -0.0672533 0.0001973 0.0235949 0.4924866 0.0187213 0.8697987
1341846653.366319 -0.3883289 -0.0667373 0.0308236 0.0222070 0.5168988 0.0246364 0.8554038
1341846653.398226 -0.3793021 -0.0695240 0.0313750 0.0220861 0.5250074 0.0282918 0.8503405
1341846653.430060 -0.4001113 -0.0611871 0.0359969 0.0258328 0.5345418 0.0305401 0.8441949
1341846653.498194 -0.4007092 -0.0607242 0.0350920 0.0270666 0.5445032 0.0275336 0.8378697
1341846653.530205 -0.3989676 -0.0603531 0.0350972 0.0271532 0.5463424 0.0252798 0.8367399
1341846653.698738 -0.4106612 -0.0541568 0.0210794 0.0270387 0.5409967 0.0263153 0.8401780
1341846653.766275 -0.4242286 -0.0513989 0.0208351 0.0232228 0.5329344 0.0283483 0.8453627
1341846653.802358 -0.4246843 -0.0500038 0.0225184 0.0230570 0.5273386 0.0303642 0.8487995
1341846653.966155 -0.4342143 -0.0490095 0.0088137 0.0158299 0.4873024 0.0312874 0.8725291
1341846654.070172 -0.4300281 -0.0525787 0.0105925 0.0098509 0.4602601 0.0320295 0.8871515
1341846654.202087 -0.4194597 -0.0553457 0.0159789 0.0230882 0.4103342 0.0302764 0.9111401
1341846654.234434 -0.4087430 -0.0586824 0.0202354 0.0243522 0.4014831 0.0264550 0.9151604
1341846654.270041 -0.4132970 -0.0605110 0.0194535 0.0238983 0.3897627 0.0236991 0.9203001
1341846654.302117 -0.4059199 -0.0644159 0.0266220 0.0234231 0.3726805 0.0215386 0.9274140
1341846654.338026 -0.3984789 -0.0624192 0.0234255 0.0222007 0.3642059 0.0196743 0.9308460
1341846654.369979 -0.3971177 -0.0634702 0.0402359 0.0224104 0.3540707 0.0210368 0.9347134
1341846654.402172 -0.4315403 -0.0630792 0.0475740 0.0236945 0.3357662 0.0206460 0.9414210
1341846654.438133 -0.3849012 -0.0536846 0.0332276 0.0229383 0.3164192 0.0181611 0.9481682
1341846654.470186 -0.3878449 -0.0591148 0.0384766 0.0197915 0.3072890 0.0181630 0.9512370
1341846654.502267 -0.4238954 -0.0644091 0.0554225 0.0198420 0.2909699 0.0184182 0.9563491
1341846654.539064 -0.3588786 -0.0553944 0.0371835 0.0201571 0.2664311 0.0131523 0.9635534
1341846654.570053 -0.3568223 -0.0577432 0.0355972 0.0168165 0.2626126 0.0107005 0.9646955
1341846654.606030 -0.3831685 -0.0695111 0.0362588 0.0154385 0.2488762 0.0097302 0.9683634
1341846654.706022 -0.3304497 -0.0664630 0.0023375 0.0256012 0.2025644 0.0117192 0.9788641
1341846654.774056 -0.2942658 -0.0528701 -0.0185575 0.0333837 0.1706188 0.0158067 0.9846445
1341846655.042239 -0.2587025 -0.0548386 -0.0620332 0.0301479 0.0496229 0.0176762 0.9981564
1341846655.142070 -0.2544702 -0.0347079 -0.0333101 0.0348934 -0.0062456 0.0112152 0.9993086
1341846655.810222 -0.0978053 -0.0356416 -0.1133214 0.0371903 -0.2003686 0.0297850 0.9785613
1341846656.246093 -0.0273574 -0.0237810 -0.0951243 0.0158672 -0.2907921 0.0292465 0.9562075
1341846656.414253 -0.0362658 -0.0204755 -0.0839650 0.0105473 -0.3163600 0.0256690 0.9482332
1341846656.582247 0.0023673 -0.0095530 -0.1217702 -0.0010410 -0.3438466 0.0234727 0.9387318
1341846656.649995 -0.0015620 -0.0158506 -0.1290766 -0.0032145 -0.3468612 0.0237689 0.9376097
1341846656.749974 -0.0029992 -0.0057088 -0.1321774 -0.0066620 -0.3565380 0.0239070 0.9339511
1341846656.782653 -0.0016758 -0.0159353 -0.1399789 -0.0077783 -0.3583587 0.0232827 0.9332612
1341846656.856226 0.0006382 -0.0006716 -0.1338181 -0.0097154 -0.3626546 0.0227293 0.9315958
1341846656.956112 0.0001889 0.0026078 -0.1241651 -0.0126764 -0.3534453 0.0219545 0.9351116
1341846657.056121 0.0113943 0.0000394 -0.0902148 -0.0162142 -0.3414644 0.0267965 0.9393727
1341846657.092006 0.0088279 -0.0036833 -0.0719618 -0.0133616 -0.3310343 0.0304821 0.9430316
1341846657.155973 0.0125696 -0.0074080 -0.0697423 -0.0018004 -0.3098182 0.0333699 0.9502084
1341846657.192094 0.0045760 -0.0011144 -0.0919588 0.0015148 -0.2903126 0.0328938 0.9563652
1341846657.224195 0.0108935 -0.0083819 -0.0785537 0.0023076 -0.2813225 0.0307733 0.9591170
1341846657.292164 0.0070018 -0.0061811 -0.0873469 0.0055098 -0.2592821 0.0247733 0.9654681
1341846657.354367 0.0257083 -0.0110156 -0.0934075 0.0038700 -0.2430069 0.0228284 0.9697482
1341846657.386193 0.0238141 -0.0144884 -0.0883776 0.0031668 -0.2319407 0.0210530 0.9724969
1341846657.418105 0.0267501 -0.0158924 -0.0904841 0.0060099 -0.2206409 0.0219441 0.9750897
1341846657.454277 0.0391331 -0.0139996 -0.0919633 0.0070907 -0.2116730 0.0203213 0.9771035
1341846657.486117 0.0304410 -0.0134568 -0.0977516 0.0084887 -0.1964909 0.0196843 0.9802713
1341846657.522092 0.0382623 -0.0165622 -0.0615217 0.0113554 -0.1844533 0.0182552 0.9826061
1341846657.554062 0.0384859 -0.0190565 -0.0775746 0.0140545 -0.1767021 0.0185162 0.9839899
1341846657.586078 0.0619547 -0.0178931 -0.0850083 0.0134775 -0.1679548 0.0145303 0.9855955
1341846657.654161 0.0338158 -0.0200058 -0.0610350 0.0156091 -0.1427637 0.0118898 0.9895623
1341846657.686517 0.0523650 -0.0206405 -0.0762874 0.0155422 -0.1340597 0.0097124 0.9908038
1341846657.790066 0.0710581 -0.0091863 -0.0187240 0.0146351 -0.0989427 0.0041597 0.9949768
1341846658.594206 -0.0378682 0.0695770 -0.0076218 -0.0269434 0.0357623 -0.0087629 0.9989586
1341846658.894170 0.0321622 0.0120103 -0.0062643 -0.1151100 0.0032567 0.0008040 0.9933471
1341846662.010311 -0.0392346 -0.1077131 -0.0289718 0.0963490 -0.0034848 -0.0051946 0.9953279
1341846662.046195 -0.0427684 -0.1107544 -0.0316803 0.1043921 -0.0055943 -0.0055775 0.9945049
1341846662.078099 -0.0397297 -0.1053986 -0.0338040 0.1113056 -0.0062538 -0.0060223 0.9937483
1341846662.110672 -0.0391119 -0.1099040 -0.0287479 0.1182251 -0.0041214 -0.0070618 0.9929532
1341846662.146166 -0.0427770 -0.1079965 -0.0359696 0.1261315 -0.0054035 -0.0054275 0.9919840
1341846662.178168 -0.0369839 -0.1093902 -0.0361742 0.1334264 -0.0063411 -0.0043085 0.9910291
1341846662.214136 -0.0355367 -0.1140897 -0.0371493 0.1466748 -0.0041938 -0.0032293 0.9891706
1341846662.246167 -0.0393178 -0.1098832 -0.0340008 0.1569324 -0.0056532 0.0005382 0.9875931
1341846662.314144 -0.0434985 -0.1062980 -0.0334116 0.1678418 -0.0023618 -0.0028017 0.9858071
1341846662.482229 -0.0365147 -0.1047839 -0.0319199 0.2018193 -0.0053568 0.0019543 0.9794062
1341846662.714075 -0.0443541 -0.1091420 -0.0307136 0.2349398 -0.0014154 0.0060550 0.9719900
1341846663.722109 -0.0454068 -0.0693488 -0.0215544 0.1306486 -0.0201468 0.0053290 0.9912097
1341846663.786304 -0.0392859 -0.0222984 -0.0267628 0.1174223 -0.0173142 0.0019151 0.9929293
1341846663.921987 -0.0414486 -0.0216702 -0.0302609 0.0578926 -0.0119203 -0.0016820 0.9982502
1341846665.430162 -0.0235789 0.0103916 -0.0724087 -0.1994231 0.0220135 -0.0100587 0.9796146
1341846665.798338 -0.0497161 -0.0108067 -0.0824431 -0.2441792 0.0329725 -0.0083321 0.9691336
1341846666.134147 -0.0494621 -0.0208829 -0.1000661 -0.2875333 0.0429276 -0.0027194 0.9568043
1341846666.302195 -0.0412675 -0.0034199 -0.1192951 -0.3071270 0.0412385 -0.0010852 0.9507740
1341846666.470060 -0.0617780 0.0105229 -0.1167928 -0.3361857 0.0414255 0.0077614 0.9408522
1341846666.502190 -0.0484446 0.0025160 -0.1201658 -0.3431009 0.0398829 0.0111669 0.9383850
1341846666.534121 -0.0491988 0.0047390 -0.1251312 -0.3534521 0.0430194 0.0103977 0.9344051
1341846666.602180 -0.0599193 0.0224732 -0.1342494 -0.3638277 0.0437437 0.0140987 0.9303318
1341846666.670134 -0.0708124 0.0029146 -0.1244073 -0.3780812 0.0455357 0.0148177 0.9245331
1341846666.870483 -0.0677507 0.0190268 -0.1397421 -0.3872616 0.0364098 0.0244437 0.9209263
1341846667.006200 -0.0697495 0.0213535 -0.1493810 -0.3991739 0.0331953 0.0216242 0.9160189
1341846667.074153 0.0022912 0.1182809 -0.1873285 -0.3900048 0.0140065 0.0198567 0.9204922
1341846667.138108 -0.0737553 0.0094578 -0.1509372 -0.4165280 0.0260678 0.0157480 0.9086126
1341846667.238075 -0.0704190 0.0038217 -0.1530580 -0.4094098 0.0264126 0.0083971 0.9119295
1341846667.306189 -0.0697707 -0.1050386 -0.1079227 -0.4137780 0.0278800 -0.0017453 0.9099492
1341846667.342253 -0.1024568 -0.1197604 -0.1095621 -0.4024039 0.0309591 -0.0008562 0.9149382
1341846667.406982 -0.0228822 -0.0818091 -0.1046338 -0.3814267 0.0167529 -0.0088208 0.9242052
1341846667.442109 -0.0676578 -0.0934241 -0.1238083 -0.3703715 0.0246495 -0.0085522 0.9285172
1341846667.474109 -0.0839335 -0.0572931 -0.1456604 -0.3491488 0.0253176 -0.0114176 0.9366556
1341846667.542298 -0.1441819 -0.2045055 -0.0954896 -0.3495649 0.0344510 -0.0148593 0.9361607
1341846667.674072 -0.1313959 0.0226414 -0.1920509 -0.2675237 0.0315277 -0.0184319 0.9628590
1341846667.742255 -0.1240054 0.0319215 -0.1867706 -0.2615617 0.0341040 -0.0198242 0.9643804
1341846667.810099 -0.1409918 0.0227815 -0.1863233 -0.2507556 0.0388939 -0.0204926 0.9670517
1341846667.978287 -0.1419308 0.0022520 -0.1640849 -0.2225059 0.0457828 -0.0211469 0.9736261
1341846668.178208 -0.1678078 0.0037351 -0.1453046 -0.1686336 0.0594167 -0.0208216 0.9836661
1341846668.314248 -0.1502933 -0.0062453 -0.1324805 -0.1223974 0.0549682 -0.0194586 0.9907668
1341846668.478153 -0.1953630 -0.0696111 -0.1247660 -0.0841970 0.0597259 -0.0080911 0.9946247
1341846668.714133 -0.1831405 -0.0368917 -0.1225164 -0.0040507 0.0509954 -0.0214680 0.9984599
1341846669.554159 -0.1568176 0.0434211 -0.1421574 -0.0743193 0.0085158 -0.1645247 0.9835322
1341846669.986285 -0.1431985 0.0597536 -0.1598297 -0.1317819 0.0344598 -0.2717697 0.9526737
1341846670.290254 -0.1344478 0.0675141 -0.1650302 -0.1585663 0.0690806 -0.3517922 0.9199603
1341846670.526271 -0.1609204 0.0484594 -0.1793205 -0.1408822 0.1252110 -0.4088295 0.8929350
1341846670.664027 -0.1620797 0.0464236 -0.1759174 -0.1289052 0.1395777 -0.4285253 0.8833276
1341846670.764128 -0.1729290 0.0389826 -0.1835548 -0.1128129 0.1570728 -0.4460382 0.8738715
1341846670.832246 -0.1697627 0.0312482 -0.1722593 -0.0993591 0.1670173 -0.4528532 0.8701477
1341846670.896139 -0.1643299 0.0205607 -0.1876424 -0.0892553 0.1728089 -0.4502457 0.8714640
1341846670.932028 -0.1600968 0.0243222 -0.1782668 -0.0758293 0.1791213 -0.4439592 0.8746803
1341846670.964063 -0.1529549 0.0293657 -0.1611909 -0.0650342 0.1781097 -0.4408695 0.8773150
1341846671.000270 -0.1744708 0.0106752 -0.1935631 -0.0608894 0.1803001 -0.4434081 0.8758845
1341846671.032112 -0.1723927 0.0140754 -0.1962152 -0.0513135 0.1872179 -0.4466124 0.8734150
1341846671.064030 -0.1618920 0.0092289 -0.1856346 -0.0429372 0.1884320 -0.4493356 0.8722083
1341846671.101398 -0.1642025 0.0135049 -0.1931411 -0.0351532 0.1893407 -0.4552917 0.8692663
1341846671.132289 -0.1617813 0.0088146 -0.1867436 -0.0240978 0.1911156 -0.4634638 0.8649251
1341846671.168159 -0.1526987 0.0046630 -0.1898608 -0.0119022 0.1879179 -0.4659705 0.8645327
1341846671.200149 -0.1478905 0.0060837 -0.2031989 -0.0002366 0.1820975 -0.4674534 0.8650594
1341846671.232280 -0.1549070 0.0026880 -0.2260536 0.0097740 0.1815764 -0.4745481 0.8612425
1341846671.268147 -0.1438452 0.0017642 -0.2192553 0.0212775 0.1827258 -0.4747779 0.8606651
1341846671.300337 -0.1501074 0.0027933 -0.1995863 0.0290064 0.1798658 -0.4759772 0.8603794
1341846671.336125 -0.1575246 -0.0017877 -0.2119892 0.0338011 0.1778435 -0.4806468 0.8580256
1341846671.368236 -0.1535313 -0.0088299 -0.2111399 0.0400668 0.1776318 -0.4847527 0.8554861
1341846671.400327 -0.1538443 -0.0045481 -0.2026521 0.0460859 0.1736022 -0.4869169 0.8547809
1341846671.436064 -0.1605265 -0.0124889 -0.2109776 0.0499776 0.1705693 -0.4928978 0.8517395
1341846671.468197 -0.1542376 -0.0092422 -0.2091182 0.0555582 0.1695034 -0.4970484 0.8491907
1341846671.504294 -0.1582172 -0.0034297 -0.1982715 0.0590628 0.1640512 -0.5026093 0.8467483
1341846671.536197 -0.1389553 -0.0028756 -0.2104810 0.0655549 0.1538227 -0.5110002 0.8431607
1341846671.568120 -0.1503597 -0.0108844 -0.2096854 0.0710464 0.1514798 -0.5185423 0.8385226
1341846671.604188 -0.1483655 -0.0131517 -0.2015677 0.0757673 0.1460950 -0.5252764 0.8348654
1341846671.636057 -0.1495996 -0.0132402 -0.2089151 0.0839909 0.1352293 -0.5311525 0.8321872
1341846671.672157 -0.1517709 -0.0136897 -0.2155255 0.0935456 0.1275519 -0.5351200 0.8298351
1341846671.736479 -0.1549768 -0.0172778 -0.2272271 0.0940107 0.1203266 -0.5452273 0.8242638
1341846671.804605 -0.1645569 -0.0164136 -0.2158425 0.0970548 0.1120962 -0.5537978 0.8193429
1341846671.840252 -0.1785193 -0.0182700 -0.2121594 0.0959876 0.1092507 -0.5595997 0.8159037
1341846671.972239 -0.1793711 -0.0176815 -0.2158067 0.0959845 0.1031177 -0.5773069 0.8042826
1341846672.034218 -0.1762276 -0.0162616 -0.2213770 0.0944783 0.0982308 -0.5880039 0.7972929
1341846672.066227 -0.1794720 -0.0139853 -0.2114842 0.0940919 0.0988184 -0.5936505 0.7930704
1341846672.098024 -0.1799904 -0.0143608 -0.2146463 0.0933382 0.0959052 -0.5970256 0.7909808
1341846672.434330 -0.1778938 -0.0151902 -0.2137700 0.0946493 0.0868035 -0.6214943 0.7728205
1341846673.306107 -0.1772440 -0.0123632 -0.1819998 0.0978667 0.0126526 -0.4288523 0.8979686
1341846673.406266 -0.1758833 -0.0152343 -0.1761589 0.1065580 0.0033092 -0.3959059 0.9120817
1341846673.438267 -0.1777142 -0.0155211 -0.1744034 0.1099077 -0.0008389 -0.3841650 0.9166989
1341846673.506260 -0.1757508 -0.0185272 -0.1746486 0.1170137 -0.0080965 -0.3555781 0.9272575
1341846673.648026 -0.1725176 -0.0075056 -0.1743653 0.1144063 -0.0293709 -0.3079926 0.9440281
1341846673.710162 -0.1755769 -0.0052155 -0.1700579 0.1047831 -0.0398498 -0.2847686 0.9520186
1341846673.810154 -0.1730991 0.0022291 -0.1701644 0.0961109 -0.0598023 -0.2401907 0.9641031
1341846673.874285 -0.1746563 0.0132039 -0.1682225 0.0897679 -0.0706856 -0.2154806 0.9698007
1341846674.210322 -0.1637496 0.0244985 -0.1753373 0.0684738 -0.0778390 -0.1262653 0.9865645
1341846674.278035 -0.1761230 0.0097351 -0.1632653 0.0627919 -0.0790929 -0.1095484 0.9888381
1341846674.346212 -0.1724432 0.0190714 -0.1648474 0.0605189 -0.0803678 -0.0930389 0.9905666
1341846674.410162 -0.1750977 0.0247767 -0.1704542 0.0617448 -0.0796399 -0.0743677 0.9921263
1341846674.682209 -0.1725089 0.0176596 -0.1602229 0.0576185 -0.0790631 -0.0291390 0.9947764
1341846674.714186 -0.1722256 0.0242805 -0.1642236 0.0591812 -0.0787630 -0.0201850 0.9949304
1341846674.814222 -0.1697827 0.0265611 -0.1664295 0.0580502 -0.0781656 0.0038612 0.9952414
1341846674.882158 -0.1675637 0.0303873 -0.1800168 0.0578122 -0.0778140 0.0201860 0.9950856
1341846674.950305 -0.1715023 0.0362106 -0.1735129 0.0532455 -0.0774648 0.0305403 0.9951037
1341846675.014137 -0.1709763 0.0494587 -0.1740836 0.0410556 -0.0818074 0.0380557 0.9950747
1341846675.050230 -0.1657364 0.0503410 -0.1742512 0.0318639 -0.0836783 0.0412938 0.9951269
1341846675.088201 -0.1727939 0.0628088 -0.1608055 0.0273941 -0.0826687 0.0417360 0.9953259
1341846675.150188 -0.1563769 0.0692927 -0.1966262 0.0012237 -0.0815803 0.0450422 0.9956477
1341846675.182290 -0.1584600 0.0550277 -0.1876902 -0.0146645 -0.0788367 0.0466173 0.9956890
1341846675.218759 -0.1648900 0.0581310 -0.1837271 -0.0219228 -0.0773384 0.0508278 0.9954671
1341846675.251951 -0.1671099 0.0622964 -0.1739781 -0.0278875 -0.0772776 0.0500897 0.9953600
1341846675.318078 -0.1842691 0.0652995 -0.1810676 -0.0345575 -0.0695556 0.0547625 0.9954742
1341846675.382271 -0.1547793 0.0685010 -0.1786367 -0.0541874 -0.0688747 0.0578899 0.9944691
1341846675.450238 -0.2456566 0.0651049 -0.1644179 -0.0588356 -0.0449254 0.0659943 0.9950703
1341846675.486165 -0.2458214 0.0482811 -0.1495104 -0.0517045 -0.0429711 0.0761032 0.9948309
1341846675.518083 -0.2273257 0.0461266 -0.1513638 -0.0426458 -0.0446334 0.0860583 0.9943758
1341846675.550092 -0.2142905 0.0503391 -0.1485300 -0.0355742 -0.0473325 0.0919835 0.9939986
1341846675.586070 -0.1900724 0.0572289 -0.1493927 -0.0311546 -0.0500103 0.0964053 0.9935967
1341846675.618075 -0.1823346 0.0557027 -0.1416400 -0.0260494 -0.0482826 0.0987005 0.9936038
1341846675.650024 -0.1814464 0.0583820 -0.1362643 -0.0195816 -0.0485434 0.1012071 0.9934874
1341846675.686118 -0.1708927 0.0614715 -0.1310433 -0.0153692 -0.0514069 0.1011411 0.9934242
1341846675.718055 -0.1562933 0.0595088 -0.1287268 -0.0109298 -0.0501862 0.0989890 0.9937621
1341846675.754170 -0.1435449 0.0649969 -0.1258212 -0.0030655 -0.0507752 0.0974206 0.9939425
1341846675.818106 -0.1078424 0.0618675 -0.1257984 0.0035381 -0.0506795 0.0941232 0.9942635
1341846675.854095 -0.0923873 0.0708896 -0.1173327 0.0092899 -0.0509693 0.0925055 0.9943634
1341846675.886163 -0.0674617 0.0607526 -0.1216680 0.0142134 -0.0562890 0.0949225 0.9937903
1341846675.922346 -0.0619891 0.0654021 -0.1208475 0.0248513 -0.0562076 0.0949504 0.9935832
1341846675.961651 -0.1131245 0.0340430 -0.1277812 0.0292323 -0.0468053 0.0925212 0.9941804
1341846676.028080 -0.1288682 0.0427304 -0.1322645 0.0549757 -0.0463214 0.0913170 0.9932237
1341846676.122163 -0.1313071 0.0568917 -0.1706096 0.0621785 -0.0487599 0.0835512 0.9933658
1341846676.154447 -0.1274568 0.0511491 -0.1679555 0.0593590 -0.0486414 0.0827740 0.9936091
1341846676.190230 -0.1234397 0.0551414 -0.1757320 0.0601543 -0.0509185 0.0832014 0.9934115
1341846676.222476 -0.1086058 0.0757259 -0.2152125 0.0569399 -0.0512161 0.0810928 0.9937599
1341846676.257017 -0.1092183 0.0701658 -0.2079078 0.0487672 -0.0482882 0.0789726 0.9945117
1341846676.322689 -0.0624548 0.0805420 -0.2157746 0.0446489 -0.0497236 0.0810794 0.9944648
1341846676.424250 -0.0406349 0.0704475 -0.2160429 0.0252052 -0.0394677 0.0773155 0.9959063
1341846677.530161 0.1089069 0.0915265 -0.2556725 0.0290798 0.0028403 0.0713047 0.9970266
