1341846647.802247 0.0000000 0.0000000 0.0000000 -0.0000000 -0.0000000 -0.0000000 1.0000000
1341846647.866652 0.0059285 -0.0024205 -0.0049099 0.0020918 0.0019657 0.0027668 0.9999921
1341846647.901972 0.0075726 -0.0046215 -0.0047695 0.0011635 0.0041525 0.0026100 0.9999873
1341846647.970225 0.0106534 -0.0080473 -0.0065418 -0.0009256 0.0026342 0.0038166 0.9999889
1341846648.034343 0.0153788 -0.0093780 -0.0082226 -0.0047364 -0.0002155 0.0040984 0.9999804
1341846648.170568 0.0146996 -0.0116763 -0.0192291 -0.0092157 -0.0091103 0.0043314 0.9999067
1341846648.270152 0.0097636 -0.0265317 -0.0261268 -0.0148728 -0.0230587 0.0005599 0.9996234
1341846648.370216 0.0055848 -0.0283311 -0.0432337 -0.0254153 -0.0386170 -0.0077586 0.9989007
1341846648.570179 0.0268449 -0.0294923 -0.0348723 -0.0386298 -0.0792047 -0.0076657 0.9960801
1341846648.906165 0.0700948 -0.0283310 -0.0192774 -0.0411738 -0.1418525 -0.0038852 0.9890236
1341846648.942154 0.0945612 -0.0314858 -0.0133656 -0.0420429 -0.1639160 0.0015050 0.9855768
1341846649.006157 0.1238248 -0.0216404 0.0078528 -0.0459631 -0.1829821 -0.0031691 0.9820361
1341846649.074128 0.1525288 -0.0165581 0.0039091 -0.0466494 -0.2029738 -0.0071105 0.9780465
1341846649.174442 0.1654190 -0.0193532 0.0241374 -0.0549297 -0.2137058 -0.0229631 0.9750822
1341846649.280075 0.1963755 -0.0150287 0.0190167 -0.0620646 -0.2195633 -0.0224027 0.9733644
1341846649.416053 0.2324966 -0.0032906 0.0353668 -0.0658107 -0.2319223 -0.0196351 0.9703069
1341846649.678101 0.2505523 -0.0373588 0.0717740 -0.0743770 -0.2382617 -0.0223317 0.9680913
1341846649.778019 0.2679182 -0.0427850 0.0780064 -0.0706692 -0.2568255 -0.0242257 0.9635661
1341846649.846059 0.2818141 -0.0370438 0.0567672 -0.0700329 -0.2735432 -0.0271445 0.9589227
1341846650.014156 0.3083390 -0.0467988 0.0984400 -0.0733598 -0.2938704 -0.0141261 0.9529213
1341846650.146137 0.3329822 -0.0514867 0.1231709 -0.0677076 -0.3003561 -0.0092988 0.9513756
1341846650.282167 0.3539181 -0.0588993 0.1532911 -0.0606278 -0.3005828 -0.0160079 0.9516922
1341846650.450353 0.3729285 -0.0783846 0.1406823 -0.0601227 -0.2874945 -0.0194627 0.9556953
1341846650.550746 0.3646192 -0.0796294 0.1548815 -0.0569232 -0.2723218 -0.0226221 0.9602546
1341846650.750112 0.3204663 -0.0803337 0.1132126 -0.0473275 -0.2291097 -0.0375151 0.9715254
1341846650.886238 0.2766362 -0.0757864 0.0925325 -0.0420689 -0.1962396 -0.0392462 0.9788667
1341846651.050482 0.2155556 -0.0791217 0.0671459 -0.0422041 -0.1474165 -0.0237219 0.9878889
1341846651.186391 0.1682666 -0.0770239 0.0563919 -0.0417220 -0.1146415 -0.0163438 0.9923959
1341846651.318309 0.1241125 -0.0812956 0.0597627 -0.0481700 -0.0938003 -0.0204950 0.9942138
1341846651.422237 0.0837720 -0.0958345 0.0636377 -0.0497943 -0.0765842 -0.0198776 0.9956205
1341846651.560316 0.0339152 -0.1138538 0.0916936 -0.0529569 -0.0508013 -0.0246255 0.9969997
1341846651.690127 -0.0423523 -0.1311803 0.1023684 -0.0390352 -0.0276498 -0.0233447 0.9985824
1341846651.822233 -0.1538531 -0.1402717 0.0891960 -0.0372540 0.0043008 -0.0266964 0.9989399
1341846651.922186 -0.2442294 -0.1508705 0.0892054 -0.0220832 0.0291954 -0.0196648 0.9991363
1341846652.022081 -0.3377738 -0.1602727 0.1080225 -0.0088678 0.0536807 -0.0096105 0.9984726
1341846652.126257 -0.4551652 -0.1627029 0.1241668 -0.0148804 0.0774601 -0.0148179 0.9967743
1341846652.225981 -0.5737899 -0.1669941 0.1692193 -0.0169005 0.1068449 -0.0167607 0.9939908
1341846652.290189 -0.6740742 -0.1736815 0.1944749 -0.0113612 0.1274091 -0.0078690 0.9917540
1341846652.358184 -0.7282650 -0.1462301 0.1946916 0.0031886 0.1398991 -0.0069096 0.9901365
1341846652.458277 -0.7858487 -0.1690574 0.2053484 0.0049709 0.1536210 -0.0063191 0.9880972
1341846652.562089 -0.8333700 -0.1771895 0.1906825 0.0064626 0.1714568 -0.0088308 0.9851309
1341846652.594254 -0.8572251 -0.1883501 0.1936561 0.0069715 0.1859013 -0.0103068 0.9824896
1341846652.626356 -0.8847777 -0.1725798 0.2143615 0.0111930 0.2012467 -0.0116311 0.9794076
1341846652.662152 -0.8619696 -0.1236838 0.2331457 0.0186615 0.2172361 -0.0186835 0.9757618
1341846652.694113 -0.8860859 -0.1270358 0.2976440 0.0127378 0.2535928 -0.0298228 0.9667673
1341846652.726378 -0.9151400 -0.1238948 0.3188027 0.0136915 0.2878524 -0.0327421 0.9570169
1341846652.762129 -0.9391272 -0.1127077 0.3162088 0.0157637 0.3154872 -0.0348053 0.9481604
1341846652.794152 -0.9664458 -0.1197936 0.3277969 0.0162383 0.3479664 -0.0312406 0.9368456
1341846652.830250 -1.0243518 -0.1250980 0.3927382 0.0132421 0.3902384 -0.0322143 0.9200548
1341846652.862014 -1.0786597 -0.1280351 0.4421508 0.0124758 0.4186594 -0.0281960 0.9076198
1341846652.894426 -1.0902629 -0.1327598 0.4718351 0.0117688 0.4393308 -0.0252855 0.8978923
1341846652.930346 -1.1140306 -0.1450093 0.4990934 0.0134974 0.4617585 -0.0201880 0.8866732
1341846652.962213 -1.1461550 -0.1353021 0.5191305 0.0135019 0.4814748 -0.0207208 0.8761109
1341846653.030292 -1.1565845 -0.1463352 0.5647802 0.0082754 0.5151128 -0.0161845 0.8569296
1341846653.062672 -1.1823635 -0.1534412 0.5941254 0.0120011 0.5328565 -0.0114191 0.8460435
1341846653.099024 -1.1798058 -0.1334758 0.5979818 0.0133823 0.5470311 -0.0139816 0.8368886
1341846653.130475 -1.1881683 -0.1447419 0.6230247 0.0093612 0.5662457 -0.0112045 0.8241072
1341846653.162620 -1.2085032 -0.1457469 0.6430073 0.0091568 0.5834374 -0.0097984 0.8120474
1341846653.198437 -1.2347941 -0.1428941 0.6904037 0.0113007 0.6006084 -0.0058817 0.7994418
1341846653.230042 -1.2370627 -0.1442284 0.7033677 0.0130241 0.6127858 -0.0030906 0.7901357
1341846653.330162 -1.2680156 -0.1148901 0.7726536 0.0184614 0.6539600 0.0031498 0.7562972
1341846653.366319 -1.2872124 -0.1086237 0.8053042 0.0189137 0.6671069 0.0066255 0.7446924
1341846653.398226 -1.2847192 -0.1018852 0.8230276 0.0203140 0.6769657 0.0089311 0.7356800
1341846653.430060 -1.3078790 -0.1200321 0.8571943 0.0215174 0.6881609 0.0143906 0.7250962
1341846653.466341 -1.3148937 -0.1098229 0.8690327 0.0242207 0.6941848 0.0114271 0.7192984
1341846653.498194 -1.3340565 -0.1070035 0.8979425 0.0245863 0.7017435 0.0112583 0.7119163
1341846653.530205 -1.3436875 -0.1057446 0.9254048 0.0242574 0.7068983 0.0096649 0.7068330
1341846653.566601 -1.3440846 -0.1014642 0.9270579 0.0248011 0.7081152 0.0065234 0.7056311
1341846653.598213 -1.3581294 -0.1047902 0.9422747 0.0246520 0.7106575 0.0081048 0.7030594
1341846653.634793 -1.3632013 -0.1112132 0.9508721 0.0232746 0.7103352 0.0099786 0.7034079
1341846653.666143 -1.3659863 -0.1194986 0.9473385 0.0226546 0.7090700 0.0110618 0.7046873
1341846653.734313 -1.3727970 -0.1075040 0.9699084 0.0211072 0.7041457 0.0129236 0.7096241
1341846653.766275 -1.3752773 -0.1169500 0.9680525 0.0199006 0.7011428 0.0166388 0.7125489
1341846653.834226 -1.3913758 -0.1278884 0.9780791 0.0176711 0.6899911 0.0217839 0.7232741
1341846653.866214 -1.3912976 -0.1193736 0.9753430 0.0178124 0.6841660 0.0206964 0.7288150
1341846653.934160 -1.3966184 -0.1188257 0.9689199 0.0141944 0.6696826 0.0229152 0.7421581
1341846653.966155 -1.4060249 -0.1228196 0.9793978 0.0116348 0.6649060 0.0224444 0.7464991
1341846654.002169 -1.4127057 -0.1108851 0.9767531 0.0089092 0.6573735 0.0217368 0.7531986
1341846654.034140 -1.4072688 -0.1194066 0.9734661 0.0040042 0.6494041 0.0234161 0.7600724
1341846654.070172 -1.4010201 -0.1314067 0.9793310 0.0044846 0.6409510 0.0246720 0.7671720
1341846654.102438 -1.3965517 -0.1356028 0.9878960 0.0086554 0.6322975 0.0249553 0.7742753
1341846654.134349 -1.3879633 -0.1263064 0.9759277 0.0137463 0.6209741 0.0228987 0.7833760
1341846654.170244 -1.4084474 -0.1392454 0.9783334 0.0143064 0.6110865 0.0232089 0.7910941
1341846654.202087 -1.3818927 -0.1317918 0.9651552 0.0165599 0.5940530 0.0181116 0.8040515
1341846654.234434 -1.3948436 -0.1312951 0.9628813 0.0173323 0.5864016 0.0152294 0.8096918
1341846654.270041 -1.4058580 -0.1239225 0.9871080 0.0180739 0.5791038 0.0122250 0.8149619
1341846654.302117 -1.3872454 -0.1175041 0.9810302 0.0174714 0.5631010 0.0079454 0.8261652
1341846654.338026 -1.3574903 -0.1074552 0.9642822 0.0168141 0.5511715 0.0053417 0.8342054
1341846654.369979 -1.3734744 -0.1175761 0.9929877 0.0174629 0.5459274 0.0094629 0.8375970
1341846654.402172 -1.4224075 -0.1263227 1.0580883 0.0181480 0.5395021 0.0104619 0.8417236
1341846654.438133 -1.3601246 -0.0939303 0.9603041 0.0190474 0.5078589 0.0053087 0.8612134
1341846654.470186 -1.3614209 -0.1044424 0.9658992 0.0152426 0.5001570 0.0068689 0.8657733
1341846654.502267 -1.4116895 -0.1143134 1.0317380 0.0147883 0.4948983 0.0086560 0.8687820
1341846654.539064 -1.3200970 -0.0901987 0.9463230 0.0150040 0.4607141 0.0001858 0.8874218
1341846654.570053 -1.3068597 -0.0889284 0.9653041 0.0114854 0.4573271 -0.0025695 0.8892207
1341846654.606030 -1.3589059 -0.1020285 1.0157620 0.0092569 0.4535016 -0.0025367 0.8912038
1341846654.637980 -1.2785783 -0.1063689 0.9269295 0.0116077 0.4178918 -0.0043654 0.9084122
1341846654.670155 -1.2738758 -0.1016046 0.9112956 0.0146446 0.4099007 -0.0065906 0.9119888
1341846654.706022 -1.2774518 -0.1082356 0.9104438 0.0157890 0.3983980 -0.0067341 0.9170520
1341846654.738497 -1.2656128 -0.1110758 0.8872930 0.0206573 0.3761160 -0.0044554 0.9263316
1341846654.774056 -1.2576054 -0.0906295 0.8895100 0.0238343 0.3683452 -0.0070221 0.9293570
1341846654.806040 -1.2524605 -0.0924367 0.8879229 0.0216490 0.3580350 -0.0059467 0.9334382
1341846654.838060 -1.2487092 -0.0918657 0.8918352 0.0220129 0.3425309 -0.0058291 0.9392306
1341846654.874136 -1.2433285 -0.0847137 0.8909425 0.0205290 0.3302719 -0.0083799 0.9436253
1341846654.906209 -1.2260309 -0.0804435 0.8755935 0.0169879 0.3170437 -0.0073545 0.9482303
1341846654.938214 -1.2200325 -0.0980338 0.8798385 0.0171525 0.3014194 -0.0056783 0.9533205
1341846655.006124 -1.2136407 -0.0838062 0.8435030 0.0227791 0.2691110 -0.0042335 0.9628304
1341846655.042239 -1.2060336 -0.0819588 0.8394514 0.0219201 0.2506942 -0.0026427 0.9678145
1341846655.142070 -1.1939151 -0.0686146 0.8451595 0.0250674 0.1971115 -0.0055281 0.9800450
1341846655.174000 -1.1620845 -0.0639605 0.8161028 0.0227599 0.1682481 -0.0072619 0.9854552
1341846655.242079 -1.1358016 -0.0762132 0.8002102 0.0199334 0.1400271 -0.0087256 0.9899086
1341846655.310175 -1.1281286 -0.0868953 0.8014030 0.0281141 0.1336697 -0.0081547 0.9905936
1341846655.410207 -1.0763793 -0.0732284 0.7855188 0.0436296 0.1170951 0.0008101 0.9921616
1341846655.474205 -1.0401912 -0.0685915 0.7593715 0.0503634 0.0908558 0.0047012 0.9945787
1341846655.578132 -0.9654155 -0.0485596 0.7308959 0.0427232 0.0525994 0.0069510 0.9976771
1341846655.678110 -0.8854549 -0.0332180 0.7210121 0.0396298 0.0094052 0.0100945 0.9991192
1341846655.748050 -0.8082099 -0.0210554 0.6759175 0.0389161 -0.0268706 0.0143473 0.9987781
1341846655.846257 -0.6967137 -0.0115928 0.6558412 0.0355586 -0.0743010 0.0234059 0.9963268
1341846655.910355 -0.6128962 -0.0151975 0.6501657 0.0283158 -0.1077048 0.0245397 0.9934766
1341846656.014188 -0.4790822 -0.0212722 0.6172522 0.0186945 -0.1487761 0.0226977 0.9884337
1341846656.114220 -0.3647132 -0.0017081 0.6094048 0.0174688 -0.1792346 0.0304291 0.9831805
1341846656.214132 -0.2991132 0.0072224 0.6415436 0.0168166 -0.2088642 0.0315855 0.9772898
1341846656.346094 -0.2055239 0.0224088 0.6412874 0.0150399 -0.2375226 0.0306401 0.9707822
1341846656.414253 -0.1771253 0.0336097 0.6497068 0.0150250 -0.2573469 0.0356778 0.9655433
1341846656.482260 -0.1673379 0.0382389 0.6366197 0.0087146 -0.2718513 0.0342345 0.9616907
1341846656.582247 -0.1663309 0.0325798 0.6198764 0.0015612 -0.2834188 0.0302268 0.9585184
1341846656.649995 -0.1710874 0.0339673 0.6058674 0.0005123 -0.2859717 0.0284216 0.9578164
1341846656.714216 -0.1888658 0.0300896 0.6033298 -0.0021741 -0.2915527 0.0270004 0.9561712
1341846656.824388 -0.1948101 0.0359598 0.5952343 -0.0039720 -0.2971337 0.0288792 0.9543908
1341846656.956112 -0.1636244 0.0295176 0.5986345 -0.0123018 -0.2936399 0.0232076 0.9555552
1341846657.024108 -0.1966987 0.0166394 0.5920342 -0.0159602 -0.2779801 0.0249963 0.9601290
1341846657.092006 -0.2040730 0.0048869 0.5958235 -0.0140239 -0.2598280 0.0257750 0.9652090
1341846657.155973 -0.1908705 -0.0244928 0.6227853 -0.0068414 -0.2407542 0.0268212 0.9701914
1341846657.224195 -0.1894802 0.0107660 0.6241179 0.0026895 -0.2134578 0.0263588 0.9765930
1341846657.292164 -0.1832888 0.0083190 0.6161990 0.0041822 -0.1927002 0.0217166 0.9810084
1341846657.354367 -0.1216210 0.0163243 0.6156746 0.0040143 -0.1834231 0.0206775 0.9828084
1341846657.386193 -0.0901373 0.0243474 0.6453783 0.0058615 -0.1776972 0.0186484 0.9838911
1341846657.454277 -0.0310997 0.0311329 0.6559118 0.0109965 -0.1652038 0.0180782 0.9860324
1341846657.522092 0.0149066 0.0319397 0.6855623 0.0140986 -0.1455278 0.0198565 0.9890544
1341846657.554062 0.0539934 0.0338610 0.6706502 0.0173770 -0.1434109 0.0158448 0.9893838
1341846657.586078 0.0785330 0.0325707 0.6810365 0.0158324 -0.1327289 0.0138486 0.9909292
1341846657.622205 0.1229054 0.0297361 0.6913283 0.0159413 -0.1292474 0.0127725 0.9914020
1341846657.686517 0.1644608 0.0180862 0.7018180 0.0164694 -0.1143558 0.0080089 0.9932711
1341846657.722061 0.2036272 0.0197593 0.7239558 0.0182553 -0.1094952 0.0118393 0.9937491
1341846657.754104 0.2331064 0.0291918 0.7217056 0.0199526 -0.1058849 0.0136478 0.9940845
1341846657.790066 0.2764749 0.0085614 0.7119534 0.0117873 -0.0982027 0.0085353 0.9950600
1341846657.853972 0.2568929 0.0209704 0.7585503 0.0185276 -0.0685882 0.0102302 0.9974205
1341846657.922046 0.2185970 0.0217758 0.7731441 0.0187539 -0.0334127 0.0071461 0.9992402
1341846658.090215 0.2152775 0.0267128 0.7946106 0.0189589 0.0106273 0.0119555 0.9996923
1341846658.326239 0.1576463 0.0221711 0.8085378 0.0158496 0.0526529 0.0005211 0.9984870
1341846658.494176 0.1397882 0.0428517 0.8031647 0.0063984 0.0505175 -0.0004914 0.9987026
1341846658.558129 0.1390457 0.0518995 0.8083482 -0.0133963 0.0464016 0.0014227 0.9988320
1341846658.862197 0.1086018 0.0351302 0.7956943 -0.1155034 0.0237329 0.0028443 0.9930195
1341846660.270168 0.0808649 -0.0182014 0.7706661 -0.0894293 0.0061316 0.0014415 0.9959733
1341846660.938063 0.1002462 -0.0559259 0.7677335 -0.0014144 0.0095964 0.0121183 0.9998795
1341846661.138209 0.1108249 -0.0352469 0.7614268 0.0382455 0.0125891 0.0126690 0.9991088
1341846661.410178 0.1029772 -0.0655913 0.7661136 0.0398219 0.0123149 0.0115937 0.9990637
1341846661.610041 0.1116322 -0.0426514 0.7704983 0.0389263 0.0053673 0.0092402 0.9991850
1341846661.710142 0.0431739 -0.0540819 0.7372320 0.0393209 0.0117906 0.0032409 0.9991518
1341846661.778063 -0.0541018 -0.0780584 0.7354908 0.0535955 0.0278555 -0.0004828 0.9981740
1341846661.810103 -0.1085836 -0.0927356 0.7428703 0.0579313 0.0372005 -0.0033755 0.9976215
1341846661.878157 -0.2238580 -0.1196865 0.7654744 0.0651724 0.0588580 -0.0106673 0.9960796
1341846661.910222 -0.2721294 -0.1157138 0.7743255 0.0675041 0.0690542 -0.0119141 0.9952551
1341846661.946090 -0.3182307 -0.1113053 0.7869294 0.0714141 0.0768419 -0.0130040 0.9943975
1341846662.010311 -0.4183068 -0.1108378 0.8177201 0.0852304 0.0951528 -0.0195371 0.9916149
1341846662.046195 -0.4636842 -0.1111743 0.8216426 0.0947189 0.0995290 -0.0178116 0.9903561
1341846662.078099 -0.5128740 -0.1119472 0.8302599 0.1004960 0.1067990 -0.0203440 0.9889796
1341846662.110672 -0.5572761 -0.1119916 0.8452325 0.1071834 0.1155924 -0.0190808 0.9873126
1341846662.146166 -0.6057078 -0.1067798 0.8591146 0.1168520 0.1217256 -0.0162517 0.9855275
1341846662.178168 -0.6369328 -0.1085798 0.8706033 0.1243173 0.1259777 -0.0154926 0.9840909
1341846662.214136 -0.6758111 -0.1114166 0.8820693 0.1360303 0.1340362 -0.0153512 0.9814757
1341846662.246167 -0.7148612 -0.1064088 0.8969598 0.1490538 0.1387377 -0.0107006 0.9789895
1341846662.278007 -0.7471743 -0.1103237 0.9077832 0.1541534 0.1435817 -0.0114843 0.9774913
1341846662.314144 -0.7878428 -0.1147650 0.9206700 0.1592768 0.1524109 -0.0119444 0.9753252
1341846662.346164 -0.8248906 -0.1192288 0.9343981 0.1643664 0.1566345 -0.0093270 0.9738390
1341846662.378069 -0.8564476 -0.1323349 0.9463693 0.1685684 0.1611175 -0.0091699 0.9723897
1341846662.414229 -0.8950042 -0.1409076 0.9630401 0.1751399 0.1691866 -0.0071486 0.9698715
1341846662.446102 -0.9261615 -0.1495636 0.9716035 0.1810887 0.1727474 -0.0052289 0.9681621
1341846662.482229 -0.9608814 -0.1619078 0.9893961 0.1875838 0.1774944 -0.0060560 0.9660597
1341846662.514117 -0.9888843 -0.1651895 1.0028766 0.1973876 0.1827117 -0.0045064 0.9631377
1341846662.546261 -0.9973458 -0.1537203 1.0183889 0.2083720 0.1842136 -0.0031762 0.9605396
1341846662.582101 -0.8573731 -0.1428499 0.9404292 0.2104141 0.1621759 -0.0106904 0.9640076
1341846662.682024 -0.8544357 -0.1328757 0.9441608 0.2242729 0.1618023 -0.0123181 0.9609214
1341846663.518394 -0.7459143 -0.0987155 0.9030465 0.1718636 0.1312827 -0.0061056 0.9763147
1341846663.622145 -0.7451112 -0.0912804 0.9010810 0.1509550 0.1292013 -0.0021051 0.9800588
1341846663.722109 -0.7358388 -0.0904996 0.8971791 0.1263517 0.1264902 0.0002857 0.9838879
1341846663.755694 -0.7326966 -0.0837861 0.8944842 0.1223871 0.1271280 0.0005432 0.9843067
1341846663.786304 -0.7279071 -0.0660975 0.8908479 0.1137930 0.1281497 0.0020604 0.9852028
1341846663.822090 -0.7385603 -0.0686454 0.8966483 0.0934459 0.1306955 0.0033794 0.9870031
1341846663.854115 -0.7343592 -0.0868688 0.8964189 0.0826712 0.1306957 0.0041345 0.9879611
1341846663.890140 -0.7216330 -0.0600081 0.8865048 0.0792635 0.1297449 0.0044110 0.9883644
1341846663.921987 -0.7323240 -0.0354658 0.8815752 0.0605239 0.1330510 0.0059765 0.9892414
1341846663.954282 -0.7336354 -0.0799648 0.8866906 0.0378564 0.1347327 0.0055408 0.9901431
1341846663.990370 -0.7253178 -0.0672666 0.8820142 0.0302173 0.1359142 0.0065308 0.9902381
1341846664.122237 -0.7419210 -0.0831532 0.8883082 -0.0197436 0.1442405 0.0096390 0.9892988
1341846664.590129 -0.7422901 -0.0688705 0.8823882 -0.1320015 0.1525694 0.0183142 0.9792665
1341846666.034210 -0.7867097 -0.0440221 0.8320048 -0.2777876 0.1815824 0.0430680 0.9423413
1341846666.302195 -0.8027425 -0.1063071 0.8442292 -0.3219579 0.1845615 0.0492233 0.9272849
1341846666.470060 -0.8222303 -0.0255534 0.8175452 -0.3355706 0.1819379 0.0608666 0.9222723
1341846666.534121 -0.8115447 -0.0812991 0.8319399 -0.3622120 0.1832499 0.0674265 0.9114141
1341846666.638072 -0.8472625 -0.0174858 0.8069164 -0.3693868 0.1876604 0.0721862 0.9072630
1341846666.838108 -0.8505566 -0.0157217 0.8020722 -0.3806104 0.1773283 0.0836569 0.9037101
1341846666.970036 -0.8481963 -0.0182694 0.7928950 -0.3936868 0.1720210 0.0854218 0.8989564
1341846667.038153 -0.8868262 -0.0136437 0.7926655 -0.3972755 0.1742796 0.0823641 0.8972263
1341846667.106156 -0.8679727 -0.0204738 0.7865470 -0.4122652 0.1700035 0.0810795 0.8913822
1341846667.174105 -0.8512741 -0.0238480 0.7763386 -0.4109180 0.1623282 0.0780853 0.8936995
1341846667.238075 -0.7318888 -0.0007192 0.7491535 -0.4036131 0.1427290 0.0723086 0.9008309
1341846667.306189 -0.6906178 -0.0220678 0.7601466 -0.3930943 0.1386965 0.0608471 0.9069387
1341846667.374345 -0.6508651 -0.0466633 0.7362505 -0.3743398 0.1287662 0.0565044 0.9165676
1341846667.442109 -0.6719500 -0.0976481 0.7579747 -0.3657828 0.1356418 0.0513684 0.9193289
1341846667.506006 -0.6815072 -0.1266066 0.7629392 -0.3460673 0.1381889 0.0431943 0.9269712
1341846667.610099 -0.6769242 -0.1060832 0.7460586 -0.3013737 0.1364114 0.0348170 0.9430555
1341846667.710179 -0.6726079 -0.0700157 0.7268752 -0.2820244 0.1383914 0.0317057 0.9488440
1341846667.810099 -0.6744773 -0.0727657 0.7262411 -0.2661131 0.1422810 0.0288245 0.9529476
1341846667.910558 -0.6466560 -0.0764188 0.7278151 -0.2472850 0.1425588 0.0239469 0.9580989
1341846668.046247 -0.6732509 -0.0967349 0.7553762 -0.2222514 0.1579061 0.0190921 0.9619280
1341846668.178208 -0.4382846 -0.0486444 0.7023156 -0.1772064 0.1230142 0.0204158 0.9762421
1341846668.246163 -0.3296497 -0.0374735 0.6934587 -0.1496278 0.1069666 0.0221316 0.9826902
1341846668.314248 -0.3842573 -0.0721206 0.7070710 -0.1329651 0.1146347 0.0217367 0.9842290
1341846668.445965 -0.4074175 -0.0783967 0.7273738 -0.1058918 0.1217765 0.0260062 0.9865501
1341846668.614140 -0.3740922 -0.0892641 0.7177613 -0.0453023 0.1149300 0.0182477 0.9921723
1341846668.782338 -0.4100322 -0.0799967 0.7160562 -0.0038481 0.1125500 0.0106491 0.9935816
1341846669.250205 -0.4508011 -0.0826814 0.7287019 -0.0646835 0.0874645 -0.0511154 0.9927503
1341846669.486175 -0.4052690 -0.0921480 0.7075461 -0.0921592 0.0663281 -0.1067123 0.9877853
1341846669.686069 -0.4440245 -0.0554301 0.7144808 -0.1205441 0.0811840 -0.1604913 0.9762791
1341846669.954047 -0.4652517 -0.0955975 0.6905633 -0.1684581 0.0949584 -0.2212025 0.9558631
1341846670.222197 -0.4286303 -0.0714412 0.6836546 -0.2019053 0.1160324 -0.2986583 0.9255128
1341846670.464003 -0.4551761 -0.0624711 0.6674293 -0.1942478 0.1632799 -0.3541751 0.9000930
1341846670.596103 -0.4603327 -0.0428669 0.6902211 -0.1825993 0.1885199 -0.3809117 0.8865800
1341846670.696002 -0.3884898 -0.0508767 0.6509967 -0.1650566 0.1884684 -0.3982930 0.8823824
1341846670.764128 -0.3508873 -0.0483339 0.6292928 -0.1519235 0.1939210 -0.4109643 0.8777370
1341846670.796059 -0.3317374 -0.0482659 0.6239015 -0.1448995 0.1981252 -0.4166753 0.8752898
1341846670.863970 -0.2904282 -0.0593072 0.6023000 -0.1309262 0.1968412 -0.4130559 0.8794867
1341846670.896139 -0.2667453 -0.0571332 0.5914961 -0.1224616 0.1993223 -0.4157322 0.8788859
1341846670.932028 -0.2493737 -0.0487536 0.6007477 -0.1092900 0.2044701 -0.4120162 0.8811870
1341846670.964063 -0.2318874 -0.0450187 0.5872992 -0.0960080 0.2014967 -0.4073653 0.8855705
1341846671.000270 -0.2173916 -0.0398256 0.5752125 -0.0865955 0.2012439 -0.4107542 0.8850329
1341846671.064030 -0.1568251 -0.0404197 0.5737410 -0.0656975 0.2027482 -0.4174754 0.8833410
1341846671.101398 -0.1696338 -0.0366867 0.5706097 -0.0587119 0.2053265 -0.4253876 0.8794540
1341846671.132289 -0.1566965 -0.0332228 0.5737419 -0.0463431 0.2067558 -0.4319946 0.8766328
1341846671.168159 -0.1490347 -0.0408712 0.5840772 -0.0350219 0.2041255 -0.4345773 0.8764980
1341846671.200149 -0.1385989 -0.0373535 0.5713817 -0.0214655 0.1970459 -0.4386620 0.8765203
1341846671.232280 -0.1289111 -0.0466994 0.5655228 -0.0127491 0.1948938 -0.4466247 0.8731439
1341846671.268147 -0.1208866 -0.0348081 0.5676150 0.0000156 0.1971725 -0.4494880 0.8712540
1341846671.300337 -0.1088264 -0.0221978 0.5539568 0.0127491 0.1926046 -0.4503850 0.8717192
1341846671.336125 -0.0910397 -0.0274322 0.5432647 0.0194192 0.1861808 -0.4549929 0.8705981
1341846671.368236 -0.0827459 -0.0170182 0.5420418 0.0281185 0.1875241 -0.4578280 0.8685837
1341846671.400327 -0.0779202 -0.0103952 0.5399510 0.0336072 0.1846801 -0.4606187 0.8675219
1341846671.436064 -0.0621047 -0.0025570 0.5289397 0.0411978 0.1796571 -0.4658693 0.8654432
1341846671.468197 -0.0616687 0.0160720 0.5048947 0.0489290 0.1808146 -0.4715529 0.8617134
1341846671.504294 -0.0760922 0.0319406 0.4840502 0.0527519 0.1785380 -0.4785988 0.8580703
1341846671.536197 -0.0611807 0.0394279 0.4809052 0.0596332 0.1689795 -0.4883901 0.8540286
1341846671.568120 -0.0554453 0.0504679 0.4579099 0.0692794 0.1653356 -0.4977838 0.8485728
1341846671.604188 -0.0630857 0.0581667 0.4451357 0.0734254 0.1620983 -0.5044256 0.8449187
1341846671.636057 -0.0439248 0.0587564 0.4435872 0.0833451 0.1493278 -0.5097601 0.8431485
1341846671.672157 -0.0542313 0.0739558 0.4191285 0.0935505 0.1458358 -0.5161759 0.8387746
1341846671.736479 -0.0553568 0.0851188 0.3957615 0.0950274 0.1404387 -0.5257282 0.8335806
1341846671.774745 -0.0616320 0.0885014 0.3920334 0.0968177 0.1380450 -0.5313278 0.8302172
1341846671.804605 -0.0625365 0.0947938 0.3773151 0.0992466 0.1338129 -0.5349200 0.8283144
1341846671.840252 -0.0545978 0.0914928 0.3732751 0.0993595 0.1278087 -0.5389231 0.8266526
1341846671.872106 -0.0543943 0.0980795 0.3676649 0.1023337 0.1265609 -0.5423383 0.8242447
1341846671.904035 -0.0514158 0.1147658 0.3594382 0.1056039 0.1254850 -0.5461745 0.8214589
1341846671.972239 -0.0667892 0.1069448 0.3555549 0.1009955 0.1252434 -0.5557017 0.8156652
1341846672.034218 -0.0651363 0.1058407 0.3507625 0.0998243 0.1201828 -0.5680372 0.8080378
1341846672.066227 -0.0753068 0.0956497 0.3450822 0.0959316 0.1209568 -0.5730879 0.8048210
1341846672.098024 -0.0835972 0.0847056 0.3447930 0.0919962 0.1182317 -0.5767964 0.8030342
1341846672.134061 -0.0843956 0.0838092 0.3510373 0.0915720 0.1161157 -0.5836897 0.7983972
1341846672.166000 -0.0838254 0.0725931 0.3498815 0.0888086 0.1153921 -0.5881377 0.7955450
1341846672.234130 -0.0798081 0.0512044 0.3605942 0.0861092 0.1086214 -0.5935636 0.7927603
1341846672.266403 -0.0668433 0.0542828 0.3623385 0.0906828 0.1059752 -0.5965407 0.7903702
1341846672.302710 -0.0661651 0.0685133 0.3581569 0.0921752 0.1065053 -0.6000718 0.7874479
1341846672.335022 -0.0509625 0.0609112 0.3633039 0.0909512 0.1016093 -0.6011651 0.7874034
1341846672.366487 -0.0598829 0.0587155 0.3535268 0.0898092 0.1029882 -0.6049039 0.7844865
1341846672.402478 -0.0588341 0.0645736 0.3524507 0.0919387 0.1039154 -0.6046502 0.7843131
1341846672.534812 -0.0394319 0.0729920 0.3541728 0.0945181 0.0997699 -0.6007768 0.7875148
1341846672.570153 -0.0403579 0.0724039 0.3522816 0.0913162 0.0990162 -0.6006064 0.7881175
1341846672.608881 -0.0425536 0.0690277 0.3527274 0.0901871 0.0968089 -0.5989124 0.7898090
1341846672.640836 -0.0302350 0.0832183 0.3449449 0.0931901 0.0942338 -0.5958593 0.7920778
1341846672.770288 -0.0212652 0.0867005 0.3601589 0.0972574 0.0831818 -0.5635874 0.8160827
1341846672.803280 -0.0336384 0.0850211 0.3601328 0.0976445 0.0820180 -0.5543348 0.8224667
1341846672.838034 -0.0294034 0.0744991 0.3757316 0.0977236 0.0763686 -0.5433596 0.8302881
1341846673.406266 0.0236818 0.0778252 0.4683502 0.1183315 0.0081531 -0.3755861 0.9191661
1341846673.438267 0.0123022 0.0753863 0.4635969 0.1200793 0.0060602 -0.3637887 0.9236894
1341846673.506260 0.0286775 0.0763814 0.4679388 0.1295659 -0.0040909 -0.3344245 0.9334646
1341846673.710162 -0.0024661 0.0751960 0.4692813 0.1137538 -0.0333808 -0.2646309 0.9570352
1341846673.774298 -0.0132215 0.0715212 0.4759507 0.1054530 -0.0467373 -0.2323871 0.9657596
1341846673.842305 -0.0432012 0.0777294 0.4595916 0.0994917 -0.0549396 -0.2037856 0.9723963
1341846673.874285 -0.0462610 0.0780438 0.4581795 0.0947354 -0.0584673 -0.1931732 0.9748287
1341846673.910253 -0.0536178 0.0800306 0.4589285 0.0893518 -0.0607995 -0.1813042 0.9774705
1341846673.942284 -0.0635163 0.0793484 0.4622647 0.0870564 -0.0636115 -0.1730240 0.9789982
1341846673.978434 -0.0735389 0.0870592 0.4664772 0.0879685 -0.0622310 -0.1670432 0.9800436
1341846674.052060 -0.0826432 0.0805842 0.4815377 0.0893113 -0.0629328 -0.1453349 0.9833314
1341846674.210322 -0.1312119 0.1030929 0.4674878 0.0791980 -0.0525708 -0.1100305 0.9893722
1341846674.246217 -0.1487007 0.0918004 0.4557702 0.0716795 -0.0502962 -0.1015043 0.9909739
1341846674.310117 -0.1595561 0.0858739 0.4641345 0.0721592 -0.0522263 -0.0819315 0.9926493
1341846674.378058 -0.1761037 0.0675042 0.4627784 0.0670722 -0.0487832 -0.0642657 0.9944806
1341846674.446125 -0.2141884 0.0692334 0.4429245 0.0638899 -0.0423536 -0.0522861 0.9956859
1341846674.514124 -0.2587070 0.0585377 0.4219250 0.0615895 -0.0346421 -0.0436688 0.9965439
1341846674.546062 -0.2649550 0.0503076 0.4233496 0.0592780 -0.0346705 -0.0366060 0.9969674
1341846674.682209 -0.2369427 0.0498266 0.4509771 0.0622018 -0.0396653 -0.0091665 0.9972330
1341846674.752271 -0.2158876 0.0535376 0.4517893 0.0642290 -0.0432314 0.0094476 0.9969535
1341846674.814222 -0.1932505 0.0599813 0.4479506 0.0647000 -0.0452036 0.0229181 0.9966170
1341846674.914224 -0.1589383 0.0572558 0.4320583 0.0609303 -0.0498421 0.0439735 0.9959266
1341846674.982342 -0.1221554 0.0511600 0.4305587 0.0537396 -0.0585488 0.0580413 0.9951459
1341846675.014137 -0.1093635 0.0510950 0.4271426 0.0439789 -0.0623346 0.0607167 0.9952355
1341846675.050230 -0.0880414 0.0426368 0.4365459 0.0322865 -0.0676776 0.0668937 0.9949385
1341846675.088201 -0.0649104 0.0434799 0.4394531 0.0262134 -0.0720906 0.0709291 0.9945275
1341846675.150188 -0.0157371 0.0463836 0.4355274 0.0006962 -0.0815993 0.0829911 0.9932037
1341846675.182290 -0.0048721 0.0377897 0.4361067 -0.0157311 -0.0785825 0.0783809 0.9936970
1341846675.218759 0.0204175 0.0289690 0.4347170 -0.0259138 -0.0829046 0.0829058 0.9927648
1341846675.251951 0.0476073 0.0329145 0.4433783 -0.0324749 -0.0877721 0.0851982 0.9919590
1341846675.282406 0.0716042 0.0390070 0.4417048 -0.0343856 -0.0898591 0.0891768 0.9913579
1341846675.318078 0.1006040 0.0553208 0.4437961 -0.0368098 -0.0921900 0.0909881 0.9908921
1341846675.350149 0.1246434 0.0664265 0.4439117 -0.0441590 -0.0940210 0.0921583 0.9903115
1341846675.382271 0.1521840 0.0790443 0.4589267 -0.0533459 -0.0957076 0.0924665 0.9896688
1341846675.450238 0.1974292 0.0877060 0.4693207 -0.0588774 -0.0949928 0.1059226 0.9880740
1341846675.486165 0.2326761 0.0974668 0.4905615 -0.0494450 -0.0986611 0.1158547 0.9871165
1341846675.550092 0.2801645 0.0986603 0.5105629 -0.0352290 -0.1042880 0.1283183 0.9856051
1341846675.618075 0.3250744 0.0991931 0.5318258 -0.0277202 -0.1069408 0.1323269 0.9850304
1341846675.650024 0.3391102 0.0950043 0.5428770 -0.0242802 -0.1082167 0.1329957 0.9848918
1341846675.686118 0.3539728 0.0901312 0.5522242 -0.0226227 -0.1112373 0.1324519 0.9846680
1341846675.718055 0.3676127 0.0918001 0.5654454 -0.0173855 -0.1098940 0.1298685 0.9852691
1341846675.754170 0.3892166 0.0929223 0.5827925 -0.0109075 -0.1116030 0.1274379 0.9854874
1341846675.786330 0.4105220 0.0860584 0.5900366 -0.0086535 -0.1137292 0.1290858 0.9850521
1341846675.818106 0.4313808 0.0891567 0.6007288 -0.0045765 -0.1122101 0.1256389 0.9856992
1341846675.854095 0.4602182 0.0873572 0.6064827 -0.0014323 -0.1148114 0.1240632 0.9856088
1341846675.886163 0.4801366 0.0891567 0.6183923 0.0054304 -0.1187192 0.1238786 0.9851550
1341846675.922346 0.5089309 0.0882412 0.6209425 0.0148709 -0.1218573 0.1245315 0.9845921
1341846675.961651 0.5393273 0.0875250 0.6368621 0.0244886 -0.1267342 0.1217289 0.9841346
1341846676.028080 0.5823306 0.0926562 0.6476227 0.0476034 -0.1359107 0.1203507 0.9822311
1341846676.122163 0.6233833 0.0823599 0.6462763 0.0539702 -0.1455254 0.1147401 0.9811953
1341846676.154447 0.6631933 0.0770256 0.6539907 0.0502473 -0.1516312 0.1144320 0.9805042
1341846676.190230 0.7105678 0.0738488 0.6628224 0.0484017 -0.1618619 0.1133940 0.9790811
1341846676.222476 0.7418609 0.0660157 0.6532713 0.0393325 -0.1627956 0.1129180 0.9793876
1341846676.257017 0.7855363 0.0954542 0.6628750 0.0364119 -0.1692480 0.1101998 0.9787162
1341846676.290401 0.8265432 0.1020399 0.6723035 0.0351840 -0.1759378 0.1094845 0.9776611
1341846676.322689 0.8611901 0.1073899 0.6735839 0.0332357 -0.1770489 0.1077973 0.9777161
1341846676.360815 0.9092550 0.1129908 0.6737133 0.0215631 -0.1805882 0.1042804 0.9777774
1341846676.390851 0.9229813 0.1320827 0.7160699 0.0166654 -0.1827251 0.1052553 0.9773716
1341846676.424250 0.9681361 0.1354374 0.7382103 0.0184050 -0.1865242 0.1050664 0.9766427
1341846676.459033 1.0164135 0.1399469 0.7478291 0.0154500 -0.1878241 0.1069322 0.9762422
1341846676.490669 1.0605197 0.1470169 0.7653425 0.0104955 -0.1914432 0.1068876 0.9756098
1341846676.532743 1.1000170 0.1479133 0.7846714 0.0088930 -0.1926223 0.1068106 0.9754020
1341846676.564052 1.1432983 0.1572874 0.8055970 0.0073423 -0.1956436 0.1083958 0.9746384
1341846676.596566 1.1711473 0.1569642 0.8317324 0.0031630 -0.1981681 0.1056915 0.9744479
1341846676.632057 1.2164501 0.1593486 0.8450055 0.0022079 -0.2017200 0.1029453 0.9740157
1341846676.690079 1.2002339 0.1748104 0.8352294 0.0050667 -0.1938963 0.0981627 0.9760854
1341846676.726102 1.2106975 0.1716364 0.8395839 0.0053162 -0.1913704 0.0942146 0.9769712
1341846676.758419 1.2063155 0.1717758 0.8378968 0.0081954 -0.1864182 0.0947552 0.9778561
1341846676.790227 1.2136313 0.1733257 0.8336833 0.0092748 -0.1863023 0.0945059 0.9778927
1341846676.826179 1.2123230 0.1719195 0.8268811 0.0099382 -0.1798524 0.0925632 0.9792785
1341846676.858331 1.2067877 0.1723360 0.8307225 0.0113305 -0.1757590 0.0947410 0.9797982
1341846676.894086 1.2119975 0.1775259 0.8251883 0.0120879 -0.1775748 0.0962777 0.9793119
1341846676.926062 1.2246341 0.1721874 0.8215145 0.0106001 -0.1780973 0.0933230 0.9795202
1341846676.958080 1.2155342 0.1736094 0.8254303 0.0114015 -0.1749709 0.0936384 0.9800444
1341846676.994140 1.2047201 0.1737444 0.8258874 0.0127475 -0.1750085 0.0951475 0.9798757
1341846677.026242 1.2084748 0.1727683 0.8205266 0.0126751 -0.1755891 0.0941431 0.9798698
1341846677.094244 1.2032871 0.1764940 0.8221297 0.0116559 -0.1750733 0.0936985 0.9800174
1341846677.126108 1.2088891 0.1744800 0.8213788 0.0133272 -0.1771014 0.0948239 0.9795233
1341846677.162066 1.2233760 0.1694663 0.8140131 0.0137126 -0.1778247 0.0951717 0.9793532
1341846677.194068 1.2125795 0.1739015 0.8132029 0.0133944 -0.1770564 0.0953748 0.9794771
1341846677.226206 1.2117511 0.1688462 0.8145893 0.0127225 -0.1762959 0.0941451 0.9797421
1341846677.262033 1.2055660 0.1755881 0.8126597 0.0171393 -0.1723295 0.0952635 0.9802722
1341846677.294125 1.2084548 0.1733517 0.8099445 0.0169075 -0.1738734 0.0967997 0.9798531
1341846677.326503 1.2099878 0.1734959 0.8075727 0.0151933 -0.1728372 0.0952066 0.9802204
1341846677.362194 1.2012439 0.1711459 0.8099337 0.0161293 -0.1685264 0.0946009 0.9810145
1341846677.394280 1.2036401 0.1748048 0.8082623 0.0178607 -0.1688025 0.0958647 0.9808143
1341846677.430058 1.2019008 0.1699432 0.8033709 0.0173981 -0.1662586 0.0944876 0.9813906
1341846677.468326 1.2032113 0.1727629 0.8073462 0.0192758 -0.1637473 0.0944480 0.9817815
1341846677.530161 1.2073835 0.1761313 0.8020847 0.0245294 -0.1608047 0.0933561 0.9822550
1341846677.562051 1.2012335 0.1745364 0.8026766 0.0256864 -0.1566850 0.0927795 0.9829456
1341846677.594105 1.1963903 0.1746812 0.8046152 0.0263298 -0.1553991 0.0921709 0.9831899
1341846677.630227 1.1990621 0.1767731 0.8034591 0.0275328 -0.1545870 0.0913510 0.9833615
1341846677.662033 1.1951301 0.1750081 0.7984381 0.0280033 -0.1523249 0.0916291 0.9836753
1341846677.730320 1.1929007 0.1732848 0.8011594 0.0270530 -0.1517791 0.0910417 0.9838408
1341846677.763691 1.1902026 0.1689101 0.7990134 0.0280161 -0.1504082 0.0919360 0.9839412
1341846677.798630 1.1799543 0.1856036 0.7901420 0.0308864 -0.1503880 0.0916299 0.9838869
1341846677.830104 1.1823651 0.1773491 0.7947388 0.0296156 -0.1499417 0.0893528 0.9842035
1341846677.862185 1.1940675 0.1762865 0.7991862 0.0326825 -0.1495957 0.0897883 0.9841195
1341846677.898344 1.1894671 0.1825033 0.7996125 0.0368208 -0.1492832 0.0908991 0.9839188
1341846677.930181 1.1974037 0.1805419 0.7990190 0.0386656 -0.1495341 0.0898883 0.9839028
1341846677.966256 1.1962639 0.1788609 0.8005043 0.0422368 -0.1471012 0.0890180 0.9842018
1341846677.998516 1.1889951 0.1679744 0.7942801 0.0447532 -0.1464524 0.0923382 0.9838814
1341846678.030368 1.1952884 0.1676159 0.7955271 0.0476920 -0.1494551 0.0927216 0.9832555
1341846678.066187 1.2019147 0.1728827 0.7944474 0.0507387 -0.1484970 0.0918932 0.9833260
1341846678.134082 1.2038549 0.1704724 0.7961690 0.0539772 -0.1523011 0.0938185 0.9823894
1341846678.166092 1.1971397 0.1735510 0.7851665 0.0561189 -0.1490856 0.0927152 0.9828672
