1341846313.592026 0.0000000 0.0000000 0.0000000 -0.0000000 -0.0000000 -0.0000000 1.0000000
1341846313.922055 0.0737148 0.0137802 -0.0022707 -0.0005557 -0.0051186 0.0053791 0.9999723
1341846313.957927 0.1034448 0.0132644 0.0130702 -0.0025156 -0.0036990 0.0062430 0.9999705
1341846314.190094 0.1471919 0.0213274 0.0113768 -0.0117828 0.0224968 0.0174429 0.9995253
1341846315.161941 0.3375528 0.0505338 -0.0002616 -0.0074691 0.0874182 0.0309267 0.9956635
1341846315.329931 0.3621571 0.0135514 0.0282939 -0.0234510 0.0757109 0.0285501 0.9964451
1341846315.698114 0.4160482 0.0442485 -0.0102207 -0.0161572 0.0912351 0.0430866 0.9947656
1341846316.034204 0.3683256 0.0122684 0.0182760 -0.0078320 0.1015856 0.0369009 0.9941114
1341846316.502034 0.2572179 0.0101520 0.0161504 0.0100728 0.0909100 0.0341772 0.9952216
1341846316.669925 0.2188026 -0.0095332 0.0166101 0.0126077 0.0860855 0.0288747 0.9957895
1341846317.137887 0.0955325 -0.0197186 -0.0027703 0.0269578 0.0610505 0.0382740 0.9970363
1341846317.348137 0.0689498 -0.0195694 0.0241056 0.0325194 0.0417127 0.0491282 0.9973911
1341846317.474010 0.0324972 -0.0309604 0.0188010 0.0416491 0.0431060 0.0588938 0.9964631
1341846317.677993 -0.0285682 -0.0282827 0.0236104 0.0499472 0.0389087 0.0675098 0.9957077
1341846317.878017 -0.0790396 -0.0133131 0.0341868 0.0488343 0.0319789 0.0582635 0.9965932
1341846318.782036 -0.3310119 -0.0401066 0.0231506 0.0724702 -0.0247918 0.0375614 0.9963546
1341846318.883516 -0.3730446 -0.0509703 0.0116950 0.0748741 -0.0426949 0.0318170 0.9957705
1341846318.918047 -0.3737342 -0.0451505 0.0176402 0.0788349 -0.0568952 0.0311993 0.9947737
1341846319.018123 -0.4094895 -0.0496066 0.0150354 0.0815907 -0.0737276 0.0252267 0.9936150
1341846319.050745 -0.4066301 -0.0575986 0.0251981 0.0825368 -0.0816554 0.0244624 0.9929359
1341846319.081905 -0.4102499 -0.0516507 0.0169654 0.0888939 -0.0815038 0.0217139 0.9924634
1341846319.150093 -0.4409833 -0.0534575 0.0074020 0.0927850 -0.0847079 0.0347302 0.9914683
1341846319.218149 -0.4336030 -0.0126230 0.0085298 0.0937964 -0.0814857 0.0318801 0.9917389
1341846319.350268 -0.4758557 -0.0394868 0.0124583 0.0853235 -0.0707325 0.0459898 0.9927748
1341846319.386163 -0.4943796 -0.0430916 0.0128662 0.0868185 -0.0748010 0.0542959 0.9919271
1341846319.418386 -0.4957359 -0.0386494 0.0073267 0.0885408 -0.0807203 0.0544014 0.9913049
1341846319.453961 -0.4963544 -0.0377149 0.0113360 0.0889952 -0.0829744 0.0508279 0.9912677
1341846319.486271 -0.5140815 -0.0350435 0.0040883 0.0881989 -0.0825103 0.0495870 0.9914405
1341846320.190003 -0.5639586 -0.0458368 0.0268924 0.0779280 -0.1282843 0.0495835 0.9874269
1341846320.426544 -0.4674657 -0.0449639 0.0659456 0.1112248 -0.1166050 0.0516976 0.9855758
1341846320.458122 -0.4688818 -0.0455172 0.0546687 0.1121585 -0.1080867 0.0490665 0.9865750
1341846320.490186 -0.4483452 -0.0578043 0.0498807 0.1148568 -0.1007892 0.0491125 0.9870347
1341846320.525911 -0.4430819 -0.0552487 0.0364794 0.1187456 -0.0925158 0.0467090 0.9875012
1341846320.731822 -0.3531969 -0.0458099 0.0295152 0.1262423 -0.0638696 0.0347160 0.9893323
1341846320.763877 -0.3584432 -0.0185332 0.0191097 0.1250703 -0.0622382 0.0359721 0.9895402
1341846320.831871 -0.2758088 -0.0571686 0.0100059 0.1170380 -0.0555604 0.0275164 0.9911903
1341846322.433955 -0.0213672 -0.1622135 0.0666071 0.0557779 0.0252692 -0.0013084 0.9981225
1341846322.534002 -0.0036235 -0.2028025 0.0661889 0.0794215 0.0163027 0.0074739 0.9966798
1341846322.838063 0.0015816 -0.2990945 0.0731101 0.1144389 0.0077182 0.0181383 0.9932348
1341846323.342027 0.0517082 -0.3857444 0.1025565 0.0894604 -0.0006717 0.0184855 0.9958186
1341846323.441956 0.0274332 -0.4165378 0.0992907 0.0907993 -0.0042310 0.0268595 0.9954980
1341846323.609927 0.0446462 -0.4406717 0.0900174 0.0958278 0.0069984 0.0122279 0.9952982
1341846323.742111 0.0260543 -0.4979750 0.0864520 0.0998017 0.0045537 0.0194032 0.9948077
1341846323.909826 0.0294403 -0.5293950 0.0759592 0.1101389 -0.0011058 -0.0002692 0.9939156
1341846324.388001 0.0319757 -0.4323512 0.0772018 0.1064758 -0.0002320 -0.0160560 0.9941856
1341846324.755922 -0.0059180 -0.3045699 0.0981040 0.0869744 -0.0140290 -0.0051419 0.9960985
1341846326.658442 -0.0240983 0.2210485 0.2129978 0.1126163 0.0256431 0.0760277 0.9903938
1341846326.726206 -0.0290435 0.2542867 0.2214044 0.1036050 0.0300577 0.0740988 0.9913990
1341846326.826821 -0.0288805 0.3128194 0.2241943 0.0835243 0.0384467 0.0677227 0.9934582
1341846326.958888 -0.0345435 0.3203299 0.2355042 0.0756302 0.0337398 0.0727365 0.9939070
1341846327.063945 -0.0271726 0.3544929 0.2401862 0.0714616 0.0375351 0.0710264 0.9942030
1341846327.193867 -0.0247864 0.3952097 0.2543401 0.0682941 0.0402729 0.0645850 0.9947577
1341846327.262014 -0.0085866 0.4241349 0.2686089 0.0694502 0.0471409 0.0605909 0.9946272
1341846327.294023 -0.0252919 0.4243954 0.2640975 0.0720384 0.0626061 0.0549817 0.9939155
1341846327.330015 -0.0186376 0.4497469 0.2376237 0.0749640 0.0707749 0.0516392 0.9933302
1341846327.361939 -0.0176293 0.4676600 0.2623688 0.0725717 0.0763691 0.0451050 0.9934116
1341846327.429966 -0.0352964 0.5058609 0.2706730 0.0700018 0.0802880 0.0370524 0.9936200
1341846327.461965 -0.0397756 0.5219132 0.2752672 0.0615696 0.0756716 0.0371197 0.9945377
1341846327.561895 -0.0349924 0.5490892 0.2914827 0.0547042 0.0712698 0.0451152 0.9949335
1341846327.697919 -0.0406952 0.5896624 0.2928805 0.0591940 0.0589218 0.0462987 0.9954299
1341846327.865944 -0.0381910 0.6609049 0.3000411 0.0362422 0.0568122 0.0511661 0.9964140
1341846328.302051 -0.0505033 0.6296157 0.2921970 0.0112904 0.0502496 0.0457772 0.9976231
1341846328.570125 -0.0346748 0.4535625 0.2701248 0.0370385 0.0538640 0.0311094 0.9973761
1341846332.522130 -0.0161894 -0.0419826 0.4248400 0.0605768 0.0192429 0.0210548 0.9977559
1341846332.857898 0.0200240 -0.0226416 0.5156747 0.0487141 0.0111621 0.0360736 0.9980987
1341846333.262056 0.0585651 0.0224819 0.5999431 0.0302309 0.0261432 0.0350699 0.9985853
1341846333.494040 0.0685695 0.0207964 0.6208093 0.0175060 0.0220785 0.0283199 0.9992017
1341846333.997985 0.0575571 0.0140218 0.5799751 0.0287946 0.0286941 0.0256301 0.9988447
1341846334.702085 -0.0163595 0.0090437 0.4257565 0.0253358 0.0165269 0.0130405 0.9994573
1341846336.377975 -0.1198718 0.0242336 -0.0629776 0.0456653 -0.0047327 0.0165415 0.9988086
1341846336.446041 -0.1277002 0.0314203 -0.0819678 0.0464261 -0.0042755 0.0166552 0.9987738
1341846336.477990 -0.1267639 0.0308624 -0.0860626 0.0453016 -0.0045131 0.0163591 0.9988292
1341846336.510056 -0.1275683 0.0277951 -0.0874342 0.0454131 -0.0039605 0.0172350 0.9988118
1341846336.645982 -0.1368930 0.0431970 -0.1144855 0.0452022 -0.0019851 0.0189177 0.9987968
1341846336.678036 -0.1437315 0.0374733 -0.1202713 0.0430137 -0.0036634 0.0195172 0.9988771
1341846336.714024 -0.1436180 0.0303088 -0.1225762 0.0441383 -0.0059905 0.0193365 0.9988204
1341846336.746016 -0.1491496 0.0253890 -0.1316587 0.0476996 -0.0078466 0.0217050 0.9985951
1341846336.820006 -0.1536548 0.0386428 -0.1479262 0.0517051 -0.0158228 0.0268542 0.9981759
1341846336.882056 -0.1593371 0.0368861 -0.1593719 0.0544463 -0.0177088 0.0252931 0.9980392
1341846336.945998 -0.1641034 0.0234740 -0.1699435 0.0625049 -0.0282808 0.0286117 0.9972335
1341846336.981980 -0.1673809 0.0479385 -0.1813353 0.0672259 -0.0324325 0.0274443 0.9968328
1341846337.046017 -0.1619992 0.0463921 -0.1806951 0.0615151 -0.0369079 0.0204968 0.9972129
1341846337.150037 -0.1678592 0.0486868 -0.1908425 0.0573823 -0.0413166 0.0158605 0.9973709
1341846337.382159 -0.1702165 0.0496916 -0.2068331 0.0482218 -0.0459733 0.0133690 0.9976885
1341846337.417941 -0.1752896 0.0422899 -0.2099670 0.0486430 -0.0450324 0.0139617 0.9977029
1341846337.450137 -0.1776456 0.0506249 -0.2235145 0.0495897 -0.0467333 0.0149247 0.9975641
1341846337.650141 -0.1715941 0.0480041 -0.2250056 0.0502652 -0.0498517 0.0129574 0.9974068
1341846337.749920 -0.1652138 0.0547882 -0.2166296 0.0465596 -0.0474482 0.0124004 0.9977109
1341846337.786157 -0.1657650 0.0606915 -0.2124529 0.0435805 -0.0446494 0.0127602 0.9979702
1341846337.817945 -0.1610487 0.0547275 -0.2048085 0.0409892 -0.0428477 0.0144047 0.9981365
1341846337.854071 -0.1614572 0.0595424 -0.2035117 0.0399080 -0.0391837 0.0132679 0.9983466
1341846337.885951 -0.1658478 0.0666485 -0.2006634 0.0371038 -0.0364458 0.0115545 0.9985797
1341846337.918223 -0.1618866 0.0646866 -0.1937381 0.0326585 -0.0353956 0.0090967 0.9987983
1341846337.954120 -0.1604431 0.0620640 -0.1858969 0.0300644 -0.0340676 0.0089733 0.9989269
1341846337.985994 -0.1580876 0.0733127 -0.1794509 0.0279047 -0.0333520 0.0092204 0.9990115
1341846338.018107 -0.1585349 0.0683725 -0.1695711 0.0241900 -0.0313871 0.0099607 0.9991649
1341846338.054055 -0.1554943 0.0710019 -0.1692536 0.0216923 -0.0299824 0.0089313 0.9992751
1341846338.085986 -0.1475818 0.0686920 -0.1586788 0.0178815 -0.0273039 0.0092549 0.9994244
1341846338.121875 -0.1497846 0.0643964 -0.1473622 0.0157219 -0.0248831 0.0111197 0.9995049
1341846338.154089 -0.1517492 0.0658279 -0.1399934 0.0150426 -0.0242221 0.0145392 0.9994877
1341846338.186029 -0.1472462 0.0668299 -0.1335230 0.0139007 -0.0249407 0.0168590 0.9994501
1341846338.222071 -0.1400123 0.0693891 -0.1262296 0.0126093 -0.0241515 0.0161961 0.9994976
1341846338.290130 -0.1405456 0.0643005 -0.1042960 0.0111799 -0.0221811 0.0187452 0.9995157
1341846338.389969 -0.1354786 0.0756012 -0.0787747 0.0107797 -0.0200356 0.0211226 0.9995180
1341846338.622019 -0.1173662 0.0730908 -0.0048650 0.0045874 -0.0203166 0.0207162 0.9995685
1341846338.826048 -0.1028612 0.0786740 0.0526031 0.0007632 -0.0219879 0.0228135 0.9994977
1341846338.958108 -0.0965642 0.0816046 0.0921089 -0.0022777 -0.0187673 0.0193558 0.9996339
1341846339.126562 -0.0860849 0.0975837 0.1409740 -0.0001011 -0.0171849 0.0201863 0.9996485
1341846339.326577 -0.0778263 0.1170768 0.1975871 -0.0138919 -0.0143872 0.0260492 0.9994606
1341846339.664568 -0.0284560 0.1069079 0.2964504 -0.0156580 -0.0038809 0.0190936 0.9996876
1341846341.102028 0.0716583 0.0893741 0.4217413 0.0037564 -0.0078160 0.0200772 0.9997608
1341846342.347894 0.0743718 0.0672816 0.3567986 0.0426931 -0.0213588 0.0431147 0.9979290
